Type,Local Number,Message,Field 1,Value 1,Units 1,Field 2,Value 2,Units 2,Field 3,Value 3,Units 3,Field 4,Value 4,Units 4,Field 5,Value 5,Units 5,Field 6,Value 6,Units 6,Field 7,Value 7,Units 7,Field 8,Value 8,Units 8,Field 9,Value 9,Units 9,Field 10,Value 10,Units 10,Field 11,Value 11,Units 11,Field 12,Value 12,Units 12,Field 13,Value 13,Units 13,Field 14,Value 14,Units 14,Field 15,Value 15,Units 15,Field 16,Value 16,Units 16,Field 17,Value 17,Units 17,Field 18,Value 18,Units 18,Field 19,Value 19,Units 19,Field 20,Value 20,Units 20,Field 21,Value 21,Units 21,Field 22,Value 22,Units 22,Field 23,Value 23,Units 23,Field 24,Value 24,Units 24,Field 25,Value 25,Units 25,Field 26,Value 26,Units 26,Field 27,Value 27,Units 27,Field 28,Value 28,Units 28,Field 29,Value 29,Units 29,Field 30,Value 30,Units 30,Field 31,Value 31,Units 31,Field 32,Value 32,Units 32,Field 33,Value 33,Units 33,Field 34,Value 34,Units 34,Field 35,Value 35,Units 35,Field 36,Value 36,Units 36,Field 37,Value 37,Units 37,Field 38,Value 38,Units 38,Field 39,Value 39,Units 39,Field 40,Value 40,Units 40,Field 41,Value 41,Units 41,Field 42,Value 42,Units 42,Field 43,Value 43,Units 43,Field 44,Value 44,Units 44,Field 45,Value 45,Units 45,Field 46,Value 46,Units 46,Field 47,Value 47,Units 47,Field 48,Value 48,Units 48,Field 49,Value 49,Units 49,Field 50,Value 50,Units 50,Field 51,Value 51,Units 51,Field 52,Value 52,Units 52,Field 53,Value 53,Units 53,Field 54,Value 54,Units 54,Field 55,Value 55,Units 55,Field 56,Value 56,Units 56,Field 57,Value 57,Units 57,Field 58,Value 58,Units 58,Field 59,Value 59,Units 59,Field 60,Value 60,Units 60,Field 61,Value 61,Units 61,Field 62,Value 62,Units 62,Field 63,Value 63,Units 63,Field 64,Value 64,Units 64,Field 65,Value 65,Units 65,Field 66,Value 66,Units 66,Field 67,Value 67,Units 67,Field 68,Value 68,Units 68,Field 69,Value 69,Units 69,Field 70,Value 70,Units 70,Field 71,Value 71,Units 71,Field 72,Value 72,Units 72,Field 73,Value 73,Units 73,Field 74,Value 74,Units 74,Field 75,Value 75,Units 75,
Definition,0,file_id,serial_number,1,,time_created,1,,unknown,1,,manufacturer,1,,product,1,,number,1,,type,1,,
Data,0,file_id,serial_number,"3990288872",,time_created,"944854563",,unknown,"4294967295",,manufacturer,"1",,garmin_product,"2988",,number,"65535",,type,"4",,
Definition,1,file_creator,unknown,20,,software_version,1,,hardware_version,1,,,,,,,,,,,,,,
Data,1,file_creator,software_version,"540",,hardware_version,"255",,,,,,,,,,,,,,,,,
Definition,2,event,timestamp,1,,data,1,,event,1,,event_type,1,,event_group,1,,unknown,1,,unknown,1,,
Data,2,event,timestamp,"944854563",s,timer_trigger,"0",,event,"0",,event_type,"0",,event_group,"0",,unknown,"255",,unknown,"255",,
Definition,3,device_info,timestamp,1,,serial_number,1,,cum_operating_time,1,,unknown,1,,unknown,1,,unknown,1,,unknown,32,,unknown,1,,unknown,1,,manufacturer,1,,product,1,,software_version,1,,battery_voltage,1,,unknown,1,,ant_device_number,1,,device_index,1,,device_type,1,,hardware_version,1,,unknown,1,,battery_status,1,,ant_transmission_type,1,,ant_network,1,,unknown,1,,source_type,1,,unknown,6,,unknown,1,,
Data,3,device_info,timestamp,"944854563",s,serial_number,"3990288872",,cum_operating_time,"4294967295",s,unknown,"4294967295",,unknown,"4294967295",,unknown,"4294967295",,unknown,"0",,unknown,"4294967295",,manufacturer,"1",,garmin_product,"2988",,software_version,"5.4",,battery_voltage,"65535",V,unknown,"65535",,ant_device_number,"0",,device_index,"0",,device_type,"255",,hardware_version,"255",,unknown,"255",,battery_status,"255",,ant_transmission_type,"0",,ant_network,"255",,unknown,"255",,source_type,"5",,unknown,"255|255|255|255|255|255",,unknown,"255",,,,,
Data,3,device_info,timestamp,"944854563",s,serial_number,"0",,cum_operating_time,"4294967295",s,unknown,"4294967295",,unknown,"4294967295",,unknown,"4294967295",,unknown,"0",,unknown,"4294967295",,manufacturer,"1",,garmin_product,"2988",,software_version,"5.4",,battery_voltage,"65535",V,unknown,"65535",,ant_device_number,"0",,device_index,"1",,device_type,"4",,hardware_version,"255",,unknown,"255",,battery_status,"255",,ant_transmission_type,"0",,ant_network,"255",,unknown,"255",,source_type,"5",,unknown,"255|255|255|255|255|255",,unknown,"255",,,,,
Data,3,device_info,timestamp,"944854563",s,serial_number,"0",,cum_operating_time,"4294967295",s,unknown,"4294967295",,unknown,"4294967295",,unknown,"4294967295",,unknown,"0",,unknown,"4294967295",,manufacturer,"1",,garmin_product,"2957",,software_version,"2.5",,battery_voltage,"65535",V,unknown,"65535",,ant_device_number,"0",,device_index,"2",,device_type,"0",,hardware_version,"255",,unknown,"255",,battery_status,"255",,ant_transmission_type,"0",,ant_network,"255",,unknown,"255",,source_type,"5",,unknown,"255|255|255|255|255|255",,unknown,"255",,,,,
Data,3,device_info,timestamp,"944854563",s,serial_number,"0",,cum_operating_time,"4294967295",s,unknown,"4294967295",,unknown,"4294967295",,unknown,"4294967295",,unknown,"0",,unknown,"4294967295",,manufacturer,"65517",,product,"65535",,software_version,"0.0",,battery_voltage,"65535",V,unknown,"65535",,ant_device_number,"0",,device_index,"3",,device_type,"3",,hardware_version,"255",,unknown,"255",,battery_status,"255",,ant_transmission_type,"0",,ant_network,"255",,unknown,"255",,source_type,"5",,unknown,"255|255|255|255|255|255",,unknown,"255",,,,,
Data,3,device_info,timestamp,"944854563",s,serial_number,"0",,cum_operating_time,"4294967295",s,unknown,"4294967295",,unknown,"4294967295",,unknown,"4294967295",,unknown,"0",,unknown,"4294967295",,manufacturer,"65535",,product,"65535",,software_version,"3.31",,battery_voltage,"65535",V,unknown,"65535",,ant_device_number,"0",,device_index,"4",,device_type,"10",,hardware_version,"255",,unknown,"255",,battery_status,"255",,ant_transmission_type,"0",,ant_network,"255",,unknown,"255",,source_type,"5",,unknown,"255|255|255|255|255|255",,unknown,"255",,,,,
Data,3,device_info,timestamp,"944854563",s,serial_number,"0",,cum_operating_time,"4294967295",s,unknown,"4294967295",,unknown,"4294967295",,unknown,"4294967295",,unknown,"0",,unknown,"4294967295",,manufacturer,"1",,garmin_product,"2989",,software_version,"3.1",,battery_voltage,"65535",V,unknown,"65535",,ant_device_number,"0",,device_index,"5",,device_type,"12",,hardware_version,"255",,unknown,"255",,battery_status,"255",,ant_transmission_type,"0",,ant_network,"255",,unknown,"255",,source_type,"5",,unknown,"255|255|255|255|255|255",,unknown,"255",,,,,
Definition,4,unknown,unknown,1,,unknown,1,,unknown,1,,unknown,1,,unknown,1,,unknown,1,,unknown,1,,unknown,1,,,,,,,,,,,,,,,,,,,,,,,,,,,,,,,,,,,,,,,,,,,,,,,,,,,,,,,,
Data,4,unknown,unknown,"944854563",,unknown,"2",,unknown,"2",,unknown,"3",,unknown,"1",,unknown,"4",,unknown,"3",,unknown,"255",,,,,,,,,,,,,,,,,,,,,,,,,,,,,,,,,,,,,,,,,,,,,,,,,,,,,,,,
Definition,5,unknown,unknown,1,,unknown,1,,unknown,1,,unknown,1,,unknown,1,,unknown,1,,unknown,1,,,,,,,,,,,,,,,,,,,,,,,,,,,,,,,,,,,,,,,,,,,,,,,,,,,,,,,,,,,
Data,5,unknown,unknown,"944854563",,unknown,"944740782",,unknown,"945064782",,unknown,"4294967295",,unknown,"2147483647",,unknown,"2147483647",,unknown,"1",,,,,,,,,,,,,,,,,,,,,,,,,,,,,,,,,,,,,,,,,,,,,,,,,,,,,,,,,,,
Definition,6,device_settings,utc_offset,1,,time_offset,1,,auto_activity_detect,1,,unknown,8,,unknown,1,,autosync_min_steps,1,,autosync_min_time,1,,active_time_zone,1,,unknown,1,,time_mode,1,,time_zone_offset,1,,unknown,1,,unknown,1,,backlight_mode,1,,unknown,1,,unknown,1,,unknown,1,,unknown,1,,unknown,1,,activity_tracker_enabled,1,,unknown,1,,unknown,1,,unknown,1,,move_alert_enabled,1,,date_mode,1,,unknown,1,,display_orientation,1,,mounting_side,1,,unknown,1,,unknown,1,,unknown,1,,unknown,1,,unknown,1,,unknown,1,,unknown,1,,unknown,1,,unknown,1,,unknown,1,,unknown,1,,ble_auto_upload_enabled,1,,unknown,1,,unknown,1,,number_of_screens,1,,unknown,1,,unknown,1,,unknown,1,,unknown,1,,unknown,1,,unknown,1,,unknown,1,,unknown,1,,unknown,1,,unknown,1,,unknown,1,,
Data,6,device_settings,utc_offset,"0",,time_offset,"4294938496",s,auto_activity_detect,"31",,unknown,"0|11|15|12|8|2|3|1",,unknown,"0",,autosync_min_steps,"2000",steps,autosync_min_time,"240",minutes,active_time_zone,"0",,unknown,"2",,time_mode,"1",,time_zone_offset,"0.0",hr,unknown,"2",,unknown,"2",,backlight_mode,"3",,unknown,"30",,unknown,"50",,unknown,"1",,unknown,"253",,unknown,"1",,activity_tracker_enabled,"1",,unknown,"255",,unknown,"0",,unknown,"1",,move_alert_enabled,"0",,date_mode,"1",,unknown,"0",,display_orientation,"2",,mounting_side,"1",,unknown,"1",,unknown,"0",,unknown,"1",,unknown,"2",,unknown,"2",,unknown,"3",,unknown,"2",,unknown,"1",,unknown,"1",,unknown,"1",,unknown,"0",,ble_auto_upload_enabled,"1",,unknown,"1",,unknown,"0",,number_of_screens,"5",,unknown,"1",,unknown,"0",,unknown,"0",,unknown,"255",,unknown,"0",,unknown,"100",,unknown,"0",,unknown,"1",,unknown,"255",,unknown,"255",,unknown,"0",,
Definition,7,user_profile,wake_time,1,,sleep_time,1,,unknown,1,,weight,1,,user_running_step_length,1,,user_walking_step_length,1,,unknown,1,,gender,1,,height,1,,language,1,,elev_setting,1,,weight_setting,1,,resting_heart_rate,1,,hr_setting,1,,speed_setting,1,,dist_setting,1,,activity_class,1,,position_setting,1,,temperature_setting,1,,unknown,1,,height_setting,1,,unknown,1,,unknown,1,,unknown,1,,,,,,,,,,,,,,,,,,,,,,,,,,,,,,,,,,,,,,,,,,,,,,,,,,,,,,,,,,,,,,,,,,,,,,,,,,,,,,,,,,,,,,,,,,,,
Data,7,user_profile,wake_time,"25200",,sleep_time,"79200",,unknown,"1.4E-44",,weight,"80.3",kg,user_running_step_length,"65535",m,user_walking_step_length,"65535",m,unknown,"0",,gender,"1",,height,"1.78",m,language,"0",,elev_setting,"1",,weight_setting,"1",,resting_heart_rate,"81",bpm,hr_setting,"1",,speed_setting,"1",,dist_setting,"1",,activity_class,"50",,position_setting,"2",,temperature_setting,"1",,unknown,"66",,height_setting,"1",,unknown,"0",,unknown,"0",,unknown,"0",,,,,,,,,,,,,,,,,,,,,,,,,,,,,,,,,,,,,,,,,,,,,,,,,,,,,,,,,,,,,,,,,,,,,,,,,,,,,,,,,,,,,,,,,,,,
Definition,8,unknown,unknown,1,,unknown,1,,unknown,1,,unknown,1,,unknown,1,,unknown,1,,unknown,1,,unknown,1,,unknown,1,,unknown,1,,unknown,1,,unknown,1,,unknown,1,,,,,,,,,,,,,,,,,,,,,,,,,,,,,,,,,,,,,,,,,,,,,,,,,,,,,,,,,,,,,,,,,,,,,,,,,,,,,,,,,,,,,,,,,,,,,,,,,,,,,,,,,,,,,,,,,,,,,,,,,,,,,
Data,8,unknown,unknown,"944854563",,unknown,"10414",,unknown,"800",,unknown,"0",,unknown,"504",,unknown,"53",,unknown,"178",,unknown,"1",,unknown,"50",,unknown,"167",,unknown,"1",,unknown,"80",,unknown,"5",,,,,,,,,,,,,,,,,,,,,,,,,,,,,,,,,,,,,,,,,,,,,,,,,,,,,,,,,,,,,,,,,,,,,,,,,,,,,,,,,,,,,,,,,,,,,,,,,,,,,,,,,,,,,,,,,,,,,,,,,,,,,
Definition,9,sport,name,64,,unknown,1,,sport,1,,sub_sport,1,,unknown,1,,unknown,1,,unknown,3,,unknown,1,,unknown,1,,,,,,,,,,,,,,,,,,,,,,,,,,,,,,,,,,,,,,,,,,,,,,,,,,,,,,,,,,,,,,,,,,,,,,,,,,,,,,,,,,,,,,,,,,,,,,,,,,,,,,,,,,,,,,,,,,,,,,,,,,,,,,,,,,,,,,,,,
Data,9,sport,name,"Qs|Undefined",,unknown,"25",,sport,"0",,sub_sport,"0",,unknown,"1",,unknown,"0",,unknown,"0|0|0",,unknown,"255",,unknown,"255",,,,,,,,,,,,,,,,,,,,,,,,,,,,,,,,,,,,,,,,,,,,,,,,,,,,,,,,,,,,,,,,,,,,,,,,,,,,,,,,,,,,,,,,,,,,,,,,,,,,,,,,,,,,,,,,,,,,,,,,,,,,,,,,,,,,,,,,,
Definition,10,unknown,unknown,1,,unknown,1,,unknown,1,,unknown,1,,unknown,1,,unknown,1,,unknown,1,,unknown,1,,unknown,1,,unknown,1,,unknown,1,,unknown,1,,unknown,1,,unknown,1,,unknown,1,,unknown,1,,unknown,1,,unknown,1,,unknown,1,,unknown,1,,,,,,,,,,,,,,,,,,,,,,,,,,,,,,,,,,,,,,,,,,,,,,,,,,,,,,,,,,,,,,,,,,,,,,,,,,,,,,,,,,,,,,,,,,,,,,,,,,,,,,,,
Data,10,unknown,unknown,"160934",,unknown,"2147483647",,unknown,"2147483647",,unknown,"4294967295",,unknown,"0",,unknown,"1341",,unknown,"65535",,unknown,"6",,unknown,"0",,unknown,"3",,unknown,"1",,unknown,"0",,unknown,"1",,unknown,"255",,unknown,"1",,unknown,"255",,unknown,"255",,unknown,"255",,unknown,"0",,unknown,"0",,,,,,,,,,,,,,,,,,,,,,,,,,,,,,,,,,,,,,,,,,,,,,,,,,,,,,,,,,,,,,,,,,,,,,,,,,,,,,,,,,,,,,,,,,,,,,,,,,,,,,,,
Definition,11,zones_target,unknown,1,,functional_threshold_power,1,,unknown,1,,max_heart_rate,1,,threshold_heart_rate,1,,hr_calc_type,1,,pwr_calc_type,1,,unknown,1,,unknown,1,,,,,,,,,,,,,,,,,,,,,,,,,,,,,,,,,,,,,,,,,,,,,,,,,,,,,,,,,,,,,,,,,,,,,,,,,,,,,,,,,,,,,,,,,,,,,,,,,,,,,,,,,,,,,,,,,,,,,,,,,,,,,,,,,,,,,,,,,
Data,11,zones_target,unknown,"0",,functional_threshold_power,"200",,unknown,"65535",,max_heart_rate,"167",,threshold_heart_rate,"255",,hr_calc_type,"1",,pwr_calc_type,"1",,unknown,"0",,unknown,"255",,,,,,,,,,,,,,,,,,,,,,,,,,,,,,,,,,,,,,,,,,,,,,,,,,,,,,,,,,,,,,,,,,,,,,,,,,,,,,,,,,,,,,,,,,,,,,,,,,,,,,,,,,,,,,,,,,,,,,,,,,,,,,,,,,,,,,,,,
Definition,12,record,timestamp,1,,position_lat,1,,position_long,1,,distance,1,,altitude,1,,speed,1,,unknown,1,,unknown,1,,heart_rate,1,,cadence,1,,fractional_cadence,1,,,,,,,,,,,,,,,,,,,,,,,,,,,,,,,,,,,,,,,,,,,,,,,,,,,,,,,,,,,,,,,,,,,,,,,,,,,,,,,,,,,,,,,,,,,,,,,,,,,,,,,,,,,,,,,,,,,,,,,,,,,,,,,,,,,
Data,12,record,timestamp,"944854563",s,position_lat,"390369713",semicircles,position_long,"-1398518623",semicircles,distance,"0.0",m,altitude,"9.0",m,speed,"2.286",m/s,unknown,"0",,unknown,"100",,heart_rate,"99",bpm,cadence,"0",rpm,fractional_cadence,"0.0",rpm,enhanced_altitude,"9.0",m,enhanced_speed,"2.286",m/s,,,,,,,,,,,,,,,,,,,,,,,,,,,,,,,,,,,,,,,,,,,,,,,,,,,,,,,,,,,,,,,,,,,,,,,,,,,,,,,,,,,,,,,,,,,,,,,,,,,,,,,,,,,,,,,,,,,,,,,,,,,,
Data,12,record,timestamp,"944854578",s,position_lat,"390371106",semicircles,position_long,"-1398514720",semicircles,distance,"33.28",m,altitude,"8.800000000000011",m,speed,"2.183",m/s,unknown,"0",,unknown,"100",,heart_rate,"95",bpm,cadence,"0",rpm,fractional_cadence,"0.0",rpm,enhanced_altitude,"8.800000000000011",m,enhanced_speed,"2.183",m/s,,,,,,,,,,,,,,,,,,,,,,,,,,,,,,,,,,,,,,,,,,,,,,,,,,,,,,,,,,,,,,,,,,,,,,,,,,,,,,,,,,,,,,,,,,,,,,,,,,,,,,,,,,,,,,,,,,,,,,,,,,,,
Data,12,record,timestamp,"944854583",s,position_lat,"390371641",semicircles,position_long,"-1398513499",semicircles,distance,"44.1",m,altitude,"9.199999999999989",m,speed,"2.267",m/s,unknown,"0",,unknown,"100",,heart_rate,"98",bpm,cadence,"0",rpm,fractional_cadence,"0.0",rpm,enhanced_altitude,"9.199999999999989",m,enhanced_speed,"2.267",m/s,,,,,,,,,,,,,,,,,,,,,,,,,,,,,,,,,,,,,,,,,,,,,,,,,,,,,,,,,,,,,,,,,,,,,,,,,,,,,,,,,,,,,,,,,,,,,,,,,,,,,,,,,,,,,,,,,,,,,,,,,,,,
Data,12,record,timestamp,"944854585",s,position_lat,"390371811",semicircles,position_long,"-1398513005",semicircles,distance,"48.3",m,altitude,"9.199999999999989",m,speed,"2.221",m/s,unknown,"0",,unknown,"100",,heart_rate,"95",bpm,cadence,"0",rpm,fractional_cadence,"0.0",rpm,enhanced_altitude,"9.199999999999989",m,enhanced_speed,"2.221",m/s,,,,,,,,,,,,,,,,,,,,,,,,,,,,,,,,,,,,,,,,,,,,,,,,,,,,,,,,,,,,,,,,,,,,,,,,,,,,,,,,,,,,,,,,,,,,,,,,,,,,,,,,,,,,,,,,,,,,,,,,,,,,
Data,12,record,timestamp,"944854591",s,position_lat,"390372244",semicircles,position_long,"-1398511376",semicircles,distance,"61.68",m,altitude,"9.0",m,speed,"2.407",m/s,unknown,"0",,unknown,"100",,heart_rate,"95",bpm,cadence,"0",rpm,fractional_cadence,"0.0",rpm,enhanced_altitude,"9.0",m,enhanced_speed,"2.407",m/s,,,,,,,,,,,,,,,,,,,,,,,,,,,,,,,,,,,,,,,,,,,,,,,,,,,,,,,,,,,,,,,,,,,,,,,,,,,,,,,,,,,,,,,,,,,,,,,,,,,,,,,,,,,,,,,,,,,,,,,,,,,,
Data,12,record,timestamp,"944854600",s,position_lat,"390373182",semicircles,position_long,"-1398508852",semicircles,distance,"83.37",m,altitude,"8.600000000000023",m,speed,"2.314",m/s,unknown,"0",,unknown,"100",,heart_rate,"98",bpm,cadence,"0",rpm,fractional_cadence,"0.0",rpm,enhanced_altitude,"8.600000000000023",m,enhanced_speed,"2.314",m/s,,,,,,,,,,,,,,,,,,,,,,,,,,,,,,,,,,,,,,,,,,,,,,,,,,,,,,,,,,,,,,,,,,,,,,,,,,,,,,,,,,,,,,,,,,,,,,,,,,,,,,,,,,,,,,,,,,,,,,,,,,,,
Data,12,record,timestamp,"944854601",s,position_lat,"390373272",semicircles,position_long,"-1398508593",semicircles,distance,"85.57",m,altitude,"8.399999999999977",m,speed,"2.277",m/s,unknown,"0",,unknown,"100",,heart_rate,"101",bpm,cadence,"0",rpm,fractional_cadence,"0.0",rpm,enhanced_altitude,"8.399999999999977",m,enhanced_speed,"2.277",m/s,,,,,,,,,,,,,,,,,,,,,,,,,,,,,,,,,,,,,,,,,,,,,,,,,,,,,,,,,,,,,,,,,,,,,,,,,,,,,,,,,,,,,,,,,,,,,,,,,,,,,,,,,,,,,,,,,,,,,,,,,,,,
Data,12,record,timestamp,"944854604",s,position_lat,"390373535",semicircles,position_long,"-1398507716",semicircles,distance,"92.88",m,altitude,"8.0",m,speed,"2.361",m/s,unknown,"0",,unknown,"100",,heart_rate,"104",bpm,cadence,"0",rpm,fractional_cadence,"0.0",rpm,enhanced_altitude,"8.0",m,enhanced_speed,"2.361",m/s,,,,,,,,,,,,,,,,,,,,,,,,,,,,,,,,,,,,,,,,,,,,,,,,,,,,,,,,,,,,,,,,,,,,,,,,,,,,,,,,,,,,,,,,,,,,,,,,,,,,,,,,,,,,,,,,,,,,,,,,,,,,
Data,12,record,timestamp,"944854608",s,position_lat,"390373787",semicircles,position_long,"-1398506544",semicircles,distance,"102.38",m,altitude,"7.800000000000011",m,speed,"2.351",m/s,unknown,"0",,unknown,"100",,heart_rate,"107",bpm,cadence,"0",rpm,fractional_cadence,"0.0",rpm,enhanced_altitude,"7.800000000000011",m,enhanced_speed,"2.351",m/s,,,,,,,,,,,,,,,,,,,,,,,,,,,,,,,,,,,,,,,,,,,,,,,,,,,,,,,,,,,,,,,,,,,,,,,,,,,,,,,,,,,,,,,,,,,,,,,,,,,,,,,,,,,,,,,,,,,,,,,,,,,,
Data,12,record,timestamp,"944854612",s,position_lat,"390373966",semicircles,position_long,"-1398505383",semicircles,distance,"111.64",m,altitude,"7.800000000000011",m,speed,"2.361",m/s,unknown,"0",,unknown,"100",,heart_rate,"110",bpm,cadence,"0",rpm,fractional_cadence,"0.0",rpm,enhanced_altitude,"7.800000000000011",m,enhanced_speed,"2.361",m/s,,,,,,,,,,,,,,,,,,,,,,,,,,,,,,,,,,,,,,,,,,,,,,,,,,,,,,,,,,,,,,,,,,,,,,,,,,,,,,,,,,,,,,,,,,,,,,,,,,,,,,,,,,,,,,,,,,,,,,,,,,,,
Data,12,record,timestamp,"944854617",s,position_lat,"390374064",semicircles,position_long,"-1398503783",semicircles,distance,"124.2",m,altitude,"7.800000000000011",m,speed,"2.529",m/s,unknown,"0",,unknown,"100",,heart_rate,"113",bpm,cadence,"0",rpm,fractional_cadence,"0.0",rpm,enhanced_altitude,"7.800000000000011",m,enhanced_speed,"2.529",m/s,,,,,,,,,,,,,,,,,,,,,,,,,,,,,,,,,,,,,,,,,,,,,,,,,,,,,,,,,,,,,,,,,,,,,,,,,,,,,,,,,,,,,,,,,,,,,,,,,,,,,,,,,,,,,,,,,,,,,,,,,,,,
Data,12,record,timestamp,"944854618",s,position_lat,"390374025",semicircles,position_long,"-1398503444",semicircles,distance,"126.83",m,altitude,"7.800000000000011",m,speed,"2.557",m/s,unknown,"0",,unknown,"100",,heart_rate,"113",bpm,cadence,"0",rpm,fractional_cadence,"0.0",rpm,enhanced_altitude,"7.800000000000011",m,enhanced_speed,"2.557",m/s,,,,,,,,,,,,,,,,,,,,,,,,,,,,,,,,,,,,,,,,,,,,,,,,,,,,,,,,,,,,,,,,,,,,,,,,,,,,,,,,,,,,,,,,,,,,,,,,,,,,,,,,,,,,,,,,,,,,,,,,,,,,
Data,12,record,timestamp,"944854631",s,position_lat,"390373781",semicircles,position_long,"-1398499347",semicircles,distance,"159.17",m,altitude,"7.600000000000023",m,speed,"2.417",m/s,unknown,"0",,unknown,"100",,heart_rate,"116",bpm,cadence,"0",rpm,fractional_cadence,"0.0",rpm,enhanced_altitude,"7.600000000000023",m,enhanced_speed,"2.417",m/s,,,,,,,,,,,,,,,,,,,,,,,,,,,,,,,,,,,,,,,,,,,,,,,,,,,,,,,,,,,,,,,,,,,,,,,,,,,,,,,,,,,,,,,,,,,,,,,,,,,,,,,,,,,,,,,,,,,,,,,,,,,,
Data,12,record,timestamp,"944854646",s,position_lat,"390372937",semicircles,position_long,"-1398494801",semicircles,distance,"195.71",m,altitude,"7.600000000000023",m,speed,"2.333",m/s,unknown,"0",,unknown,"100",,heart_rate,"116",bpm,cadence,"0",rpm,fractional_cadence,"0.0",rpm,enhanced_altitude,"7.600000000000023",m,enhanced_speed,"2.333",m/s,,,,,,,,,,,,,,,,,,,,,,,,,,,,,,,,,,,,,,,,,,,,,,,,,,,,,,,,,,,,,,,,,,,,,,,,,,,,,,,,,,,,,,,,,,,,,,,,,,,,,,,,,,,,,,,,,,,,,,,,,,,,
Data,12,record,timestamp,"944854661",s,position_lat,"390371667",semicircles,position_long,"-1398490363",semicircles,distance,"232.54",m,altitude,"7.600000000000023",m,speed,"2.323",m/s,unknown,"0",,unknown,"100",,heart_rate,"116",bpm,cadence,"79",rpm,fractional_cadence,"0.5",rpm,enhanced_altitude,"7.600000000000023",m,enhanced_speed,"2.323",m/s,,,,,,,,,,,,,,,,,,,,,,,,,,,,,,,,,,,,,,,,,,,,,,,,,,,,,,,,,,,,,,,,,,,,,,,,,,,,,,,,,,,,,,,,,,,,,,,,,,,,,,,,,,,,,,,,,,,,,,,,,,,,
Data,12,record,timestamp,"944854674",s,position_lat,"390370085",semicircles,position_long,"-1398487020",semicircles,distance,"262.75",m,altitude,"8.800000000000011",m,speed,"2.342",m/s,unknown,"0",,unknown,"100",,heart_rate,"120",bpm,cadence,"0",rpm,fractional_cadence,"0.0",rpm,enhanced_altitude,"8.800000000000011",m,enhanced_speed,"2.342",m/s,,,,,,,,,,,,,,,,,,,,,,,,,,,,,,,,,,,,,,,,,,,,,,,,,,,,,,,,,,,,,,,,,,,,,,,,,,,,,,,,,,,,,,,,,,,,,,,,,,,,,,,,,,,,,,,,,,,,,,,,,,,,
Data,12,record,timestamp,"944854675",s,position_lat,"390370003",semicircles,position_long,"-1398486796",semicircles,distance,"264.64",m,altitude,"8.800000000000011",m,speed,"2.211",m/s,unknown,"0",,unknown,"100",,heart_rate,"117",bpm,cadence,"0",rpm,fractional_cadence,"0.0",rpm,enhanced_altitude,"8.800000000000011",m,enhanced_speed,"2.211",m/s,,,,,,,,,,,,,,,,,,,,,,,,,,,,,,,,,,,,,,,,,,,,,,,,,,,,,,,,,,,,,,,,,,,,,,,,,,,,,,,,,,,,,,,,,,,,,,,,,,,,,,,,,,,,,,,,,,,,,,,,,,,,
Data,12,record,timestamp,"944854676",s,position_lat,"390369834",semicircles,position_long,"-1398486575",semicircles,distance,"266.96",m,altitude,"9.0",m,speed,"2.221",m/s,unknown,"0",,unknown,"100",,heart_rate,"118",bpm,cadence,"0",rpm,fractional_cadence,"0.0",rpm,enhanced_altitude,"9.0",m,enhanced_speed,"2.221",m/s,,,,,,,,,,,,,,,,,,,,,,,,,,,,,,,,,,,,,,,,,,,,,,,,,,,,,,,,,,,,,,,,,,,,,,,,,,,,,,,,,,,,,,,,,,,,,,,,,,,,,,,,,,,,,,,,,,,,,,,,,,,,
Data,12,record,timestamp,"944854678",s,position_lat,"390369492",semicircles,position_long,"-1398486167",semicircles,distance,"271.45",m,altitude,"9.0",m,speed,"2.221",m/s,unknown,"0",,unknown,"100",,heart_rate,"117",bpm,cadence,"0",rpm,fractional_cadence,"0.0",rpm,enhanced_altitude,"9.0",m,enhanced_speed,"2.221",m/s,,,,,,,,,,,,,,,,,,,,,,,,,,,,,,,,,,,,,,,,,,,,,,,,,,,,,,,,,,,,,,,,,,,,,,,,,,,,,,,,,,,,,,,,,,,,,,,,,,,,,,,,,,,,,,,,,,,,,,,,,,,,
Data,12,record,timestamp,"944854686",s,position_lat,"390367808",semicircles,position_long,"-1398484553",semicircles,distance,"291.52",m,altitude,"9.399999999999977",m,speed,"2.398",m/s,unknown,"0",,unknown,"100",,heart_rate,"114",bpm,cadence,"0",rpm,fractional_cadence,"0.0",rpm,enhanced_altitude,"9.399999999999977",m,enhanced_speed,"2.398",m/s,,,,,,,,,,,,,,,,,,,,,,,,,,,,,,,,,,,,,,,,,,,,,,,,,,,,,,,,,,,,,,,,,,,,,,,,,,,,,,,,,,,,,,,,,,,,,,,,,,,,,,,,,,,,,,,,,,,,,,,,,,,,
Data,12,record,timestamp,"944854688",s,position_lat,"390367336",semicircles,position_long,"-1398484176",semicircles,distance,"296.8",m,altitude,"9.399999999999977",m,speed,"2.473",m/s,unknown,"0",,unknown,"100",,heart_rate,"113",bpm,cadence,"0",rpm,fractional_cadence,"0.0",rpm,enhanced_altitude,"9.399999999999977",m,enhanced_speed,"2.473",m/s,,,,,,,,,,,,,,,,,,,,,,,,,,,,,,,,,,,,,,,,,,,,,,,,,,,,,,,,,,,,,,,,,,,,,,,,,,,,,,,,,,,,,,,,,,,,,,,,,,,,,,,,,,,,,,,,,,,,,,,,,,,,
Data,12,record,timestamp,"944854690",s,position_lat,"390366850",semicircles,position_long,"-1398483818",semicircles,distance,"302.11",m,altitude,"9.399999999999977",m,speed,"2.51",m/s,unknown,"0",,unknown,"100",,heart_rate,"116",bpm,cadence,"0",rpm,fractional_cadence,"0.0",rpm,enhanced_altitude,"9.399999999999977",m,enhanced_speed,"2.51",m/s,,,,,,,,,,,,,,,,,,,,,,,,,,,,,,,,,,,,,,,,,,,,,,,,,,,,,,,,,,,,,,,,,,,,,,,,,,,,,,,,,,,,,,,,,,,,,,,,,,,,,,,,,,,,,,,,,,,,,,,,,,,,
Data,12,record,timestamp,"944854693",s,position_lat,"390366095",semicircles,position_long,"-1398483341",semicircles,distance,"310.05",m,altitude,"9.399999999999977",m,speed,"2.557",m/s,unknown,"0",,unknown,"100",,heart_rate,"113",bpm,cadence,"0",rpm,fractional_cadence,"0.0",rpm,enhanced_altitude,"9.399999999999977",m,enhanced_speed,"2.557",m/s,,,,,,,,,,,,,,,,,,,,,,,,,,,,,,,,,,,,,,,,,,,,,,,,,,,,,,,,,,,,,,,,,,,,,,,,,,,,,,,,,,,,,,,,,,,,,,,,,,,,,,,,,,,,,,,,,,,,,,,,,,,,
Data,12,record,timestamp,"944854700",s,position_lat,"390364470",semicircles,position_long,"-1398482257",semicircles,distance,"327.39",m,altitude,"9.399999999999977",m,speed,"2.463",m/s,unknown,"0",,unknown,"100",,heart_rate,"112",bpm,cadence,"0",rpm,fractional_cadence,"0.0",rpm,enhanced_altitude,"9.399999999999977",m,enhanced_speed,"2.463",m/s,,,,,,,,,,,,,,,,,,,,,,,,,,,,,,,,,,,,,,,,,,,,,,,,,,,,,,,,,,,,,,,,,,,,,,,,,,,,,,,,,,,,,,,,,,,,,,,,,,,,,,,,,,,,,,,,,,,,,,,,,,,,
Data,12,record,timestamp,"944854709",s,position_lat,"390362531",semicircles,position_long,"-1398480544",semicircles,distance,"349.91",m,altitude,"9.399999999999977",m,speed,"2.519",m/s,unknown,"0",,unknown,"100",,heart_rate,"109",bpm,cadence,"0",rpm,fractional_cadence,"0.0",rpm,enhanced_altitude,"9.399999999999977",m,enhanced_speed,"2.519",m/s,,,,,,,,,,,,,,,,,,,,,,,,,,,,,,,,,,,,,,,,,,,,,,,,,,,,,,,,,,,,,,,,,,,,,,,,,,,,,,,,,,,,,,,,,,,,,,,,,,,,,,,,,,,,,,,,,,,,,,,,,,,,
Data,12,record,timestamp,"944854710",s,position_lat,"390362344",semicircles,position_long,"-1398480321",semicircles,distance,"352.37",m,altitude,"9.399999999999977",m,speed,"2.519",m/s,unknown,"0",,unknown,"100",,heart_rate,"106",bpm,cadence,"0",rpm,fractional_cadence,"0.0",rpm,enhanced_altitude,"9.399999999999977",m,enhanced_speed,"2.519",m/s,,,,,,,,,,,,,,,,,,,,,,,,,,,,,,,,,,,,,,,,,,,,,,,,,,,,,,,,,,,,,,,,,,,,,,,,,,,,,,,,,,,,,,,,,,,,,,,,,,,,,,,,,,,,,,,,,,,,,,,,,,,,
Data,12,record,timestamp,"944854711",s,position_lat,"390362153",semicircles,position_long,"-1398480084",semicircles,distance,"354.94",m,altitude,"9.399999999999977",m,speed,"2.51",m/s,unknown,"0",,unknown,"100",,heart_rate,"109",bpm,cadence,"0",rpm,fractional_cadence,"0.0",rpm,enhanced_altitude,"9.399999999999977",m,enhanced_speed,"2.51",m/s,,,,,,,,,,,,,,,,,,,,,,,,,,,,,,,,,,,,,,,,,,,,,,,,,,,,,,,,,,,,,,,,,,,,,,,,,,,,,,,,,,,,,,,,,,,,,,,,,,,,,,,,,,,,,,,,,,,,,,,,,,,,
Data,12,record,timestamp,"944854724",s,position_lat,"390359958",semicircles,position_long,"-1398476717",semicircles,distance,"388.48",m,altitude,"9.0",m,speed,"2.454",m/s,unknown,"0",,unknown,"100",,heart_rate,"108",bpm,cadence,"0",rpm,fractional_cadence,"0.0",rpm,enhanced_altitude,"9.0",m,enhanced_speed,"2.454",m/s,,,,,,,,,,,,,,,,,,,,,,,,,,,,,,,,,,,,,,,,,,,,,,,,,,,,,,,,,,,,,,,,,,,,,,,,,,,,,,,,,,,,,,,,,,,,,,,,,,,,,,,,,,,,,,,,,,,,,,,,,,,,
Data,12,record,timestamp,"944854727",s,position_lat,"390359605",semicircles,position_long,"-1398475832",semicircles,distance,"396.14",m,altitude,"9.0",m,speed,"2.454",m/s,unknown,"0",,unknown,"100",,heart_rate,"105",bpm,cadence,"0",rpm,fractional_cadence,"0.0",rpm,enhanced_altitude,"9.0",m,enhanced_speed,"2.454",m/s,,,,,,,,,,,,,,,,,,,,,,,,,,,,,,,,,,,,,,,,,,,,,,,,,,,,,,,,,,,,,,,,,,,,,,,,,,,,,,,,,,,,,,,,,,,,,,,,,,,,,,,,,,,,,,,,,,,,,,,,,,,,
Data,12,record,timestamp,"944854729",s,position_lat,"390359399",semicircles,position_long,"-1398475207",semicircles,distance,"401.38",m,altitude,"9.0",m,speed,"2.538",m/s,unknown,"0",,unknown,"100",,heart_rate,"109",bpm,cadence,"0",rpm,fractional_cadence,"0.0",rpm,enhanced_altitude,"9.0",m,enhanced_speed,"2.538",m/s,,,,,,,,,,,,,,,,,,,,,,,,,,,,,,,,,,,,,,,,,,,,,,,,,,,,,,,,,,,,,,,,,,,,,,,,,,,,,,,,,,,,,,,,,,,,,,,,,,,,,,,,,,,,,,,,,,,,,,,,,,,,
Data,12,record,timestamp,"944854730",s,position_lat,"390359278",semicircles,position_long,"-1398474902",semicircles,distance,"404.02",m,altitude,"9.0",m,speed,"2.566",m/s,unknown,"0",,unknown,"100",,heart_rate,"106",bpm,cadence,"0",rpm,fractional_cadence,"0.0",rpm,enhanced_altitude,"9.0",m,enhanced_speed,"2.566",m/s,,,,,,,,,,,,,,,,,,,,,,,,,,,,,,,,,,,,,,,,,,,,,,,,,,,,,,,,,,,,,,,,,,,,,,,,,,,,,,,,,,,,,,,,,,,,,,,,,,,,,,,,,,,,,,,,,,,,,,,,,,,,
Data,12,record,timestamp,"944854736",s,position_lat,"390358684",semicircles,position_long,"-1398473177",semicircles,distance,"418.64",m,altitude,"9.0",m,speed,"2.389",m/s,unknown,"0",,unknown,"100",,heart_rate,"102",bpm,cadence,"0",rpm,fractional_cadence,"0.0",rpm,enhanced_altitude,"9.0",m,enhanced_speed,"2.389",m/s,,,,,,,,,,,,,,,,,,,,,,,,,,,,,,,,,,,,,,,,,,,,,,,,,,,,,,,,,,,,,,,,,,,,,,,,,,,,,,,,,,,,,,,,,,,,,,,,,,,,,,,,,,,,,,,,,,,,,,,,,,,,
Data,12,record,timestamp,"944854737",s,position_lat,"390358606",semicircles,position_long,"-1398472875",semicircles,distance,"421.1",m,altitude,"9.0",m,speed,"2.398",m/s,unknown,"0",,unknown,"100",,heart_rate,"104",bpm,cadence,"0",rpm,fractional_cadence,"0.0",rpm,enhanced_altitude,"9.0",m,enhanced_speed,"2.398",m/s,,,,,,,,,,,,,,,,,,,,,,,,,,,,,,,,,,,,,,,,,,,,,,,,,,,,,,,,,,,,,,,,,,,,,,,,,,,,,,,,,,,,,,,,,,,,,,,,,,,,,,,,,,,,,,,,,,,,,,,,,,,,
Data,12,record,timestamp,"944854738",s,position_lat,"390358602",semicircles,position_long,"-1398472569",semicircles,distance,"423.37",m,altitude,"9.199999999999989",m,speed,"2.435",m/s,unknown,"0",,unknown,"100",,heart_rate,"107",bpm,cadence,"56",rpm,fractional_cadence,"0.5",rpm,enhanced_altitude,"9.199999999999989",m,enhanced_speed,"2.435",m/s,,,,,,,,,,,,,,,,,,,,,,,,,,,,,,,,,,,,,,,,,,,,,,,,,,,,,,,,,,,,,,,,,,,,,,,,,,,,,,,,,,,,,,,,,,,,,,,,,,,,,,,,,,,,,,,,,,,,,,,,,,,,
Data,12,record,timestamp,"944854751",s,position_lat,"390357272",semicircles,position_long,"-1398468708",semicircles,distance,"456.14",m,altitude,"9.0",m,speed,"2.631",m/s,unknown,"0",,unknown,"100",,heart_rate,"108",bpm,cadence,"0",rpm,fractional_cadence,"0.0",rpm,enhanced_altitude,"9.0",m,enhanced_speed,"2.631",m/s,,,,,,,,,,,,,,,,,,,,,,,,,,,,,,,,,,,,,,,,,,,,,,,,,,,,,,,,,,,,,,,,,,,,,,,,,,,,,,,,,,,,,,,,,,,,,,,,,,,,,,,,,,,,,,,,,,,,,,,,,,,,
Data,12,record,timestamp,"944854763",s,position_lat,"390356333",semicircles,position_long,"-1398464722",semicircles,distance,"488.67",m,altitude,"9.0",m,speed,"2.659",m/s,unknown,"0",,unknown,"100",,heart_rate,"105",bpm,cadence,"0",rpm,fractional_cadence,"0.0",rpm,enhanced_altitude,"9.0",m,enhanced_speed,"2.659",m/s,,,,,,,,,,,,,,,,,,,,,,,,,,,,,,,,,,,,,,,,,,,,,,,,,,,,,,,,,,,,,,,,,,,,,,,,,,,,,,,,,,,,,,,,,,,,,,,,,,,,,,,,,,,,,,,,,,,,,,,,,,,,
Data,12,record,timestamp,"944854766",s,position_lat,"390356101",semicircles,position_long,"-1398463720",semicircles,distance,"496.83",m,altitude,"9.199999999999989",m,speed,"2.659",m/s,unknown,"0",,unknown,"100",,heart_rate,"105",bpm,cadence,"0",rpm,fractional_cadence,"0.0",rpm,enhanced_altitude,"9.199999999999989",m,enhanced_speed,"2.659",m/s,,,,,,,,,,,,,,,,,,,,,,,,,,,,,,,,,,,,,,,,,,,,,,,,,,,,,,,,,,,,,,,,,,,,,,,,,,,,,,,,,,,,,,,,,,,,,,,,,,,,,,,,,,,,,,,,,,,,,,,,,,,,
Data,12,record,timestamp,"944854767",s,position_lat,"390356014",semicircles,position_long,"-1398463389",semicircles,distance,"499.55",m,altitude,"9.199999999999989",m,speed,"2.659",m/s,unknown,"0",,unknown,"100",,heart_rate,"102",bpm,cadence,"0",rpm,fractional_cadence,"0.0",rpm,enhanced_altitude,"9.199999999999989",m,enhanced_speed,"2.659",m/s,,,,,,,,,,,,,,,,,,,,,,,,,,,,,,,,,,,,,,,,,,,,,,,,,,,,,,,,,,,,,,,,,,,,,,,,,,,,,,,,,,,,,,,,,,,,,,,,,,,,,,,,,,,,,,,,,,,,,,,,,,,,
Data,12,record,timestamp,"944854771",s,position_lat,"390355760",semicircles,position_long,"-1398462021",semicircles,distance,"510.53",m,altitude,"9.199999999999989",m,speed,"2.715",m/s,unknown,"0",,unknown,"100",,heart_rate,"105",bpm,cadence,"0",rpm,fractional_cadence,"0.0",rpm,enhanced_altitude,"9.199999999999989",m,enhanced_speed,"2.715",m/s,,,,,,,,,,,,,,,,,,,,,,,,,,,,,,,,,,,,,,,,,,,,,,,,,,,,,,,,,,,,,,,,,,,,,,,,,,,,,,,,,,,,,,,,,,,,,,,,,,,,,,,,,,,,,,,,,,,,,,,,,,,,
Data,12,record,timestamp,"944854774",s,position_lat,"390355503",semicircles,position_long,"-1398460991",semicircles,distance,"518.97",m,altitude,"9.199999999999989",m,speed,"2.753",m/s,unknown,"0",,unknown,"100",,heart_rate,"102",bpm,cadence,"0",rpm,fractional_cadence,"0.0",rpm,enhanced_altitude,"9.199999999999989",m,enhanced_speed,"2.753",m/s,,,,,,,,,,,,,,,,,,,,,,,,,,,,,,,,,,,,,,,,,,,,,,,,,,,,,,,,,,,,,,,,,,,,,,,,,,,,,,,,,,,,,,,,,,,,,,,,,,,,,,,,,,,,,,,,,,,,,,,,,,,,
Data,12,record,timestamp,"944854780",s,position_lat,"390355012",semicircles,position_long,"-1398459020",semicircles,distance,"535.11",m,altitude,"9.399999999999977",m,speed,"2.669",m/s,unknown,"0",,unknown,"100",,heart_rate,"99",bpm,cadence,"0",rpm,fractional_cadence,"0.0",rpm,enhanced_altitude,"9.399999999999977",m,enhanced_speed,"2.669",m/s,,,,,,,,,,,,,,,,,,,,,,,,,,,,,,,,,,,,,,,,,,,,,,,,,,,,,,,,,,,,,,,,,,,,,,,,,,,,,,,,,,,,,,,,,,,,,,,,,,,,,,,,,,,,,,,,,,,,,,,,,,,,
Data,12,record,timestamp,"944854781",s,position_lat,"390355031",semicircles,position_long,"-1398458676",semicircles,distance,"537.69",m,altitude,"9.399999999999977",m,speed,"2.631",m/s,unknown,"0",,unknown,"100",,heart_rate,"100",bpm,cadence,"0",rpm,fractional_cadence,"0.0",rpm,enhanced_altitude,"9.399999999999977",m,enhanced_speed,"2.631",m/s,,,,,,,,,,,,,,,,,,,,,,,,,,,,,,,,,,,,,,,,,,,,,,,,,,,,,,,,,,,,,,,,,,,,,,,,,,,,,,,,,,,,,,,,,,,,,,,,,,,,,,,,,,,,,,,,,,,,,,,,,,,,
Data,12,record,timestamp,"944854784",s,position_lat,"390354819",semicircles,position_long,"-1398457623",semicircles,distance,"546.19",m,altitude,"9.600000000000023",m,speed,"2.725",m/s,unknown,"0",,unknown,"100",,heart_rate,"103",bpm,cadence,"0",rpm,fractional_cadence,"0.0",rpm,enhanced_altitude,"9.600000000000023",m,enhanced_speed,"2.725",m/s,,,,,,,,,,,,,,,,,,,,,,,,,,,,,,,,,,,,,,,,,,,,,,,,,,,,,,,,,,,,,,,,,,,,,,,,,,,,,,,,,,,,,,,,,,,,,,,,,,,,,,,,,,,,,,,,,,,,,,,,,,,,
Data,12,record,timestamp,"944854785",s,position_lat,"390354790",semicircles,position_long,"-1398457291",semicircles,distance,"548.78",m,altitude,"9.600000000000023",m,speed,"2.697",m/s,unknown,"0",,unknown,"100",,heart_rate,"100",bpm,cadence,"0",rpm,fractional_cadence,"0.0",rpm,enhanced_altitude,"9.600000000000023",m,enhanced_speed,"2.697",m/s,,,,,,,,,,,,,,,,,,,,,,,,,,,,,,,,,,,,,,,,,,,,,,,,,,,,,,,,,,,,,,,,,,,,,,,,,,,,,,,,,,,,,,,,,,,,,,,,,,,,,,,,,,,,,,,,,,,,,,,,,,,,
Data,12,record,timestamp,"944854789",s,position_lat,"390354553",semicircles,position_long,"-1398455637",semicircles,distance,"561.94",m,altitude,"9.600000000000023",m,speed,"3.284",m/s,unknown,"0",,unknown,"100",,heart_rate,"97",bpm,cadence,"0",rpm,fractional_cadence,"0.0",rpm,enhanced_altitude,"9.600000000000023",m,enhanced_speed,"3.284",m/s,,,,,,,,,,,,,,,,,,,,,,,,,,,,,,,,,,,,,,,,,,,,,,,,,,,,,,,,,,,,,,,,,,,,,,,,,,,,,,,,,,,,,,,,,,,,,,,,,,,,,,,,,,,,,,,,,,,,,,,,,,,,
Data,12,record,timestamp,"944854791",s,position_lat,"390354461",semicircles,position_long,"-1398454886",semicircles,distance,"567.9",m,altitude,"9.600000000000023",m,speed,"3.042",m/s,unknown,"0",,unknown,"100",,heart_rate,"97",bpm,cadence,"0",rpm,fractional_cadence,"0.0",rpm,enhanced_altitude,"9.600000000000023",m,enhanced_speed,"3.042",m/s,,,,,,,,,,,,,,,,,,,,,,,,,,,,,,,,,,,,,,,,,,,,,,,,,,,,,,,,,,,,,,,,,,,,,,,,,,,,,,,,,,,,,,,,,,,,,,,,,,,,,,,,,,,,,,,,,,,,,,,,,,,,
Data,12,record,timestamp,"944854795",s,position_lat,"390354168",semicircles,position_long,"-1398453557",semicircles,distance,"578.71",m,altitude,"10.0",m,speed,"2.715",m/s,unknown,"0",,unknown,"300",,heart_rate,"100",bpm,cadence,"0",rpm,fractional_cadence,"0.0",rpm,enhanced_altitude,"10.0",m,enhanced_speed,"2.715",m/s,,,,,,,,,,,,,,,,,,,,,,,,,,,,,,,,,,,,,,,,,,,,,,,,,,,,,,,,,,,,,,,,,,,,,,,,,,,,,,,,,,,,,,,,,,,,,,,,,,,,,,,,,,,,,,,,,,,,,,,,,,,,
Data,12,record,timestamp,"944854797",s,position_lat,"390353954",semicircles,position_long,"-1398452906",semicircles,distance,"584.2",m,altitude,"10.0",m,speed,"2.734",m/s,unknown,"0",,unknown,"300",,heart_rate,"103",bpm,cadence,"0",rpm,fractional_cadence,"0.0",rpm,enhanced_altitude,"10.0",m,enhanced_speed,"2.734",m/s,,,,,,,,,,,,,,,,,,,,,,,,,,,,,,,,,,,,,,,,,,,,,,,,,,,,,,,,,,,,,,,,,,,,,,,,,,,,,,,,,,,,,,,,,,,,,,,,,,,,,,,,,,,,,,,,,,,,,,,,,,,,
Data,12,record,timestamp,"944854800",s,position_lat,"390353581",semicircles,position_long,"-1398451939",semicircles,distance,"592.54",m,altitude,"10.0",m,speed,"2.706",m/s,unknown,"0",,unknown,"100",,heart_rate,"107",bpm,cadence,"0",rpm,fractional_cadence,"0.0",rpm,enhanced_altitude,"10.0",m,enhanced_speed,"2.706",m/s,,,,,,,,,,,,,,,,,,,,,,,,,,,,,,,,,,,,,,,,,,,,,,,,,,,,,,,,,,,,,,,,,,,,,,,,,,,,,,,,,,,,,,,,,,,,,,,,,,,,,,,,,,,,,,,,,,,,,,,,,,,,
Data,12,record,timestamp,"944854801",s,position_lat,"390353447",semicircles,position_long,"-1398451633",semicircles,distance,"595.24",m,altitude,"10.199999999999989",m,speed,"2.678",m/s,unknown,"0",,unknown,"100",,heart_rate,"107",bpm,cadence,"0",rpm,fractional_cadence,"0.0",rpm,enhanced_altitude,"10.199999999999989",m,enhanced_speed,"2.678",m/s,,,,,,,,,,,,,,,,,,,,,,,,,,,,,,,,,,,,,,,,,,,,,,,,,,,,,,,,,,,,,,,,,,,,,,,,,,,,,,,,,,,,,,,,,,,,,,,,,,,,,,,,,,,,,,,,,,,,,,,,,,,,
Data,12,record,timestamp,"944854803",s,position_lat,"390353189",semicircles,position_long,"-1398451042",semicircles,distance,"600.46",m,altitude,"10.199999999999989",m,speed,"2.641",m/s,unknown,"0",,unknown,"100",,heart_rate,"110",bpm,cadence,"0",rpm,fractional_cadence,"0.0",rpm,enhanced_altitude,"10.199999999999989",m,enhanced_speed,"2.641",m/s,,,,,,,,,,,,,,,,,,,,,,,,,,,,,,,,,,,,,,,,,,,,,,,,,,,,,,,,,,,,,,,,,,,,,,,,,,,,,,,,,,,,,,,,,,,,,,,,,,,,,,,,,,,,,,,,,,,,,,,,,,,,
Data,12,record,timestamp,"944854809",s,position_lat,"390352584",semicircles,position_long,"-1398449111",semicircles,distance,"616.65",m,altitude,"10.199999999999989",m,speed,"2.659",m/s,unknown,"0",,unknown,"100",,heart_rate,"107",bpm,cadence,"0",rpm,fractional_cadence,"0.0",rpm,enhanced_altitude,"10.199999999999989",m,enhanced_speed,"2.659",m/s,,,,,,,,,,,,,,,,,,,,,,,,,,,,,,,,,,,,,,,,,,,,,,,,,,,,,,,,,,,,,,,,,,,,,,,,,,,,,,,,,,,,,,,,,,,,,,,,,,,,,,,,,,,,,,,,,,,,,,,,,,,,
Data,12,record,timestamp,"944854814",s,position_lat,"390352114",semicircles,position_long,"-1398447574",semicircles,distance,"629.5",m,altitude,"10.399999999999977",m,speed,"2.557",m/s,unknown,"0",,unknown,"100",,heart_rate,"105",bpm,cadence,"0",rpm,fractional_cadence,"0.0",rpm,enhanced_altitude,"10.399999999999977",m,enhanced_speed,"2.557",m/s,,,,,,,,,,,,,,,,,,,,,,,,,,,,,,,,,,,,,,,,,,,,,,,,,,,,,,,,,,,,,,,,,,,,,,,,,,,,,,,,,,,,,,,,,,,,,,,,,,,,,,,,,,,,,,,,,,,,,,,,,,,,
Data,12,record,timestamp,"944854831",s,position_lat,"390350559",semicircles,position_long,"-1398442184",semicircles,distance,"674.26",m,altitude,"10.399999999999977",m,speed,"2.734",m/s,unknown,"0",,unknown,"100",,heart_rate,"103",bpm,cadence,"0",rpm,fractional_cadence,"0.0",rpm,enhanced_altitude,"10.399999999999977",m,enhanced_speed,"2.734",m/s,,,,,,,,,,,,,,,,,,,,,,,,,,,,,,,,,,,,,,,,,,,,,,,,,,,,,,,,,,,,,,,,,,,,,,,,,,,,,,,,,,,,,,,,,,,,,,,,,,,,,,,,,,,,,,,,,,,,,,,,,,,,
Data,12,record,timestamp,"944854845",s,position_lat,"390349670",semicircles,position_long,"-1398437468",semicircles,distance,"712.26",m,altitude,"10.800000000000011",m,speed,"2.65",m/s,unknown,"0",,unknown,"100",,heart_rate,"100",bpm,cadence,"0",rpm,fractional_cadence,"0.0",rpm,enhanced_altitude,"10.800000000000011",m,enhanced_speed,"2.65",m/s,,,,,,,,,,,,,,,,,,,,,,,,,,,,,,,,,,,,,,,,,,,,,,,,,,,,,,,,,,,,,,,,,,,,,,,,,,,,,,,,,,,,,,,,,,,,,,,,,,,,,,,,,,,,,,,,,,,,,,,,,,,,
Data,12,record,timestamp,"944854847",s,position_lat,"390349593",semicircles,position_long,"-1398436813",semicircles,distance,"717.45",m,altitude,"10.800000000000011",m,speed,"2.631",m/s,unknown,"0",,unknown,"100",,heart_rate,"100",bpm,cadence,"0",rpm,fractional_cadence,"0.0",rpm,enhanced_altitude,"10.800000000000011",m,enhanced_speed,"2.631",m/s,,,,,,,,,,,,,,,,,,,,,,,,,,,,,,,,,,,,,,,,,,,,,,,,,,,,,,,,,,,,,,,,,,,,,,,,,,,,,,,,,,,,,,,,,,,,,,,,,,,,,,,,,,,,,,,,,,,,,,,,,,,,
Data,12,record,timestamp,"944854859",s,position_lat,"390348662",semicircles,position_long,"-1398432641",semicircles,distance,"751.3",m,altitude,"10.800000000000011",m,speed,"2.734",m/s,unknown,"0",,unknown,"100",,heart_rate,"96",bpm,cadence,"0",rpm,fractional_cadence,"0.0",rpm,enhanced_altitude,"10.800000000000011",m,enhanced_speed,"2.734",m/s,,,,,,,,,,,,,,,,,,,,,,,,,,,,,,,,,,,,,,,,,,,,,,,,,,,,,,,,,,,,,,,,,,,,,,,,,,,,,,,,,,,,,,,,,,,,,,,,,,,,,,,,,,,,,,,,,,,,,,,,,,,,
Data,12,record,timestamp,"944854860",s,position_lat,"390348599",semicircles,position_long,"-1398432313",semicircles,distance,"753.94",m,altitude,"10.800000000000011",m,speed,"2.697",m/s,unknown,"0",,unknown,"100",,heart_rate,"99",bpm,cadence,"0",rpm,fractional_cadence,"0.0",rpm,enhanced_altitude,"10.800000000000011",m,enhanced_speed,"2.697",m/s,,,,,,,,,,,,,,,,,,,,,,,,,,,,,,,,,,,,,,,,,,,,,,,,,,,,,,,,,,,,,,,,,,,,,,,,,,,,,,,,,,,,,,,,,,,,,,,,,,,,,,,,,,,,,,,,,,,,,,,,,,,,
Data,12,record,timestamp,"944854862",s,position_lat,"390348452",semicircles,position_long,"-1398431593",semicircles,distance,"759.76",m,altitude,"10.800000000000011",m,speed,"2.846",m/s,unknown,"0",,unknown,"100",,heart_rate,"97",bpm,cadence,"0",rpm,fractional_cadence,"0.0",rpm,enhanced_altitude,"10.800000000000011",m,enhanced_speed,"2.846",m/s,,,,,,,,,,,,,,,,,,,,,,,,,,,,,,,,,,,,,,,,,,,,,,,,,,,,,,,,,,,,,,,,,,,,,,,,,,,,,,,,,,,,,,,,,,,,,,,,,,,,,,,,,,,,,,,,,,,,,,,,,,,,
Definition,13,developer_data_id,developer_id,16,,application_id,16,,application_version,1,,manufacturer_id,1,,developer_data_index,1,,,,,,,,,,,,,,,,,,,,,,,,,,,,,,,,,,,,,,,,,,,,,,,,,,,,,,,,,,,,,,,,,,,,,,,,,,,,,,,,,,,,,,,,,,,,,,,,,,,,,,,,,,,,,,,,,,,,,,,,,,,,,,,,,,,,,,,,,,,,,,,,,,,,,
Data,13,developer_data_id,developer_id,"255|255|255|255|255|255|255|255|255|255|255|255|255|255|255|255",,application_id,"116|196|116|248|65|64|71|148|175|183|245|104|23|8|59|213",,application_version,"16",,manufacturer_id,"65535",,developer_data_index,"0",,,,,,,,,,,,,,,,,,,,,,,,,,,,,,,,,,,,,,,,,,,,,,,,,,,,,,,,,,,,,,,,,,,,,,,,,,,,,,,,,,,,,,,,,,,,,,,,,,,,,,,,,,,,,,,,,,,,,,,,,,,,,,,,,,,,,,,,,,,,,,,,,,,,,
Definition,14,field_description,field_name,64,,units,16,,fit_base_unit_id,1,,native_mesg_num,1,,developer_data_index,1,,field_definition_number,1,,fit_base_type_id,1,,scale,1,,offset,1,,native_field_num,1,,,,,,,,,,,,,,,,,,,,,,,,,,,,,,,,,,,,,,,,,,,,,,,,,,,,,,,,,,,,,,,,,,,,,,,,,,,,,,,,,,,,,,,,,,,,,,,,,,,,,,,,,,,,,,,,,,,,,,,,,,,,,,,,,,,,,,
Data,14,field_description,field_name,"name",,fit_base_unit_id,"65535",,native_mesg_num,"19",,developer_data_index,"0",,field_definition_number,"1",,fit_base_type_id,"7",,scale,"255",,offset,"127",,native_field_num,"255",,,,,,,,,,,,,,,,,,,,,,,,,,,,,,,,,,,,,,,,,,,,,,,,,,,,,,,,,,,,,,,,,,,,,,,,,,,,,,,,,,,,,,,,,,,,,,,,,,,,,,,,,,,,,,,,,,,,,,,,,,,,,,,,,,,,,,,,,
Data,14,field_description,field_name,"type",,fit_base_unit_id,"65535",,native_mesg_num,"19",,developer_data_index,"0",,field_definition_number,"2",,fit_base_type_id,"7",,scale,"255",,offset,"127",,native_field_num,"255",,,,,,,,,,,,,,,,,,,,,,,,,,,,,,,,,,,,,,,,,,,,,,,,,,,,,,,,,,,,,,,,,,,,,,,,,,,,,,,,,,,,,,,,,,,,,,,,,,,,,,,,,,,,,,,,,,,,,,,,,,,,,,,,,,,,,,,,,
Data,14,field_description,field_name,"lat",,fit_base_unit_id,"65535",,native_mesg_num,"19",,developer_data_index,"0",,field_definition_number,"3",,fit_base_type_id,"133",,scale,"255",,offset,"127",,native_field_num,"255",,,,,,,,,,,,,,,,,,,,,,,,,,,,,,,,,,,,,,,,,,,,,,,,,,,,,,,,,,,,,,,,,,,,,,,,,,,,,,,,,,,,,,,,,,,,,,,,,,,,,,,,,,,,,,,,,,,,,,,,,,,,,,,,,,,,,,,,,
Data,14,field_description,field_name,"lon",,fit_base_unit_id,"65535",,native_mesg_num,"19",,developer_data_index,"0",,field_definition_number,"4",,fit_base_type_id,"133",,scale,"255",,offset,"127",,native_field_num,"255",,,,,,,,,,,,,,,,,,,,,,,,,,,,,,,,,,,,,,,,,,,,,,,,,,,,,,,,,,,,,,,,,,,,,,,,,,,,,,,,,,,,,,,,,,,,,,,,,,,,,,,,,,,,,,,,,,,,,,,,,,,,,,,,,,,,,,,,,
Data,14,field_description,field_name,"lat2",,fit_base_unit_id,"65535",,native_mesg_num,"19",,developer_data_index,"0",,field_definition_number,"5",,fit_base_type_id,"133",,scale,"255",,offset,"127",,native_field_num,"255",,,,,,,,,,,,,,,,,,,,,,,,,,,,,,,,,,,,,,,,,,,,,,,,,,,,,,,,,,,,,,,,,,,,,,,,,,,,,,,,,,,,,,,,,,,,,,,,,,,,,,,,,,,,,,,,,,,,,,,,,,,,,,,,,,,,,,,,,
Data,14,field_description,field_name,"lon2",,fit_base_unit_id,"65535",,native_mesg_num,"19",,developer_data_index,"0",,field_definition_number,"6",,fit_base_type_id,"133",,scale,"255",,offset,"127",,native_field_num,"255",,,,,,,,,,,,,,,,,,,,,,,,,,,,,,,,,,,,,,,,,,,,,,,,,,,,,,,,,,,,,,,,,,,,,,,,,,,,,,,,,,,,,,,,,,,,,,,,,,,,,,,,,,,,,,,,,,,,,,,,,,,,,,,,,,,,,,,,,
Data,14,field_description,field_name,"twd",,fit_base_unit_id,"65535",,native_mesg_num,"19",,developer_data_index,"0",,field_definition_number,"7",,fit_base_type_id,"133",,scale,"255",,offset,"127",,native_field_num,"255",,,,,,,,,,,,,,,,,,,,,,,,,,,,,,,,,,,,,,,,,,,,,,,,,,,,,,,,,,,,,,,,,,,,,,,,,,,,,,,,,,,,,,,,,,,,,,,,,,,,,,,,,,,,,,,,,,,,,,,,,,,,,,,,,,,,,,,,,
Data,12,record,timestamp,"944854863",s,position_lat,"390348372",semicircles,position_long,"-1398431246",semicircles,distance,"762.58",m,altitude,"10.800000000000011",m,speed,"2.79",m/s,unknown,"0",,unknown,"100",,heart_rate,"97",bpm,cadence,"0",rpm,fractional_cadence,"0.0",rpm,enhanced_altitude,"10.800000000000011",m,enhanced_speed,"2.79",m/s,,,,,,,,,,,,,,,,,,,,,,,,,,,,,,,,,,,,,,,,,,,,,,,,,,,,,,,,,,,,,,,,,,,,,,,,,,,,,,,,,,,,,,,,,,,,,,,,,,,,,,,,,,,,,,,,,,,,,,,,,,,,
Definition,15,lap,timestamp,1,,start_time,1,,start_position_lat,1,,start_position_long,1,,end_position_lat,1,,end_position_long,1,,total_elapsed_time,1,,total_timer_time,1,,total_distance,1,,total_cycles,1,,unknown,1,,unknown,1,,unknown,1,,unknown,1,,total_work,1,,unknown,1,,message_index,1,,total_calories,1,,avg_speed,1,,max_speed,1,,avg_power,1,,max_power,1,,total_ascent,1,,total_descent,1,,num_lengths,1,,normalized_power,1,,left_right_balance,1,,first_length_index,1,,avg_stroke_distance,1,,num_active_lengths,1,,wkt_step_index,1,,unknown,1,,avg_stance_time_percent,1,,avg_stance_time,1,,unknown,1,,unknown,1,,unknown,1,,unknown,1,,unknown,1,,event,1,,event_type,1,,avg_heart_rate,1,,max_heart_rate,1,,avg_cadence,1,,max_cadence,1,,intensity,1,,lap_trigger,1,,sport,1,,event_group,1,,swim_stroke,1,,sub_sport,1,,avg_temperature,1,,max_temperature,1,,unknown,1,,avg_fractional_cadence,1,,max_fractional_cadence,1,,total_fractional_cycles,1,,unknown,1,,name,20,,type,7,,lat,1,,lon,1,,lat2,1,,lon2,1,,twd,1,,
Data,15,lap,timestamp,"944854863",s,start_time,"944854563",,start_position_lat,"390369713",semicircles,start_position_long,"-1398518623",semicircles,end_position_lat,"390348452",semicircles,end_position_long,"-1398431593",semicircles,total_elapsed_time,"299.803",s,total_timer_time,"299.803",s,total_distance,"759.76",m,total_cycles,"5",cycles,unknown,"390374091",,unknown,"-1398431593",,unknown,"390348452",,unknown,"-1398518623",,total_work,"4294967295",J,unknown,"4294967295",,message_index,"0",,total_calories,"35",kcal,avg_speed,"2.534",m/s,max_speed,"3.284",m/s,avg_power,"65535",watts,max_power,"65535",watts,total_ascent,"0",m,total_descent,"0",m,num_lengths,"65535",lengths,normalized_power,"65535",watts,left_right_balance,"65535",,first_length_index,"65535",,avg_stroke_distance,"65535",m,num_active_lengths,"65535",lengths,wkt_step_index,"65535",,unknown,"65535",,avg_stance_time_percent,"65535",percent,avg_stance_time,"65535",ms,unknown,"65535",,unknown,"65535",,unknown,"65535",,unknown,"65535",,unknown,"29",,event,"9",,event_type,"1",,avg_heart_rate,"107",bpm,max_heart_rate,"120",bpm,avg_cadence,"68",rpm,max_cadence,"79",rpm,intensity,"255",,lap_trigger,"0",,sport,"0",,event_group,"255",,swim_stroke,"255",,sub_sport,"0",,avg_temperature,"127",C,max_temperature,"127",C,unknown,"255",,avg_fractional_cadence,"0.0",rpm,max_fractional_cadence,"0.5",rpm,total_fractional_cycles,"255",cycles,unknown,"127",,enhanced_avg_speed,"2.534",m/s,enhanced_max_speed,"3.284",m/s,name,"StartTimeRecord",null,type,"Mark",null,lat,"0",null,lon,"0",null,lat2,"0",null,lon2,"0",null,twd,"148",null,
Definition,0,unknown,unknown,1,,unknown,7,,unknown,1,,unknown,1,,unknown,6,,unknown,1,,unknown,1,,unknown,1,,unknown,1,,,,,,,,,,,,,,,,,,,,,,,,,,,,,,,,,,,,,,,,,,,,,,,,,,,,,,,,,,,,,,,,,,,,,,,,,,,,,,,,,,,,,,,,,,,,,,,,,,,,,,,,,,,,,,,,,,,,,,,,,,,,,,,,,,,,,,,,,,,,,,,,,,,,,,,,,,,,,,,,,,,,,,,,,,,,,,,,
Data,0,unknown,unknown,"944854863",,unknown,"0|55555|230999|13000|0|0|0",,unknown,"19",,unknown,"0",,unknown,"84|100|117|134|150|167",,unknown,"1",,unknown,"167",,unknown,"81",,unknown,"255",,,,,,,,,,,,,,,,,,,,,,,,,,,,,,,,,,,,,,,,,,,,,,,,,,,,,,,,,,,,,,,,,,,,,,,,,,,,,,,,,,,,,,,,,,,,,,,,,,,,,,,,,,,,,,,,,,,,,,,,,,,,,,,,,,,,,,,,,,,,,,,,,,,,,,,,,,,,,,,,,,,,,,,,,,,,,,,,
Data,12,record,timestamp,"944854866",s,position_lat,"390348227",semicircles,position_long,"-1398430272",semicircles,distance,"770.33",m,altitude,"10.800000000000011",m,speed,"2.734",m/s,unknown,"0",,unknown,"100",,heart_rate,"97",bpm,cadence,"0",rpm,fractional_cadence,"0.0",rpm,enhanced_altitude,"10.800000000000011",m,enhanced_speed,"2.734",m/s,,,,,,,,,,,,,,,,,,,,,,,,,,,,,,,,,,,,,,,,,,,,,,,,,,,,,,,,,,,,,,,,,,,,,,,,,,,,,,,,,,,,,,,,,,,,,,,,,,,,,,,,,,,,,,,,,,,,,,,,,,,,,,,,,,,,,,,,,,,,,,,,,,,,,,,,,,,,,,,,,,,
Data,15,lap,timestamp,"944854866",s,start_time,"944854863",,start_position_lat,"390348372",semicircles,start_position_long,"-1398431246",semicircles,end_position_lat,"390348238",semicircles,end_position_long,"-1398430587",semicircles,total_elapsed_time,"2.898",s,total_timer_time,"2.898",s,total_distance,"8.15",m,total_cycles,"4294967295",cycles,unknown,"390348372",,unknown,"-1398430587",,unknown,"390348238",,unknown,"-1398431246",,total_work,"4294967295",J,unknown,"4294967295",,message_index,"1",,total_calories,"0",kcal,avg_speed,"2.812",m/s,max_speed,"2.79",m/s,avg_power,"65535",watts,max_power,"65535",watts,total_ascent,"0",m,total_descent,"0",m,num_lengths,"65535",lengths,normalized_power,"65535",watts,left_right_balance,"65535",,first_length_index,"65535",,avg_stroke_distance,"65535",m,num_active_lengths,"65535",lengths,wkt_step_index,"65535",,unknown,"65535",,avg_stance_time_percent,"65535",percent,avg_stance_time,"65535",ms,unknown,"65535",,unknown,"65535",,unknown,"65535",,unknown,"65535",,unknown,"1",,event,"9",,event_type,"1",,avg_heart_rate,"96",bpm,max_heart_rate,"97",bpm,avg_cadence,"255",rpm,max_cadence,"255",rpm,intensity,"255",,lap_trigger,"0",,sport,"0",,event_group,"255",,swim_stroke,"255",,sub_sport,"0",,avg_temperature,"127",C,max_temperature,"127",C,unknown,"255",,avg_fractional_cadence,"255",rpm,max_fractional_cadence,"255",rpm,total_fractional_cycles,"255",cycles,unknown,"127",,enhanced_avg_speed,"2.812",m/s,enhanced_max_speed,"2.79",m/s,name,"Auto Start Line",null,type,"Start",null,lat,"390342688",null,lon,"-1398441984",null,lat2,"390354016",null,lon2,"-1398420224",null,twd,"148",null,
Data,0,unknown,unknown,"944854866",,unknown,"0|2750|0|0|0|0|0",,unknown,"19",,unknown,"1",,unknown,"84|100|117|134|150|167",,unknown,"1",,unknown,"167",,unknown,"81",,unknown,"255",,,,,,,,,,,,,,,,,,,,,,,,,,,,,,,,,,,,,,,,,,,,,,,,,,,,,,,,,,,,,,,,,,,,,,,,,,,,,,,,,,,,,,,,,,,,,,,,,,,,,,,,,,,,,,,,,,,,,,,,,,,,,,,,,,,,,,,,,,,,,,,,,,,,,,,,,,,,,,,,,,,,,,,,,,,,,,,,
Data,12,record,timestamp,"944854872",s,position_lat,"390347952",semicircles,position_long,"-1398428532",semicircles,distance,"784.27",m,altitude,"10.800000000000011",m,speed,"2.165",m/s,unknown,"0",,unknown,"100",,heart_rate,"100",bpm,cadence,"0",rpm,fractional_cadence,"0.0",rpm,enhanced_altitude,"10.800000000000011",m,enhanced_speed,"2.165",m/s,,,,,,,,,,,,,,,,,,,,,,,,,,,,,,,,,,,,,,,,,,,,,,,,,,,,,,,,,,,,,,,,,,,,,,,,,,,,,,,,,,,,,,,,,,,,,,,,,,,,,,,,,,,,,,,,,,,,,,,,,,,,,,,,,,,,,,,,,,,,,,,,,,,,,,,,,,,,,,,,,,,
Data,12,record,timestamp,"944854874",s,position_lat,"390347936",semicircles,position_long,"-1398428043",semicircles,distance,"788.09",m,altitude,"11.0",m,speed,"2.043",m/s,unknown,"0",,unknown,"100",,heart_rate,"102",bpm,cadence,"0",rpm,fractional_cadence,"0.0",rpm,enhanced_altitude,"11.0",m,enhanced_speed,"2.043",m/s,,,,,,,,,,,,,,,,,,,,,,,,,,,,,,,,,,,,,,,,,,,,,,,,,,,,,,,,,,,,,,,,,,,,,,,,,,,,,,,,,,,,,,,,,,,,,,,,,,,,,,,,,,,,,,,,,,,,,,,,,,,,,,,,,,,,,,,,,,,,,,,,,,,,,,,,,,,,,,,,,,,
Data,12,record,timestamp,"944854876",s,position_lat,"390348054",semicircles,position_long,"-1398427612",semicircles,distance,"791.49",m,altitude,"11.199999999999989",m,speed,"1.829",m/s,unknown,"0",,unknown,"100",,heart_rate,"105",bpm,cadence,"0",rpm,fractional_cadence,"0.0",rpm,enhanced_altitude,"11.199999999999989",m,enhanced_speed,"1.829",m/s,,,,,,,,,,,,,,,,,,,,,,,,,,,,,,,,,,,,,,,,,,,,,,,,,,,,,,,,,,,,,,,,,,,,,,,,,,,,,,,,,,,,,,,,,,,,,,,,,,,,,,,,,,,,,,,,,,,,,,,,,,,,,,,,,,,,,,,,,,,,,,,,,,,,,,,,,,,,,,,,,,,
Data,12,record,timestamp,"944854880",s,position_lat,"390348534",semicircles,position_long,"-1398427134",semicircles,distance,"796.98",m,altitude,"11.399999999999977",m,speed,"1.288",m/s,unknown,"0",,unknown,"100",,heart_rate,"108",bpm,cadence,"0",rpm,fractional_cadence,"0.0",rpm,enhanced_altitude,"11.399999999999977",m,enhanced_speed,"1.288",m/s,,,,,,,,,,,,,,,,,,,,,,,,,,,,,,,,,,,,,,,,,,,,,,,,,,,,,,,,,,,,,,,,,,,,,,,,,,,,,,,,,,,,,,,,,,,,,,,,,,,,,,,,,,,,,,,,,,,,,,,,,,,,,,,,,,,,,,,,,,,,,,,,,,,,,,,,,,,,,,,,,,,
Data,12,record,timestamp,"944854881",s,position_lat,"390348623",semicircles,position_long,"-1398427069",semicircles,distance,"797.95",m,altitude,"11.399999999999977",m,speed,"1.25",m/s,unknown,"0",,unknown,"100",,heart_rate,"108",bpm,cadence,"73",rpm,fractional_cadence,"0.5",rpm,enhanced_altitude,"11.399999999999977",m,enhanced_speed,"1.25",m/s,,,,,,,,,,,,,,,,,,,,,,,,,,,,,,,,,,,,,,,,,,,,,,,,,,,,,,,,,,,,,,,,,,,,,,,,,,,,,,,,,,,,,,,,,,,,,,,,,,,,,,,,,,,,,,,,,,,,,,,,,,,,,,,,,,,,,,,,,,,,,,,,,,,,,,,,,,,,,,,,,,,
Data,12,record,timestamp,"944854885",s,position_lat,"390349120",semicircles,position_long,"-1398427137",semicircles,distance,"802.65",m,altitude,"11.199999999999989",m,speed,"1.064",m/s,unknown,"0",,unknown,"100",,heart_rate,"112",bpm,cadence,"0",rpm,fractional_cadence,"0.0",rpm,enhanced_altitude,"11.199999999999989",m,enhanced_speed,"1.064",m/s,,,,,,,,,,,,,,,,,,,,,,,,,,,,,,,,,,,,,,,,,,,,,,,,,,,,,,,,,,,,,,,,,,,,,,,,,,,,,,,,,,,,,,,,,,,,,,,,,,,,,,,,,,,,,,,,,,,,,,,,,,,,,,,,,,,,,,,,,,,,,,,,,,,,,,,,,,,,,,,,,,,
Data,12,record,timestamp,"944854888",s,position_lat,"390349540",semicircles,position_long,"-1398427613",semicircles,distance,"807.99",m,altitude,"11.199999999999989",m,speed,"1.306",m/s,unknown,"0",,unknown,"100",,heart_rate,"114",bpm,cadence,"50",rpm,fractional_cadence,"0.5",rpm,enhanced_altitude,"11.199999999999989",m,enhanced_speed,"1.306",m/s,,,,,,,,,,,,,,,,,,,,,,,,,,,,,,,,,,,,,,,,,,,,,,,,,,,,,,,,,,,,,,,,,,,,,,,,,,,,,,,,,,,,,,,,,,,,,,,,,,,,,,,,,,,,,,,,,,,,,,,,,,,,,,,,,,,,,,,,,,,,,,,,,,,,,,,,,,,,,,,,,,,
Data,12,record,timestamp,"944854897",s,position_lat,"390350168",semicircles,position_long,"-1398429223",semicircles,distance,"821.8",m,altitude,"11.0",m,speed,"1.642",m/s,unknown,"0",,unknown,"100",,heart_rate,"115",bpm,cadence,"0",rpm,fractional_cadence,"0.0",rpm,enhanced_altitude,"11.0",m,enhanced_speed,"1.642",m/s,,,,,,,,,,,,,,,,,,,,,,,,,,,,,,,,,,,,,,,,,,,,,,,,,,,,,,,,,,,,,,,,,,,,,,,,,,,,,,,,,,,,,,,,,,,,,,,,,,,,,,,,,,,,,,,,,,,,,,,,,,,,,,,,,,,,,,,,,,,,,,,,,,,,,,,,,,,,,,,,,,,
Data,12,record,timestamp,"944854908",s,position_lat,"390350979",semicircles,position_long,"-1398431099",semicircles,distance,"838.41",m,altitude,"11.800000000000011",m,speed,"1.325",m/s,unknown,"0",,unknown,"100",,heart_rate,"116",bpm,cadence,"0",rpm,fractional_cadence,"0.0",rpm,enhanced_altitude,"11.800000000000011",m,enhanced_speed,"1.325",m/s,,,,,,,,,,,,,,,,,,,,,,,,,,,,,,,,,,,,,,,,,,,,,,,,,,,,,,,,,,,,,,,,,,,,,,,,,,,,,,,,,,,,,,,,,,,,,,,,,,,,,,,,,,,,,,,,,,,,,,,,,,,,,,,,,,,,,,,,,,,,,,,,,,,,,,,,,,,,,,,,,,,
Data,12,record,timestamp,"944854909",s,position_lat,"390351039",semicircles,position_long,"-1398431254",semicircles,distance,"839.75",m,altitude,"11.800000000000011",m,speed,"1.306",m/s,unknown,"0",,unknown,"100",,heart_rate,"113",bpm,cadence,"0",rpm,fractional_cadence,"0.0",rpm,enhanced_altitude,"11.800000000000011",m,enhanced_speed,"1.306",m/s,,,,,,,,,,,,,,,,,,,,,,,,,,,,,,,,,,,,,,,,,,,,,,,,,,,,,,,,,,,,,,,,,,,,,,,,,,,,,,,,,,,,,,,,,,,,,,,,,,,,,,,,,,,,,,,,,,,,,,,,,,,,,,,,,,,,,,,,,,,,,,,,,,,,,,,,,,,,,,,,,,,
Data,12,record,timestamp,"944854914",s,position_lat,"390351381",semicircles,position_long,"-1398432071",semicircles,distance,"846.93",m,altitude,"11.800000000000011",m,speed,"1.381",m/s,unknown,"0",,unknown,"100",,heart_rate,"116",bpm,cadence,"0",rpm,fractional_cadence,"0.0",rpm,enhanced_altitude,"11.800000000000011",m,enhanced_speed,"1.381",m/s,,,,,,,,,,,,,,,,,,,,,,,,,,,,,,,,,,,,,,,,,,,,,,,,,,,,,,,,,,,,,,,,,,,,,,,,,,,,,,,,,,,,,,,,,,,,,,,,,,,,,,,,,,,,,,,,,,,,,,,,,,,,,,,,,,,,,,,,,,,,,,,,,,,,,,,,,,,,,,,,,,,
Data,15,lap,timestamp,"944854914",s,start_time,"944854866",,start_position_lat,"390348227",semicircles,start_position_long,"-1398430272",semicircles,end_position_lat,"390351292",semicircles,end_position_long,"-1398431937",semicircles,total_elapsed_time,"48.109",s,total_timer_time,"48.109",s,total_distance,"77.7",m,total_cycles,"9",cycles,unknown,"390351292",,unknown,"-1398426984",,unknown,"390347929",,unknown,"-1398431937",,total_work,"4294967295",J,unknown,"4294967295",,message_index,"2",,total_calories,"5",kcal,avg_speed,"1.615",m/s,max_speed,"2.743",m/s,avg_power,"65535",watts,max_power,"65535",watts,total_ascent,"2",m,total_descent,"0",m,num_lengths,"65535",lengths,normalized_power,"65535",watts,left_right_balance,"65535",,first_length_index,"65535",,avg_stroke_distance,"65535",m,num_active_lengths,"65535",lengths,wkt_step_index,"65535",,unknown,"65535",,avg_stance_time_percent,"65535",percent,avg_stance_time,"65535",ms,unknown,"65535",,unknown,"65535",,unknown,"65535",,unknown,"65535",,unknown,"5",,event,"9",,event_type,"1",,avg_heart_rate,"110",bpm,max_heart_rate,"117",bpm,avg_cadence,"69",rpm,max_cadence,"76",rpm,intensity,"255",,lap_trigger,"0",,sport,"0",,event_group,"255",,swim_stroke,"255",,sub_sport,"0",,avg_temperature,"127",C,max_temperature,"127",C,unknown,"255",,avg_fractional_cadence,"0.5",rpm,max_fractional_cadence,"0.0",rpm,total_fractional_cycles,"255",cycles,unknown,"127",,enhanced_avg_speed,"1.615",m/s,enhanced_max_speed,"2.743",m/s,name," LM: RCB ",null,type,"Mark",null,lat,"390348352",null,lon,"-1398431104",null,lat2,"0",null,lon2,"0",null,twd,"148",null,
Data,0,unknown,unknown,"944854914",,unknown,"0|5853|41001|999|0|0|0",,unknown,"19",,unknown,"2",,unknown,"84|100|117|134|150|167",,unknown,"1",,unknown,"167",,unknown,"81",,unknown,"255",,,,,,,,,,,,,,,,,,,,,,,,,,,,,,,,,,,,,,,,,,,,,,,,,,,,,,,,,,,,,,,,,,,,,,,,,,,,,,,,,,,,,,,,,,,,,,,,,,,,,,,,,,,,,,,,,,,,,,,,,,,,,,,,,,,,,,,,,,,,,,,,,,,,,,,,,,,,,,,,,,,,,,,,,,,,,,,,
Data,12,record,timestamp,"944854919",s,position_lat,"390351831",semicircles,position_long,"-1398432692",semicircles,distance,"853.35",m,altitude,"11.800000000000011",m,speed,"1.297",m/s,unknown,"0",,unknown,"100",,heart_rate,"116",bpm,cadence,"0",rpm,fractional_cadence,"0.0",rpm,enhanced_altitude,"11.800000000000011",m,enhanced_speed,"1.297",m/s,,,,,,,,,,,,,,,,,,,,,,,,,,,,,,,,,,,,,,,,,,,,,,,,,,,,,,,,,,,,,,,,,,,,,,,,,,,,,,,,,,,,,,,,,,,,,,,,,,,,,,,,,,,,,,,,,,,,,,,,,,,,,,,,,,,,,,,,,,,,,,,,,,,,,,,,,,,,,,,,,,,
Data,12,record,timestamp,"944854921",s,position_lat,"390352103",semicircles,position_long,"-1398432892",semicircles,distance,"856.3",m,altitude,"11.800000000000011",m,speed,"1.334",m/s,unknown,"0",,unknown,"100",,heart_rate,"113",bpm,cadence,"65",rpm,fractional_cadence,"0.5",rpm,enhanced_altitude,"11.800000000000011",m,enhanced_speed,"1.334",m/s,,,,,,,,,,,,,,,,,,,,,,,,,,,,,,,,,,,,,,,,,,,,,,,,,,,,,,,,,,,,,,,,,,,,,,,,,,,,,,,,,,,,,,,,,,,,,,,,,,,,,,,,,,,,,,,,,,,,,,,,,,,,,,,,,,,,,,,,,,,,,,,,,,,,,,,,,,,,,,,,,,,
Data,12,record,timestamp,"944854928",s,position_lat,"390352921",semicircles,position_long,"-1398433598",semicircles,distance,"865.87",m,altitude,"11.199999999999989",m,speed,"1.11",m/s,unknown,"0",,unknown,"100",,heart_rate,"112",bpm,cadence,"0",rpm,fractional_cadence,"0.0",rpm,enhanced_altitude,"11.199999999999989",m,enhanced_speed,"1.11",m/s,,,,,,,,,,,,,,,,,,,,,,,,,,,,,,,,,,,,,,,,,,,,,,,,,,,,,,,,,,,,,,,,,,,,,,,,,,,,,,,,,,,,,,,,,,,,,,,,,,,,,,,,,,,,,,,,,,,,,,,,,,,,,,,,,,,,,,,,,,,,,,,,,,,,,,,,,,,,,,,,,,,
Data,12,record,timestamp,"944854930",s,position_lat,"390353052",semicircles,position_long,"-1398433818",semicircles,distance,"867.96",m,altitude,"11.600000000000023",m,speed,"1.054",m/s,unknown,"0",,unknown,"100",,heart_rate,"115",bpm,cadence,"0",rpm,fractional_cadence,"0.0",rpm,enhanced_altitude,"11.600000000000023",m,enhanced_speed,"1.054",m/s,,,,,,,,,,,,,,,,,,,,,,,,,,,,,,,,,,,,,,,,,,,,,,,,,,,,,,,,,,,,,,,,,,,,,,,,,,,,,,,,,,,,,,,,,,,,,,,,,,,,,,,,,,,,,,,,,,,,,,,,,,,,,,,,,,,,,,,,,,,,,,,,,,,,,,,,,,,,,,,,,,,
Data,12,record,timestamp,"944854941",s,position_lat,"390353731",semicircles,position_long,"-1398435186",semicircles,distance,"880.43",m,altitude,"11.399999999999977",m,speed,"1.12",m/s,unknown,"0",,unknown,"100",,heart_rate,"115",bpm,cadence,"0",rpm,fractional_cadence,"0.0",rpm,enhanced_altitude,"11.399999999999977",m,enhanced_speed,"1.12",m/s,,,,,,,,,,,,,,,,,,,,,,,,,,,,,,,,,,,,,,,,,,,,,,,,,,,,,,,,,,,,,,,,,,,,,,,,,,,,,,,,,,,,,,,,,,,,,,,,,,,,,,,,,,,,,,,,,,,,,,,,,,,,,,,,,,,,,,,,,,,,,,,,,,,,,,,,,,,,,,,,,,,
Data,12,record,timestamp,"944854958",s,position_lat,"390354824",semicircles,position_long,"-1398437232",semicircles,distance,"899.45",m,altitude,"11.0",m,speed,"1.026",m/s,unknown,"0",,unknown,"100",,heart_rate,"115",bpm,cadence,"0",rpm,fractional_cadence,"0.0",rpm,enhanced_altitude,"11.0",m,enhanced_speed,"1.026",m/s,,,,,,,,,,,,,,,,,,,,,,,,,,,,,,,,,,,,,,,,,,,,,,,,,,,,,,,,,,,,,,,,,,,,,,,,,,,,,,,,,,,,,,,,,,,,,,,,,,,,,,,,,,,,,,,,,,,,,,,,,,,,,,,,,,,,,,,,,,,,,,,,,,,,,,,,,,,,,,,,,,,
Data,12,record,timestamp,"944854970",s,position_lat,"390355640",semicircles,position_long,"-1398438265",semicircles,distance,"910.96",m,altitude,"10.199999999999989",m,speed,"0.877",m/s,unknown,"0",,unknown,"100",,heart_rate,"115",bpm,cadence,"0",rpm,fractional_cadence,"0.0",rpm,enhanced_altitude,"10.199999999999989",m,enhanced_speed,"0.877",m/s,,,,,,,,,,,,,,,,,,,,,,,,,,,,,,,,,,,,,,,,,,,,,,,,,,,,,,,,,,,,,,,,,,,,,,,,,,,,,,,,,,,,,,,,,,,,,,,,,,,,,,,,,,,,,,,,,,,,,,,,,,,,,,,,,,,,,,,,,,,,,,,,,,,,,,,,,,,,,,,,,,,
Data,12,record,timestamp,"944854972",s,position_lat,"390355809",semicircles,position_long,"-1398438314",semicircles,distance,"912.59",m,altitude,"10.199999999999989",m,speed,"0.998",m/s,unknown,"0",,unknown,"100",,heart_rate,"115",bpm,cadence,"0",rpm,fractional_cadence,"0.0",rpm,enhanced_altitude,"10.199999999999989",m,enhanced_speed,"0.998",m/s,,,,,,,,,,,,,,,,,,,,,,,,,,,,,,,,,,,,,,,,,,,,,,,,,,,,,,,,,,,,,,,,,,,,,,,,,,,,,,,,,,,,,,,,,,,,,,,,,,,,,,,,,,,,,,,,,,,,,,,,,,,,,,,,,,,,,,,,,,,,,,,,,,,,,,,,,,,,,,,,,,,
Data,12,record,timestamp,"944854978",s,position_lat,"390356691",semicircles,position_long,"-1398437824",semicircles,distance,"921.68",m,altitude,"10.600000000000023",m,speed,"1.726",m/s,unknown,"0",,unknown,"100",,heart_rate,"118",bpm,cadence,"0",rpm,fractional_cadence,"0.0",rpm,enhanced_altitude,"10.600000000000023",m,enhanced_speed,"1.726",m/s,,,,,,,,,,,,,,,,,,,,,,,,,,,,,,,,,,,,,,,,,,,,,,,,,,,,,,,,,,,,,,,,,,,,,,,,,,,,,,,,,,,,,,,,,,,,,,,,,,,,,,,,,,,,,,,,,,,,,,,,,,,,,,,,,,,,,,,,,,,,,,,,,,,,,,,,,,,,,,,,,,,
Data,12,record,timestamp,"944854982",s,position_lat,"390357206",semicircles,position_long,"-1398437076",semicircles,distance,"929.1",m,altitude,"11.199999999999989",m,speed,"1.885",m/s,unknown,"0",,unknown,"100",,heart_rate,"114",bpm,cadence,"0",rpm,fractional_cadence,"0.0",rpm,enhanced_altitude,"11.199999999999989",m,enhanced_speed,"1.885",m/s,,,,,,,,,,,,,,,,,,,,,,,,,,,,,,,,,,,,,,,,,,,,,,,,,,,,,,,,,,,,,,,,,,,,,,,,,,,,,,,,,,,,,,,,,,,,,,,,,,,,,,,,,,,,,,,,,,,,,,,,,,,,,,,,,,,,,,,,,,,,,,,,,,,,,,,,,,,,,,,,,,,
Data,12,record,timestamp,"944854988",s,position_lat,"390358098",semicircles,position_long,"-1398435859",semicircles,distance,"941.74",m,altitude,"11.399999999999977",m,speed,"2.025",m/s,unknown,"0",,unknown,"100",,heart_rate,"115",bpm,cadence,"0",rpm,fractional_cadence,"0.0",rpm,enhanced_altitude,"11.399999999999977",m,enhanced_speed,"2.025",m/s,,,,,,,,,,,,,,,,,,,,,,,,,,,,,,,,,,,,,,,,,,,,,,,,,,,,,,,,,,,,,,,,,,,,,,,,,,,,,,,,,,,,,,,,,,,,,,,,,,,,,,,,,,,,,,,,,,,,,,,,,,,,,,,,,,,,,,,,,,,,,,,,,,,,,,,,,,,,,,,,,,,
Data,12,record,timestamp,"944855001",s,position_lat,"390360274",semicircles,position_long,"-1398432923",semicircles,distance,"972.53",m,altitude,"11.600000000000023",m,speed,"2.053",m/s,unknown,"0",,unknown,"100",,heart_rate,"111",bpm,cadence,"0",rpm,fractional_cadence,"0.0",rpm,enhanced_altitude,"11.600000000000023",m,enhanced_speed,"2.053",m/s,,,,,,,,,,,,,,,,,,,,,,,,,,,,,,,,,,,,,,,,,,,,,,,,,,,,,,,,,,,,,,,,,,,,,,,,,,,,,,,,,,,,,,,,,,,,,,,,,,,,,,,,,,,,,,,,,,,,,,,,,,,,,,,,,,,,,,,,,,,,,,,,,,,,,,,,,,,,,,,,,,,
Data,12,record,timestamp,"944855002",s,position_lat,"390360402",semicircles,position_long,"-1398432721",semicircles,distance,"974.52",m,altitude,"11.600000000000023",m,speed,"2.006",m/s,unknown,"0",,unknown,"100",,heart_rate,"114",bpm,cadence,"0",rpm,fractional_cadence,"0.0",rpm,enhanced_altitude,"11.600000000000023",m,enhanced_speed,"2.006",m/s,,,,,,,,,,,,,,,,,,,,,,,,,,,,,,,,,,,,,,,,,,,,,,,,,,,,,,,,,,,,,,,,,,,,,,,,,,,,,,,,,,,,,,,,,,,,,,,,,,,,,,,,,,,,,,,,,,,,,,,,,,,,,,,,,,,,,,,,,,,,,,,,,,,,,,,,,,,,,,,,,,,
Data,12,record,timestamp,"944855009",s,position_lat,"390361514",semicircles,position_long,"-1398431338",semicircles,distance,"989.52",m,altitude,"11.600000000000023",m,speed,"2.155",m/s,unknown,"0",,unknown,"100",,heart_rate,"110",bpm,cadence,"0",rpm,fractional_cadence,"0.0",rpm,enhanced_altitude,"11.600000000000023",m,enhanced_speed,"2.155",m/s,,,,,,,,,,,,,,,,,,,,,,,,,,,,,,,,,,,,,,,,,,,,,,,,,,,,,,,,,,,,,,,,,,,,,,,,,,,,,,,,,,,,,,,,,,,,,,,,,,,,,,,,,,,,,,,,,,,,,,,,,,,,,,,,,,,,,,,,,,,,,,,,,,,,,,,,,,,,,,,,,,,
Data,12,record,timestamp,"944855012",s,position_lat,"390361994",semicircles,position_long,"-1398430732",semicircles,distance,"996.05",m,altitude,"11.600000000000023",m,speed,"2.062",m/s,unknown,"0",,unknown,"100",,heart_rate,"111",bpm,cadence,"0",rpm,fractional_cadence,"0.0",rpm,enhanced_altitude,"11.600000000000023",m,enhanced_speed,"2.062",m/s,,,,,,,,,,,,,,,,,,,,,,,,,,,,,,,,,,,,,,,,,,,,,,,,,,,,,,,,,,,,,,,,,,,,,,,,,,,,,,,,,,,,,,,,,,,,,,,,,,,,,,,,,,,,,,,,,,,,,,,,,,,,,,,,,,,,,,,,,,,,,,,,,,,,,,,,,,,,,,,,,,,
Data,12,record,timestamp,"944855020",s,position_lat,"390363096",semicircles,position_long,"-1398428971",semicircles,distance,"1013.3",m,altitude,"11.199999999999989",m,speed,"2.155",m/s,unknown,"0",,unknown,"100",,heart_rate,"108",bpm,cadence,"64",rpm,fractional_cadence,"0.5",rpm,enhanced_altitude,"11.199999999999989",m,enhanced_speed,"2.155",m/s,,,,,,,,,,,,,,,,,,,,,,,,,,,,,,,,,,,,,,,,,,,,,,,,,,,,,,,,,,,,,,,,,,,,,,,,,,,,,,,,,,,,,,,,,,,,,,,,,,,,,,,,,,,,,,,,,,,,,,,,,,,,,,,,,,,,,,,,,,,,,,,,,,,,,,,,,,,,,,,,,,,
Data,12,record,timestamp,"944855025",s,position_lat,"390363809",semicircles,position_long,"-1398427947",semicircles,distance,"1023.73",m,altitude,"11.0",m,speed,"2.137",m/s,unknown,"0",,unknown,"100",,heart_rate,"106",bpm,cadence,"0",rpm,fractional_cadence,"0.0",rpm,enhanced_altitude,"11.0",m,enhanced_speed,"2.137",m/s,,,,,,,,,,,,,,,,,,,,,,,,,,,,,,,,,,,,,,,,,,,,,,,,,,,,,,,,,,,,,,,,,,,,,,,,,,,,,,,,,,,,,,,,,,,,,,,,,,,,,,,,,,,,,,,,,,,,,,,,,,,,,,,,,,,,,,,,,,,,,,,,,,,,,,,,,,,,,,,,,,,
Data,12,record,timestamp,"944855026",s,position_lat,"390363953",semicircles,position_long,"-1398427729",semicircles,distance,"1025.9",m,altitude,"11.0",m,speed,"2.174",m/s,unknown,"0",,unknown,"100",,heart_rate,"109",bpm,cadence,"0",rpm,fractional_cadence,"0.0",rpm,enhanced_altitude,"11.0",m,enhanced_speed,"2.174",m/s,,,,,,,,,,,,,,,,,,,,,,,,,,,,,,,,,,,,,,,,,,,,,,,,,,,,,,,,,,,,,,,,,,,,,,,,,,,,,,,,,,,,,,,,,,,,,,,,,,,,,,,,,,,,,,,,,,,,,,,,,,,,,,,,,,,,,,,,,,,,,,,,,,,,,,,,,,,,,,,,,,,
Data,12,record,timestamp,"944855030",s,position_lat,"390364426",semicircles,position_long,"-1398426874",semicircles,distance,"1033.88",m,altitude,"10.600000000000023",m,speed,"2.081",m/s,unknown,"0",,unknown,"100",,heart_rate,"113",bpm,cadence,"0",rpm,fractional_cadence,"0.0",rpm,enhanced_altitude,"10.600000000000023",m,enhanced_speed,"2.081",m/s,,,,,,,,,,,,,,,,,,,,,,,,,,,,,,,,,,,,,,,,,,,,,,,,,,,,,,,,,,,,,,,,,,,,,,,,,,,,,,,,,,,,,,,,,,,,,,,,,,,,,,,,,,,,,,,,,,,,,,,,,,,,,,,,,,,,,,,,,,,,,,,,,,,,,,,,,,,,,,,,,,,
Data,12,record,timestamp,"944855039",s,position_lat,"390365703",semicircles,position_long,"-1398425002",semicircles,distance,"1052.78",m,altitude,"10.800000000000011",m,speed,"2.062",m/s,unknown,"0",,unknown,"100",,heart_rate,"114",bpm,cadence,"0",rpm,fractional_cadence,"0.0",rpm,enhanced_altitude,"10.800000000000011",m,enhanced_speed,"2.062",m/s,,,,,,,,,,,,,,,,,,,,,,,,,,,,,,,,,,,,,,,,,,,,,,,,,,,,,,,,,,,,,,,,,,,,,,,,,,,,,,,,,,,,,,,,,,,,,,,,,,,,,,,,,,,,,,,,,,,,,,,,,,,,,,,,,,,,,,,,,,,,,,,,,,,,,,,,,,,,,,,,,,,
Data,12,record,timestamp,"944855043",s,position_lat,"390366211",semicircles,position_long,"-1398424140",semicircles,distance,"1061.04",m,altitude,"10.600000000000023",m,speed,"2.025",m/s,unknown,"0",,unknown,"100",,heart_rate,"117",bpm,cadence,"0",rpm,fractional_cadence,"0.0",rpm,enhanced_altitude,"10.600000000000023",m,enhanced_speed,"2.025",m/s,,,,,,,,,,,,,,,,,,,,,,,,,,,,,,,,,,,,,,,,,,,,,,,,,,,,,,,,,,,,,,,,,,,,,,,,,,,,,,,,,,,,,,,,,,,,,,,,,,,,,,,,,,,,,,,,,,,,,,,,,,,,,,,,,,,,,,,,,,,,,,,,,,,,,,,,,,,,,,,,,,,
Data,12,record,timestamp,"944855044",s,position_lat,"390366334",semicircles,position_long,"-1398423930",semicircles,distance,"1063.04",m,altitude,"10.600000000000023",m,speed,"2.034",m/s,unknown,"0",,unknown,"100",,heart_rate,"114",bpm,cadence,"0",rpm,fractional_cadence,"0.0",rpm,enhanced_altitude,"10.600000000000023",m,enhanced_speed,"2.034",m/s,,,,,,,,,,,,,,,,,,,,,,,,,,,,,,,,,,,,,,,,,,,,,,,,,,,,,,,,,,,,,,,,,,,,,,,,,,,,,,,,,,,,,,,,,,,,,,,,,,,,,,,,,,,,,,,,,,,,,,,,,,,,,,,,,,,,,,,,,,,,,,,,,,,,,,,,,,,,,,,,,,,
Data,12,record,timestamp,"944855054",s,position_lat,"390367658",semicircles,position_long,"-1398421489",semicircles,distance,"1085.84",m,altitude,"10.600000000000023",m,speed,"2.258",m/s,unknown,"0",,unknown,"100",,heart_rate,"112",bpm,cadence,"0",rpm,fractional_cadence,"0.0",rpm,enhanced_altitude,"10.600000000000023",m,enhanced_speed,"2.258",m/s,,,,,,,,,,,,,,,,,,,,,,,,,,,,,,,,,,,,,,,,,,,,,,,,,,,,,,,,,,,,,,,,,,,,,,,,,,,,,,,,,,,,,,,,,,,,,,,,,,,,,,,,,,,,,,,,,,,,,,,,,,,,,,,,,,,,,,,,,,,,,,,,,,,,,,,,,,,,,,,,,,,
Data,12,record,timestamp,"944855063",s,position_lat,"390369025",semicircles,position_long,"-1398419366",semicircles,distance,"1106.83",m,altitude,"10.600000000000023",m,speed,"2.267",m/s,unknown,"0",,unknown,"100",,heart_rate,"108",bpm,cadence,"0",rpm,fractional_cadence,"0.0",rpm,enhanced_altitude,"10.600000000000023",m,enhanced_speed,"2.267",m/s,,,,,,,,,,,,,,,,,,,,,,,,,,,,,,,,,,,,,,,,,,,,,,,,,,,,,,,,,,,,,,,,,,,,,,,,,,,,,,,,,,,,,,,,,,,,,,,,,,,,,,,,,,,,,,,,,,,,,,,,,,,,,,,,,,,,,,,,,,,,,,,,,,,,,,,,,,,,,,,,,,,
Data,12,record,timestamp,"944855064",s,position_lat,"390369193",semicircles,position_long,"-1398419150",semicircles,distance,"1109.13",m,altitude,"10.600000000000023",m,speed,"2.267",m/s,unknown,"0",,unknown,"100",,heart_rate,"111",bpm,cadence,"0",rpm,fractional_cadence,"0.0",rpm,enhanced_altitude,"10.600000000000023",m,enhanced_speed,"2.267",m/s,,,,,,,,,,,,,,,,,,,,,,,,,,,,,,,,,,,,,,,,,,,,,,,,,,,,,,,,,,,,,,,,,,,,,,,,,,,,,,,,,,,,,,,,,,,,,,,,,,,,,,,,,,,,,,,,,,,,,,,,,,,,,,,,,,,,,,,,,,,,,,,,,,,,,,,,,,,,,,,,,,,
Data,12,record,timestamp,"944855065",s,position_lat,"390369357",semicircles,position_long,"-1398418934",semicircles,distance,"1111.41",m,altitude,"10.600000000000023",m,speed,"2.23",m/s,unknown,"0",,unknown,"100",,heart_rate,"110",bpm,cadence,"0",rpm,fractional_cadence,"0.0",rpm,enhanced_altitude,"10.600000000000023",m,enhanced_speed,"2.23",m/s,,,,,,,,,,,,,,,,,,,,,,,,,,,,,,,,,,,,,,,,,,,,,,,,,,,,,,,,,,,,,,,,,,,,,,,,,,,,,,,,,,,,,,,,,,,,,,,,,,,,,,,,,,,,,,,,,,,,,,,,,,,,,,,,,,,,,,,,,,,,,,,,,,,,,,,,,,,,,,,,,,,
Data,12,record,timestamp,"944855077",s,position_lat,"390370980",semicircles,position_long,"-1398416492",semicircles,distance,"1135.85",m,altitude,"10.800000000000011",m,speed,"2.081",m/s,unknown,"0",,unknown,"100",,heart_rate,"111",bpm,cadence,"0",rpm,fractional_cadence,"0.0",rpm,enhanced_altitude,"10.800000000000011",m,enhanced_speed,"2.081",m/s,,,,,,,,,,,,,,,,,,,,,,,,,,,,,,,,,,,,,,,,,,,,,,,,,,,,,,,,,,,,,,,,,,,,,,,,,,,,,,,,,,,,,,,,,,,,,,,,,,,,,,,,,,,,,,,,,,,,,,,,,,,,,,,,,,,,,,,,,,,,,,,,,,,,,,,,,,,,,,,,,,,
Data,12,record,timestamp,"944855091",s,position_lat,"390372871",semicircles,position_long,"-1398413434",semicircles,distance,"1165.64",m,altitude,"11.0",m,speed,"2.174",m/s,unknown,"0",,unknown,"100",,heart_rate,"110",bpm,cadence,"0",rpm,fractional_cadence,"0.0",rpm,enhanced_altitude,"11.0",m,enhanced_speed,"2.174",m/s,,,,,,,,,,,,,,,,,,,,,,,,,,,,,,,,,,,,,,,,,,,,,,,,,,,,,,,,,,,,,,,,,,,,,,,,,,,,,,,,,,,,,,,,,,,,,,,,,,,,,,,,,,,,,,,,,,,,,,,,,,,,,,,,,,,,,,,,,,,,,,,,,,,,,,,,,,,,,,,,,,,
Data,12,record,timestamp,"944855101",s,position_lat,"390374938",semicircles,position_long,"-1398410747",semicircles,distance,"1194.21",m,altitude,"10.800000000000011",m,speed,"3.219",m/s,unknown,"0",,unknown,"100",,heart_rate,"113",bpm,cadence,"0",rpm,fractional_cadence,"0.0",rpm,enhanced_altitude,"10.800000000000011",m,enhanced_speed,"3.219",m/s,,,,,,,,,,,,,,,,,,,,,,,,,,,,,,,,,,,,,,,,,,,,,,,,,,,,,,,,,,,,,,,,,,,,,,,,,,,,,,,,,,,,,,,,,,,,,,,,,,,,,,,,,,,,,,,,,,,,,,,,,,,,,,,,,,,,,,,,,,,,,,,,,,,,,,,,,,,,,,,,,,,
Data,12,record,timestamp,"944855110",s,position_lat,"390376665",semicircles,position_long,"-1398408737",semicircles,distance,"1216.8",m,altitude,"10.800000000000011",m,speed,"2.221",m/s,unknown,"0",,unknown,"100",,heart_rate,"112",bpm,cadence,"0",rpm,fractional_cadence,"0.0",rpm,enhanced_altitude,"10.800000000000011",m,enhanced_speed,"2.221",m/s,,,,,,,,,,,,,,,,,,,,,,,,,,,,,,,,,,,,,,,,,,,,,,,,,,,,,,,,,,,,,,,,,,,,,,,,,,,,,,,,,,,,,,,,,,,,,,,,,,,,,,,,,,,,,,,,,,,,,,,,,,,,,,,,,,,,,,,,,,,,,,,,,,,,,,,,,,,,,,,,,,,
Data,12,record,timestamp,"944855112",s,position_lat,"390376964",semicircles,position_long,"-1398408314",semicircles,distance,"1221.12",m,altitude,"10.800000000000011",m,speed,"2.23",m/s,unknown,"0",,unknown,"100",,heart_rate,"115",bpm,cadence,"0",rpm,fractional_cadence,"0.0",rpm,enhanced_altitude,"10.800000000000011",m,enhanced_speed,"2.23",m/s,,,,,,,,,,,,,,,,,,,,,,,,,,,,,,,,,,,,,,,,,,,,,,,,,,,,,,,,,,,,,,,,,,,,,,,,,,,,,,,,,,,,,,,,,,,,,,,,,,,,,,,,,,,,,,,,,,,,,,,,,,,,,,,,,,,,,,,,,,,,,,,,,,,,,,,,,,,,,,,,,,,
Data,12,record,timestamp,"944855122",s,position_lat,"390378763",semicircles,position_long,"-1398406019",semicircles,distance,"1245.73",m,altitude,"10.800000000000011",m,speed,"2.51",m/s,unknown,"0",,unknown,"100",,heart_rate,"115",bpm,cadence,"0",rpm,fractional_cadence,"0.0",rpm,enhanced_altitude,"10.800000000000011",m,enhanced_speed,"2.51",m/s,,,,,,,,,,,,,,,,,,,,,,,,,,,,,,,,,,,,,,,,,,,,,,,,,,,,,,,,,,,,,,,,,,,,,,,,,,,,,,,,,,,,,,,,,,,,,,,,,,,,,,,,,,,,,,,,,,,,,,,,,,,,,,,,,,,,,,,,,,,,,,,,,,,,,,,,,,,,,,,,,,,
Data,12,record,timestamp,"944855130",s,position_lat,"390380481",semicircles,position_long,"-1398404361",semicircles,distance,"1266.36",m,altitude,"10.800000000000011",m,speed,"2.669",m/s,unknown,"0",,unknown,"100",,heart_rate,"115",bpm,cadence,"0",rpm,fractional_cadence,"0.0",rpm,enhanced_altitude,"10.800000000000011",m,enhanced_speed,"2.669",m/s,,,,,,,,,,,,,,,,,,,,,,,,,,,,,,,,,,,,,,,,,,,,,,,,,,,,,,,,,,,,,,,,,,,,,,,,,,,,,,,,,,,,,,,,,,,,,,,,,,,,,,,,,,,,,,,,,,,,,,,,,,,,,,,,,,,,,,,,,,,,,,,,,,,,,,,,,,,,,,,,,,,
Data,12,record,timestamp,"944855139",s,position_lat,"390383249",semicircles,position_long,"-1398402938",semicircles,distance,"1294.62",m,altitude,"11.199999999999989",m,speed,"3.247",m/s,unknown,"0",,unknown,"100",,heart_rate,"116",bpm,cadence,"0",rpm,fractional_cadence,"0.0",rpm,enhanced_altitude,"11.199999999999989",m,enhanced_speed,"3.247",m/s,,,,,,,,,,,,,,,,,,,,,,,,,,,,,,,,,,,,,,,,,,,,,,,,,,,,,,,,,,,,,,,,,,,,,,,,,,,,,,,,,,,,,,,,,,,,,,,,,,,,,,,,,,,,,,,,,,,,,,,,,,,,,,,,,,,,,,,,,,,,,,,,,,,,,,,,,,,,,,,,,,,
Data,12,record,timestamp,"944855145",s,position_lat,"390385473",semicircles,position_long,"-1398402393",semicircles,distance,"1315.72",m,altitude,"11.199999999999989",m,speed,"3.424",m/s,unknown,"0",,unknown,"100",,heart_rate,"113",bpm,cadence,"0",rpm,fractional_cadence,"0.0",rpm,enhanced_altitude,"11.199999999999989",m,enhanced_speed,"3.424",m/s,,,,,,,,,,,,,,,,,,,,,,,,,,,,,,,,,,,,,,,,,,,,,,,,,,,,,,,,,,,,,,,,,,,,,,,,,,,,,,,,,,,,,,,,,,,,,,,,,,,,,,,,,,,,,,,,,,,,,,,,,,,,,,,,,,,,,,,,,,,,,,,,,,,,,,,,,,,,,,,,,,,
Data,12,record,timestamp,"944855147",s,position_lat,"390386248",semicircles,position_long,"-1398402305",semicircles,distance,"1322.95",m,altitude,"11.600000000000023",m,speed,"3.508",m/s,unknown,"0",,unknown,"100",,heart_rate,"116",bpm,cadence,"0",rpm,fractional_cadence,"0.0",rpm,enhanced_altitude,"11.600000000000023",m,enhanced_speed,"3.508",m/s,,,,,,,,,,,,,,,,,,,,,,,,,,,,,,,,,,,,,,,,,,,,,,,,,,,,,,,,,,,,,,,,,,,,,,,,,,,,,,,,,,,,,,,,,,,,,,,,,,,,,,,,,,,,,,,,,,,,,,,,,,,,,,,,,,,,,,,,,,,,,,,,,,,,,,,,,,,,,,,,,,,
Data,12,record,timestamp,"944855148",s,position_lat,"390386642",semicircles,position_long,"-1398402314",semicircles,distance,"1326.6",m,altitude,"11.600000000000023",m,speed,"3.592",m/s,unknown,"0",,unknown,"100",,heart_rate,"113",bpm,cadence,"0",rpm,fractional_cadence,"0.0",rpm,enhanced_altitude,"11.600000000000023",m,enhanced_speed,"3.592",m/s,,,,,,,,,,,,,,,,,,,,,,,,,,,,,,,,,,,,,,,,,,,,,,,,,,,,,,,,,,,,,,,,,,,,,,,,,,,,,,,,,,,,,,,,,,,,,,,,,,,,,,,,,,,,,,,,,,,,,,,,,,,,,,,,,,,,,,,,,,,,,,,,,,,,,,,,,,,,,,,,,,,
Data,12,record,timestamp,"944855149",s,position_lat,"390387017",semicircles,position_long,"-1398402409",semicircles,distance,"1330.12",m,altitude,"11.600000000000023",m,speed,"3.564",m/s,unknown,"0",,unknown,"100",,heart_rate,"112",bpm,cadence,"0",rpm,fractional_cadence,"0.0",rpm,enhanced_altitude,"11.600000000000023",m,enhanced_speed,"3.564",m/s,,,,,,,,,,,,,,,,,,,,,,,,,,,,,,,,,,,,,,,,,,,,,,,,,,,,,,,,,,,,,,,,,,,,,,,,,,,,,,,,,,,,,,,,,,,,,,,,,,,,,,,,,,,,,,,,,,,,,,,,,,,,,,,,,,,,,,,,,,,,,,,,,,,,,,,,,,,,,,,,,,,
Data,12,record,timestamp,"944855152",s,position_lat,"390388088",semicircles,position_long,"-1398402765",semicircles,distance,"1340.38",m,altitude,"11.600000000000023",m,speed,"3.452",m/s,unknown,"0",,unknown,"100",,heart_rate,"108",bpm,cadence,"0",rpm,fractional_cadence,"0.0",rpm,enhanced_altitude,"11.600000000000023",m,enhanced_speed,"3.452",m/s,,,,,,,,,,,,,,,,,,,,,,,,,,,,,,,,,,,,,,,,,,,,,,,,,,,,,,,,,,,,,,,,,,,,,,,,,,,,,,,,,,,,,,,,,,,,,,,,,,,,,,,,,,,,,,,,,,,,,,,,,,,,,,,,,,,,,,,,,,,,,,,,,,,,,,,,,,,,,,,,,,,
Data,12,record,timestamp,"944855153",s,position_lat,"390388438",semicircles,position_long,"-1398402888",semicircles,distance,"1343.76",m,altitude,"11.600000000000023",m,speed,"3.424",m/s,unknown,"0",,unknown,"100",,heart_rate,"111",bpm,cadence,"0",rpm,fractional_cadence,"0.0",rpm,enhanced_altitude,"11.600000000000023",m,enhanced_speed,"3.424",m/s,,,,,,,,,,,,,,,,,,,,,,,,,,,,,,,,,,,,,,,,,,,,,,,,,,,,,,,,,,,,,,,,,,,,,,,,,,,,,,,,,,,,,,,,,,,,,,,,,,,,,,,,,,,,,,,,,,,,,,,,,,,,,,,,,,,,,,,,,,,,,,,,,,,,,,,,,,,,,,,,,,,
Data,12,record,timestamp,"944855158",s,position_lat,"390390074",semicircles,position_long,"-1398403641",semicircles,distance,"1360.07",m,altitude,"11.600000000000023",m,speed,"3.294",m/s,unknown,"0",,unknown,"100",,heart_rate,"109",bpm,cadence,"0",rpm,fractional_cadence,"0.0",rpm,enhanced_altitude,"11.600000000000023",m,enhanced_speed,"3.294",m/s,,,,,,,,,,,,,,,,,,,,,,,,,,,,,,,,,,,,,,,,,,,,,,,,,,,,,,,,,,,,,,,,,,,,,,,,,,,,,,,,,,,,,,,,,,,,,,,,,,,,,,,,,,,,,,,,,,,,,,,,,,,,,,,,,,,,,,,,,,,,,,,,,,,,,,,,,,,,,,,,,,,
Data,12,record,timestamp,"944855159",s,position_lat,"390390430",semicircles,position_long,"-1398403808",semicircles,distance,"1363.63",m,altitude,"11.600000000000023",m,speed,"3.35",m/s,unknown,"0",,unknown,"100",,heart_rate,"112",bpm,cadence,"0",rpm,fractional_cadence,"0.0",rpm,enhanced_altitude,"11.600000000000023",m,enhanced_speed,"3.35",m/s,,,,,,,,,,,,,,,,,,,,,,,,,,,,,,,,,,,,,,,,,,,,,,,,,,,,,,,,,,,,,,,,,,,,,,,,,,,,,,,,,,,,,,,,,,,,,,,,,,,,,,,,,,,,,,,,,,,,,,,,,,,,,,,,,,,,,,,,,,,,,,,,,,,,,,,,,,,,,,,,,,,
Data,12,record,timestamp,"944855160",s,position_lat,"390390760",semicircles,position_long,"-1398403987",semicircles,distance,"1367.01",m,altitude,"11.600000000000023",m,speed,"3.34",m/s,unknown,"0",,unknown,"100",,heart_rate,"109",bpm,cadence,"0",rpm,fractional_cadence,"0.0",rpm,enhanced_altitude,"11.600000000000023",m,enhanced_speed,"3.34",m/s,,,,,,,,,,,,,,,,,,,,,,,,,,,,,,,,,,,,,,,,,,,,,,,,,,,,,,,,,,,,,,,,,,,,,,,,,,,,,,,,,,,,,,,,,,,,,,,,,,,,,,,,,,,,,,,,,,,,,,,,,,,,,,,,,,,,,,,,,,,,,,,,,,,,,,,,,,,,,,,,,,,
Data,12,record,timestamp,"944855166",s,position_lat,"390392502",semicircles,position_long,"-1398405295",semicircles,distance,"1386.18",m,altitude,"11.600000000000023",m,speed,"3.004",m/s,unknown,"0",,unknown,"100",,heart_rate,"106",bpm,cadence,"0",rpm,fractional_cadence,"0.0",rpm,enhanced_altitude,"11.600000000000023",m,enhanced_speed,"3.004",m/s,,,,,,,,,,,,,,,,,,,,,,,,,,,,,,,,,,,,,,,,,,,,,,,,,,,,,,,,,,,,,,,,,,,,,,,,,,,,,,,,,,,,,,,,,,,,,,,,,,,,,,,,,,,,,,,,,,,,,,,,,,,,,,,,,,,,,,,,,,,,,,,,,,,,,,,,,,,,,,,,,,,
Data,12,record,timestamp,"944855168",s,position_lat,"390393224",semicircles,position_long,"-1398405747",semicircles,distance,"1393.76",m,altitude,"11.600000000000023",m,speed,"3.331",m/s,unknown,"0",,unknown,"100",,heart_rate,"107",bpm,cadence,"0",rpm,fractional_cadence,"0.0",rpm,enhanced_altitude,"11.600000000000023",m,enhanced_speed,"3.331",m/s,,,,,,,,,,,,,,,,,,,,,,,,,,,,,,,,,,,,,,,,,,,,,,,,,,,,,,,,,,,,,,,,,,,,,,,,,,,,,,,,,,,,,,,,,,,,,,,,,,,,,,,,,,,,,,,,,,,,,,,,,,,,,,,,,,,,,,,,,,,,,,,,,,,,,,,,,,,,,,,,,,,
Data,12,record,timestamp,"944855179",s,position_lat,"390396429",semicircles,position_long,"-1398408167",semicircles,distance,"1429.07",m,altitude,"11.399999999999977",m,speed,"3.228",m/s,unknown,"0",,unknown,"100",,heart_rate,"110",bpm,cadence,"0",rpm,fractional_cadence,"0.0",rpm,enhanced_altitude,"11.399999999999977",m,enhanced_speed,"3.228",m/s,,,,,,,,,,,,,,,,,,,,,,,,,,,,,,,,,,,,,,,,,,,,,,,,,,,,,,,,,,,,,,,,,,,,,,,,,,,,,,,,,,,,,,,,,,,,,,,,,,,,,,,,,,,,,,,,,,,,,,,,,,,,,,,,,,,,,,,,,,,,,,,,,,,,,,,,,,,,,,,,,,,
Data,12,record,timestamp,"944855180",s,position_lat,"390396699",semicircles,position_long,"-1398408420",semicircles,distance,"1432.25",m,altitude,"11.399999999999977",m,speed,"3.182",m/s,unknown,"0",,unknown,"100",,heart_rate,"110",bpm,cadence,"0",rpm,fractional_cadence,"0.0",rpm,enhanced_altitude,"11.399999999999977",m,enhanced_speed,"3.182",m/s,,,,,,,,,,,,,,,,,,,,,,,,,,,,,,,,,,,,,,,,,,,,,,,,,,,,,,,,,,,,,,,,,,,,,,,,,,,,,,,,,,,,,,,,,,,,,,,,,,,,,,,,,,,,,,,,,,,,,,,,,,,,,,,,,,,,,,,,,,,,,,,,,,,,,,,,,,,,,,,,,,,
Data,12,record,timestamp,"944855187",s,position_lat,"390398671",semicircles,position_long,"-1398410053",semicircles,distance,"1454.63",m,altitude,"11.399999999999977",m,speed,"3.182",m/s,unknown,"0",,unknown,"100",,heart_rate,"114",bpm,cadence,"0",rpm,fractional_cadence,"0.0",rpm,enhanced_altitude,"11.399999999999977",m,enhanced_speed,"3.182",m/s,,,,,,,,,,,,,,,,,,,,,,,,,,,,,,,,,,,,,,,,,,,,,,,,,,,,,,,,,,,,,,,,,,,,,,,,,,,,,,,,,,,,,,,,,,,,,,,,,,,,,,,,,,,,,,,,,,,,,,,,,,,,,,,,,,,,,,,,,,,,,,,,,,,,,,,,,,,,,,,,,,,
Data,12,record,timestamp,"944855189",s,position_lat,"390399290",semicircles,position_long,"-1398410435",semicircles,distance,"1461.11",m,altitude,"11.399999999999977",m,speed,"3.144",m/s,unknown,"0",,unknown,"300",,heart_rate,"111",bpm,cadence,"0",rpm,fractional_cadence,"0.0",rpm,enhanced_altitude,"11.399999999999977",m,enhanced_speed,"3.144",m/s,,,,,,,,,,,,,,,,,,,,,,,,,,,,,,,,,,,,,,,,,,,,,,,,,,,,,,,,,,,,,,,,,,,,,,,,,,,,,,,,,,,,,,,,,,,,,,,,,,,,,,,,,,,,,,,,,,,,,,,,,,,,,,,,,,,,,,,,,,,,,,,,,,,,,,,,,,,,,,,,,,,
Data,12,record,timestamp,"944855193",s,position_lat,"390400512",semicircles,position_long,"-1398411058",semicircles,distance,"1473.47",m,altitude,"11.399999999999977",m,speed,"3.116",m/s,unknown,"0",,unknown,"100",,heart_rate,"111",bpm,cadence,"0",rpm,fractional_cadence,"0.0",rpm,enhanced_altitude,"11.399999999999977",m,enhanced_speed,"3.116",m/s,,,,,,,,,,,,,,,,,,,,,,,,,,,,,,,,,,,,,,,,,,,,,,,,,,,,,,,,,,,,,,,,,,,,,,,,,,,,,,,,,,,,,,,,,,,,,,,,,,,,,,,,,,,,,,,,,,,,,,,,,,,,,,,,,,,,,,,,,,,,,,,,,,,,,,,,,,,,,,,,,,,
Data,12,record,timestamp,"944855201",s,position_lat,"390402721",semicircles,position_long,"-1398412053",semicircles,distance,"1495.44",m,altitude,"11.800000000000011",m,speed,"2.921",m/s,unknown,"0",,unknown,"100",,heart_rate,"114",bpm,cadence,"0",rpm,fractional_cadence,"0.0",rpm,enhanced_altitude,"11.800000000000011",m,enhanced_speed,"2.921",m/s,,,,,,,,,,,,,,,,,,,,,,,,,,,,,,,,,,,,,,,,,,,,,,,,,,,,,,,,,,,,,,,,,,,,,,,,,,,,,,,,,,,,,,,,,,,,,,,,,,,,,,,,,,,,,,,,,,,,,,,,,,,,,,,,,,,,,,,,,,,,,,,,,,,,,,,,,,,,,,,,,,,
Data,12,record,timestamp,"944855207",s,position_lat,"390404433",semicircles,position_long,"-1398413067",semicircles,distance,"1513.25",m,altitude,"11.399999999999977",m,speed,"2.939",m/s,unknown,"0",,unknown,"100",,heart_rate,"114",bpm,cadence,"0",rpm,fractional_cadence,"0.0",rpm,enhanced_altitude,"11.399999999999977",m,enhanced_speed,"2.939",m/s,,,,,,,,,,,,,,,,,,,,,,,,,,,,,,,,,,,,,,,,,,,,,,,,,,,,,,,,,,,,,,,,,,,,,,,,,,,,,,,,,,,,,,,,,,,,,,,,,,,,,,,,,,,,,,,,,,,,,,,,,,,,,,,,,,,,,,,,,,,,,,,,,,,,,,,,,,,,,,,,,,,
Data,12,record,timestamp,"944855218",s,position_lat,"390406946",semicircles,position_long,"-1398415489",semicircles,distance,"1543.32",m,altitude,"11.600000000000023",m,speed,"2.603",m/s,unknown,"0",,unknown,"100",,heart_rate,"116",bpm,cadence,"0",rpm,fractional_cadence,"0.0",rpm,enhanced_altitude,"11.600000000000023",m,enhanced_speed,"2.603",m/s,,,,,,,,,,,,,,,,,,,,,,,,,,,,,,,,,,,,,,,,,,,,,,,,,,,,,,,,,,,,,,,,,,,,,,,,,,,,,,,,,,,,,,,,,,,,,,,,,,,,,,,,,,,,,,,,,,,,,,,,,,,,,,,,,,,,,,,,,,,,,,,,,,,,,,,,,,,,,,,,,,,
Data,12,record,timestamp,"944855227",s,position_lat,"390408949",semicircles,position_long,"-1398417098",semicircles,distance,"1565.94",m,altitude,"11.399999999999977",m,speed,"2.473",m/s,unknown,"0",,unknown,"100",,heart_rate,"116",bpm,cadence,"0",rpm,fractional_cadence,"0.0",rpm,enhanced_altitude,"11.399999999999977",m,enhanced_speed,"2.473",m/s,,,,,,,,,,,,,,,,,,,,,,,,,,,,,,,,,,,,,,,,,,,,,,,,,,,,,,,,,,,,,,,,,,,,,,,,,,,,,,,,,,,,,,,,,,,,,,,,,,,,,,,,,,,,,,,,,,,,,,,,,,,,,,,,,,,,,,,,,,,,,,,,,,,,,,,,,,,,,,,,,,,
Data,12,record,timestamp,"944855234",s,position_lat,"390410246",semicircles,position_long,"-1398418298",semicircles,distance,"1581.26",m,altitude,"12.200000000000045",m,speed,"2.23",m/s,unknown,"0",,unknown,"100",,heart_rate,"115",bpm,cadence,"0",rpm,fractional_cadence,"0.0",rpm,enhanced_altitude,"12.200000000000045",m,enhanced_speed,"2.23",m/s,,,,,,,,,,,,,,,,,,,,,,,,,,,,,,,,,,,,,,,,,,,,,,,,,,,,,,,,,,,,,,,,,,,,,,,,,,,,,,,,,,,,,,,,,,,,,,,,,,,,,,,,,,,,,,,,,,,,,,,,,,,,,,,,,,,,,,,,,,,,,,,,,,,,,,,,,,,,,,,,,,,
Data,12,record,timestamp,"944855239",s,position_lat,"390410578",semicircles,position_long,"-1398419143",semicircles,distance,"1588.75",m,altitude,"11.399999999999977",m,speed,"1.446",m/s,unknown,"0",,unknown,"300",,heart_rate,"113",bpm,cadence,"0",rpm,fractional_cadence,"0.0",rpm,enhanced_altitude,"11.399999999999977",m,enhanced_speed,"1.446",m/s,,,,,,,,,,,,,,,,,,,,,,,,,,,,,,,,,,,,,,,,,,,,,,,,,,,,,,,,,,,,,,,,,,,,,,,,,,,,,,,,,,,,,,,,,,,,,,,,,,,,,,,,,,,,,,,,,,,,,,,,,,,,,,,,,,,,,,,,,,,,,,,,,,,,,,,,,,,,,,,,,,,
Data,12,record,timestamp,"944855245",s,position_lat,"390409643",semicircles,position_long,"-1398420554",semicircles,distance,"1601.9",m,altitude,"11.399999999999977",m,speed,"2.239",m/s,unknown,"0",,unknown,"100",,heart_rate,"112",bpm,cadence,"0",rpm,fractional_cadence,"0.0",rpm,enhanced_altitude,"11.399999999999977",m,enhanced_speed,"2.239",m/s,,,,,,,,,,,,,,,,,,,,,,,,,,,,,,,,,,,,,,,,,,,,,,,,,,,,,,,,,,,,,,,,,,,,,,,,,,,,,,,,,,,,,,,,,,,,,,,,,,,,,,,,,,,,,,,,,,,,,,,,,,,,,,,,,,,,,,,,,,,,,,,,,,,,,,,,,,,,,,,,,,,
Data,12,record,timestamp,"944855255",s,position_lat,"390407481",semicircles,position_long,"-1398423355",semicircles,distance,"1631.71",m,altitude,"11.399999999999977",m,speed,"3.023",m/s,unknown,"0",,unknown,"100",,heart_rate,"111",bpm,cadence,"0",rpm,fractional_cadence,"0.0",rpm,enhanced_altitude,"11.399999999999977",m,enhanced_speed,"3.023",m/s,,,,,,,,,,,,,,,,,,,,,,,,,,,,,,,,,,,,,,,,,,,,,,,,,,,,,,,,,,,,,,,,,,,,,,,,,,,,,,,,,,,,,,,,,,,,,,,,,,,,,,,,,,,,,,,,,,,,,,,,,,,,,,,,,,,,,,,,,,,,,,,,,,,,,,,,,,,,,,,,,,,
Data,12,record,timestamp,"944855264",s,position_lat,"390404860",semicircles,position_long,"-1398424637",semicircles,distance,"1659.01",m,altitude,"11.399999999999977",m,speed,"2.818",m/s,unknown,"0",,unknown,"100",,heart_rate,"112",bpm,cadence,"0",rpm,fractional_cadence,"0.0",rpm,enhanced_altitude,"11.399999999999977",m,enhanced_speed,"2.818",m/s,,,,,,,,,,,,,,,,,,,,,,,,,,,,,,,,,,,,,,,,,,,,,,,,,,,,,,,,,,,,,,,,,,,,,,,,,,,,,,,,,,,,,,,,,,,,,,,,,,,,,,,,,,,,,,,,,,,,,,,,,,,,,,,,,,,,,,,,,,,,,,,,,,,,,,,,,,,,,,,,,,,
Data,12,record,timestamp,"944855266",s,position_lat,"390404252",semicircles,position_long,"-1398424317",semicircles,distance,"1665.11",m,altitude,"11.199999999999989",m,speed,"2.902",m/s,unknown,"0",,unknown,"100",,heart_rate,"114",bpm,cadence,"0",rpm,fractional_cadence,"0.0",rpm,enhanced_altitude,"11.199999999999989",m,enhanced_speed,"2.902",m/s,,,,,,,,,,,,,,,,,,,,,,,,,,,,,,,,,,,,,,,,,,,,,,,,,,,,,,,,,,,,,,,,,,,,,,,,,,,,,,,,,,,,,,,,,,,,,,,,,,,,,,,,,,,,,,,,,,,,,,,,,,,,,,,,,,,,,,,,,,,,,,,,,,,,,,,,,,,,,,,,,,,
Data,12,record,timestamp,"944855268",s,position_lat,"390403725",semicircles,position_long,"-1398423872",semicircles,distance,"1671.06",m,altitude,"11.0",m,speed,"2.911",m/s,unknown,"0",,unknown,"100",,heart_rate,"111",bpm,cadence,"0",rpm,fractional_cadence,"0.0",rpm,enhanced_altitude,"11.0",m,enhanced_speed,"2.911",m/s,,,,,,,,,,,,,,,,,,,,,,,,,,,,,,,,,,,,,,,,,,,,,,,,,,,,,,,,,,,,,,,,,,,,,,,,,,,,,,,,,,,,,,,,,,,,,,,,,,,,,,,,,,,,,,,,,,,,,,,,,,,,,,,,,,,,,,,,,,,,,,,,,,,,,,,,,,,,,,,,,,,
Data,12,record,timestamp,"944855269",s,position_lat,"390403526",semicircles,position_long,"-1398423641",semicircles,distance,"1673.63",m,altitude,"11.0",m,speed,"2.846",m/s,unknown,"0",,unknown,"100",,heart_rate,"113",bpm,cadence,"0",rpm,fractional_cadence,"0.0",rpm,enhanced_altitude,"11.0",m,enhanced_speed,"2.846",m/s,,,,,,,,,,,,,,,,,,,,,,,,,,,,,,,,,,,,,,,,,,,,,,,,,,,,,,,,,,,,,,,,,,,,,,,,,,,,,,,,,,,,,,,,,,,,,,,,,,,,,,,,,,,,,,,,,,,,,,,,,,,,,,,,,,,,,,,,,,,,,,,,,,,,,,,,,,,,,,,,,,,
Data,12,record,timestamp,"944855273",s,position_lat,"390402638",semicircles,position_long,"-1398422725",semicircles,distance,"1684.56",m,altitude,"11.0",m,speed,"2.706",m/s,unknown,"0",,unknown,"100",,heart_rate,"110",bpm,cadence,"0",rpm,fractional_cadence,"0.0",rpm,enhanced_altitude,"11.0",m,enhanced_speed,"2.706",m/s,,,,,,,,,,,,,,,,,,,,,,,,,,,,,,,,,,,,,,,,,,,,,,,,,,,,,,,,,,,,,,,,,,,,,,,,,,,,,,,,,,,,,,,,,,,,,,,,,,,,,,,,,,,,,,,,,,,,,,,,,,,,,,,,,,,,,,,,,,,,,,,,,,,,,,,,,,,,,,,,,,,
Data,12,record,timestamp,"944855280",s,position_lat,"390401141",semicircles,position_long,"-1398421246",semicircles,distance,"1702.7",m,altitude,"10.800000000000011",m,speed,"2.501",m/s,unknown,"0",,unknown,"100",,heart_rate,"106",bpm,cadence,"0",rpm,fractional_cadence,"0.0",rpm,enhanced_altitude,"10.800000000000011",m,enhanced_speed,"2.501",m/s,,,,,,,,,,,,,,,,,,,,,,,,,,,,,,,,,,,,,,,,,,,,,,,,,,,,,,,,,,,,,,,,,,,,,,,,,,,,,,,,,,,,,,,,,,,,,,,,,,,,,,,,,,,,,,,,,,,,,,,,,,,,,,,,,,,,,,,,,,,,,,,,,,,,,,,,,,,,,,,,,,,
Data,12,record,timestamp,"944855281",s,position_lat,"390400913",semicircles,position_long,"-1398421053",semicircles,distance,"1705.3",m,altitude,"10.800000000000011",m,speed,"2.538",m/s,unknown,"0",,unknown,"100",,heart_rate,"105",bpm,cadence,"0",rpm,fractional_cadence,"0.0",rpm,enhanced_altitude,"10.800000000000011",m,enhanced_speed,"2.538",m/s,,,,,,,,,,,,,,,,,,,,,,,,,,,,,,,,,,,,,,,,,,,,,,,,,,,,,,,,,,,,,,,,,,,,,,,,,,,,,,,,,,,,,,,,,,,,,,,,,,,,,,,,,,,,,,,,,,,,,,,,,,,,,,,,,,,,,,,,,,,,,,,,,,,,,,,,,,,,,,,,,,,
Data,12,record,timestamp,"944855282",s,position_lat,"390400699",semicircles,position_long,"-1398420860",semicircles,distance,"1707.8",m,altitude,"10.800000000000011",m,speed,"2.585",m/s,unknown,"0",,unknown,"100",,heart_rate,"108",bpm,cadence,"0",rpm,fractional_cadence,"0.0",rpm,enhanced_altitude,"10.800000000000011",m,enhanced_speed,"2.585",m/s,,,,,,,,,,,,,,,,,,,,,,,,,,,,,,,,,,,,,,,,,,,,,,,,,,,,,,,,,,,,,,,,,,,,,,,,,,,,,,,,,,,,,,,,,,,,,,,,,,,,,,,,,,,,,,,,,,,,,,,,,,,,,,,,,,,,,,,,,,,,,,,,,,,,,,,,,,,,,,,,,,,
Data,12,record,timestamp,"944855293",s,position_lat,"390398448",semicircles,position_long,"-1398418845",semicircles,distance,"1734.05",m,altitude,"10.600000000000023",m,speed,"2.267",m/s,unknown,"0",,unknown,"100",,heart_rate,"111",bpm,cadence,"0",rpm,fractional_cadence,"0.0",rpm,enhanced_altitude,"10.600000000000023",m,enhanced_speed,"2.267",m/s,,,,,,,,,,,,,,,,,,,,,,,,,,,,,,,,,,,,,,,,,,,,,,,,,,,,,,,,,,,,,,,,,,,,,,,,,,,,,,,,,,,,,,,,,,,,,,,,,,,,,,,,,,,,,,,,,,,,,,,,,,,,,,,,,,,,,,,,,,,,,,,,,,,,,,,,,,,,,,,,,,,
Data,12,record,timestamp,"944855294",s,position_lat,"390398281",semicircles,position_long,"-1398418666",semicircles,distance,"1736.14",m,altitude,"10.600000000000023",m,speed,"2.211",m/s,unknown,"0",,unknown,"100",,heart_rate,"108",bpm,cadence,"0",rpm,fractional_cadence,"0.0",rpm,enhanced_altitude,"10.600000000000023",m,enhanced_speed,"2.211",m/s,,,,,,,,,,,,,,,,,,,,,,,,,,,,,,,,,,,,,,,,,,,,,,,,,,,,,,,,,,,,,,,,,,,,,,,,,,,,,,,,,,,,,,,,,,,,,,,,,,,,,,,,,,,,,,,,,,,,,,,,,,,,,,,,,,,,,,,,,,,,,,,,,,,,,,,,,,,,,,,,,,,
Data,12,record,timestamp,"944855296",s,position_lat,"390397901",semicircles,position_long,"-1398418271",semicircles,distance,"1740.84",m,altitude,"10.399999999999977",m,speed,"2.314",m/s,unknown,"0",,unknown,"100",,heart_rate,"112",bpm,cadence,"0",rpm,fractional_cadence,"0.0",rpm,enhanced_altitude,"10.399999999999977",m,enhanced_speed,"2.314",m/s,,,,,,,,,,,,,,,,,,,,,,,,,,,,,,,,,,,,,,,,,,,,,,,,,,,,,,,,,,,,,,,,,,,,,,,,,,,,,,,,,,,,,,,,,,,,,,,,,,,,,,,,,,,,,,,,,,,,,,,,,,,,,,,,,,,,,,,,,,,,,,,,,,,,,,,,,,,,,,,,,,,
Data,12,record,timestamp,"944855298",s,position_lat,"390397536",semicircles,position_long,"-1398417909",semicircles,distance,"1745.26",m,altitude,"10.399999999999977",m,speed,"2.351",m/s,unknown,"0",,unknown,"100",,heart_rate,"109",bpm,cadence,"0",rpm,fractional_cadence,"0.0",rpm,enhanced_altitude,"10.399999999999977",m,enhanced_speed,"2.351",m/s,,,,,,,,,,,,,,,,,,,,,,,,,,,,,,,,,,,,,,,,,,,,,,,,,,,,,,,,,,,,,,,,,,,,,,,,,,,,,,,,,,,,,,,,,,,,,,,,,,,,,,,,,,,,,,,,,,,,,,,,,,,,,,,,,,,,,,,,,,,,,,,,,,,,,,,,,,,,,,,,,,,
Data,12,record,timestamp,"944855302",s,position_lat,"390396816",semicircles,position_long,"-1398417073",semicircles,distance,"1754.65",m,altitude,"10.399999999999977",m,speed,"2.286",m/s,unknown,"0",,unknown,"100",,heart_rate,"112",bpm,cadence,"0",rpm,fractional_cadence,"0.0",rpm,enhanced_altitude,"10.399999999999977",m,enhanced_speed,"2.286",m/s,,,,,,,,,,,,,,,,,,,,,,,,,,,,,,,,,,,,,,,,,,,,,,,,,,,,,,,,,,,,,,,,,,,,,,,,,,,,,,,,,,,,,,,,,,,,,,,,,,,,,,,,,,,,,,,,,,,,,,,,,,,,,,,,,,,,,,,,,,,,,,,,,,,,,,,,,,,,,,,,,,,
Data,12,record,timestamp,"944855304",s,position_lat,"390396445",semicircles,position_long,"-1398416696",semicircles,distance,"1759.19",m,altitude,"10.399999999999977",m,speed,"2.202",m/s,unknown,"0",,unknown,"100",,heart_rate,"112",bpm,cadence,"41",rpm,fractional_cadence,"0.0",rpm,enhanced_altitude,"10.399999999999977",m,enhanced_speed,"2.202",m/s,,,,,,,,,,,,,,,,,,,,,,,,,,,,,,,,,,,,,,,,,,,,,,,,,,,,,,,,,,,,,,,,,,,,,,,,,,,,,,,,,,,,,,,,,,,,,,,,,,,,,,,,,,,,,,,,,,,,,,,,,,,,,,,,,,,,,,,,,,,,,,,,,,,,,,,,,,,,,,,,,,,
Data,12,record,timestamp,"944855308",s,position_lat,"390395634",semicircles,position_long,"-1398416019",semicircles,distance,"1768.43",m,altitude,"10.399999999999977",m,speed,"2.23",m/s,unknown,"0",,unknown,"100",,heart_rate,"109",bpm,cadence,"0",rpm,fractional_cadence,"0.0",rpm,enhanced_altitude,"10.399999999999977",m,enhanced_speed,"2.23",m/s,,,,,,,,,,,,,,,,,,,,,,,,,,,,,,,,,,,,,,,,,,,,,,,,,,,,,,,,,,,,,,,,,,,,,,,,,,,,,,,,,,,,,,,,,,,,,,,,,,,,,,,,,,,,,,,,,,,,,,,,,,,,,,,,,,,,,,,,,,,,,,,,,,,,,,,,,,,,,,,,,,,
Data,12,record,timestamp,"944855317",s,position_lat,"390393800",semicircles,position_long,"-1398414685",semicircles,distance,"1788.43",m,altitude,"10.399999999999977",m,speed,"2.211",m/s,unknown,"0",,unknown,"100",,heart_rate,"112",bpm,cadence,"0",rpm,fractional_cadence,"0.0",rpm,enhanced_altitude,"10.399999999999977",m,enhanced_speed,"2.211",m/s,,,,,,,,,,,,,,,,,,,,,,,,,,,,,,,,,,,,,,,,,,,,,,,,,,,,,,,,,,,,,,,,,,,,,,,,,,,,,,,,,,,,,,,,,,,,,,,,,,,,,,,,,,,,,,,,,,,,,,,,,,,,,,,,,,,,,,,,,,,,,,,,,,,,,,,,,,,,,,,,,,,
Data,12,record,timestamp,"944855318",s,position_lat,"390393606",semicircles,position_long,"-1398414536",semicircles,distance,"1790.58",m,altitude,"10.399999999999977",m,speed,"2.211",m/s,unknown,"0",,unknown,"100",,heart_rate,"109",bpm,cadence,"0",rpm,fractional_cadence,"0.0",rpm,enhanced_altitude,"10.399999999999977",m,enhanced_speed,"2.211",m/s,,,,,,,,,,,,,,,,,,,,,,,,,,,,,,,,,,,,,,,,,,,,,,,,,,,,,,,,,,,,,,,,,,,,,,,,,,,,,,,,,,,,,,,,,,,,,,,,,,,,,,,,,,,,,,,,,,,,,,,,,,,,,,,,,,,,,,,,,,,,,,,,,,,,,,,,,,,,,,,,,,,
Data,12,record,timestamp,"944855319",s,position_lat,"390393429",semicircles,position_long,"-1398414388",semicircles,distance,"1792.6",m,altitude,"10.399999999999977",m,speed,"2.174",m/s,unknown,"0",,unknown,"100",,heart_rate,"109",bpm,cadence,"0",rpm,fractional_cadence,"0.0",rpm,enhanced_altitude,"10.399999999999977",m,enhanced_speed,"2.174",m/s,,,,,,,,,,,,,,,,,,,,,,,,,,,,,,,,,,,,,,,,,,,,,,,,,,,,,,,,,,,,,,,,,,,,,,,,,,,,,,,,,,,,,,,,,,,,,,,,,,,,,,,,,,,,,,,,,,,,,,,,,,,,,,,,,,,,,,,,,,,,,,,,,,,,,,,,,,,,,,,,,,,
Data,12,record,timestamp,"944855331",s,position_lat,"390390909",semicircles,position_long,"-1398412947",semicircles,distance,"1818.66",m,altitude,"10.199999999999989",m,speed,"2.183",m/s,unknown,"0",,unknown,"100",,heart_rate,"107",bpm,cadence,"0",rpm,fractional_cadence,"0.0",rpm,enhanced_altitude,"10.199999999999989",m,enhanced_speed,"2.183",m/s,,,,,,,,,,,,,,,,,,,,,,,,,,,,,,,,,,,,,,,,,,,,,,,,,,,,,,,,,,,,,,,,,,,,,,,,,,,,,,,,,,,,,,,,,,,,,,,,,,,,,,,,,,,,,,,,,,,,,,,,,,,,,,,,,,,,,,,,,,,,,,,,,,,,,,,,,,,,,,,,,,,
Data,12,record,timestamp,"944855334",s,position_lat,"390390190",semicircles,position_long,"-1398412793",semicircles,distance,"1825.42",m,altitude,"10.199999999999989",m,speed,"2.109",m/s,unknown,"0",,unknown,"100",,heart_rate,"104",bpm,cadence,"0",rpm,fractional_cadence,"0.0",rpm,enhanced_altitude,"10.199999999999989",m,enhanced_speed,"2.109",m/s,,,,,,,,,,,,,,,,,,,,,,,,,,,,,,,,,,,,,,,,,,,,,,,,,,,,,,,,,,,,,,,,,,,,,,,,,,,,,,,,,,,,,,,,,,,,,,,,,,,,,,,,,,,,,,,,,,,,,,,,,,,,,,,,,,,,,,,,,,,,,,,,,,,,,,,,,,,,,,,,,,,
Data,12,record,timestamp,"944855343",s,position_lat,"390387865",semicircles,position_long,"-1398412866",semicircles,distance,"1847.11",m,altitude,"10.199999999999989",m,speed,"2.407",m/s,unknown,"0",,unknown,"100",,heart_rate,"101",bpm,cadence,"0",rpm,fractional_cadence,"0.0",rpm,enhanced_altitude,"10.199999999999989",m,enhanced_speed,"2.407",m/s,,,,,,,,,,,,,,,,,,,,,,,,,,,,,,,,,,,,,,,,,,,,,,,,,,,,,,,,,,,,,,,,,,,,,,,,,,,,,,,,,,,,,,,,,,,,,,,,,,,,,,,,,,,,,,,,,,,,,,,,,,,,,,,,,,,,,,,,,,,,,,,,,,,,,,,,,,,,,,,,,,,
Data,12,record,timestamp,"944855344",s,position_lat,"390387555",semicircles,position_long,"-1398412945",semicircles,distance,"1850.05",m,altitude,"10.199999999999989",m,speed,"2.454",m/s,unknown,"0",,unknown,"100",,heart_rate,"101",bpm,cadence,"0",rpm,fractional_cadence,"0.0",rpm,enhanced_altitude,"10.199999999999989",m,enhanced_speed,"2.454",m/s,,,,,,,,,,,,,,,,,,,,,,,,,,,,,,,,,,,,,,,,,,,,,,,,,,,,,,,,,,,,,,,,,,,,,,,,,,,,,,,,,,,,,,,,,,,,,,,,,,,,,,,,,,,,,,,,,,,,,,,,,,,,,,,,,,,,,,,,,,,,,,,,,,,,,,,,,,,,,,,,,,,
Data,12,record,timestamp,"944855354",s,position_lat,"390384884",semicircles,position_long,"-1398414125",semicircles,distance,"1876.5",m,altitude,"11.399999999999977",m,speed,"2.715",m/s,unknown,"0",,unknown,"100",,heart_rate,"99",bpm,cadence,"0",rpm,fractional_cadence,"0.0",rpm,enhanced_altitude,"11.399999999999977",m,enhanced_speed,"2.715",m/s,,,,,,,,,,,,,,,,,,,,,,,,,,,,,,,,,,,,,,,,,,,,,,,,,,,,,,,,,,,,,,,,,,,,,,,,,,,,,,,,,,,,,,,,,,,,,,,,,,,,,,,,,,,,,,,,,,,,,,,,,,,,,,,,,,,,,,,,,,,,,,,,,,,,,,,,,,,,,,,,,,,
Data,12,record,timestamp,"944855356",s,position_lat,"390384300",semicircles,position_long,"-1398414413",semicircles,distance,"1882.37",m,altitude,"11.600000000000023",m,speed,"2.771",m/s,unknown,"0",,unknown,"100",,heart_rate,"98",bpm,cadence,"0",rpm,fractional_cadence,"0.0",rpm,enhanced_altitude,"11.600000000000023",m,enhanced_speed,"2.771",m/s,,,,,,,,,,,,,,,,,,,,,,,,,,,,,,,,,,,,,,,,,,,,,,,,,,,,,,,,,,,,,,,,,,,,,,,,,,,,,,,,,,,,,,,,,,,,,,,,,,,,,,,,,,,,,,,,,,,,,,,,,,,,,,,,,,,,,,,,,,,,,,,,,,,,,,,,,,,,,,,,,,,
Data,12,record,timestamp,"944855359",s,position_lat,"390383472",semicircles,position_long,"-1398414847",semicircles,distance,"1890.79",m,altitude,"11.600000000000023",m,speed,"2.799",m/s,unknown,"0",,unknown,"100",,heart_rate,"107",bpm,cadence,"0",rpm,fractional_cadence,"0.0",rpm,enhanced_altitude,"11.600000000000023",m,enhanced_speed,"2.799",m/s,,,,,,,,,,,,,,,,,,,,,,,,,,,,,,,,,,,,,,,,,,,,,,,,,,,,,,,,,,,,,,,,,,,,,,,,,,,,,,,,,,,,,,,,,,,,,,,,,,,,,,,,,,,,,,,,,,,,,,,,,,,,,,,,,,,,,,,,,,,,,,,,,,,,,,,,,,,,,,,,,,,
Data,12,record,timestamp,"944855360",s,position_lat,"390383176",semicircles,position_long,"-1398414994",semicircles,distance,"1893.77",m,altitude,"11.600000000000023",m,speed,"2.827",m/s,unknown,"0",,unknown,"100",,heart_rate,"110",bpm,cadence,"0",rpm,fractional_cadence,"0.0",rpm,enhanced_altitude,"11.600000000000023",m,enhanced_speed,"2.827",m/s,,,,,,,,,,,,,,,,,,,,,,,,,,,,,,,,,,,,,,,,,,,,,,,,,,,,,,,,,,,,,,,,,,,,,,,,,,,,,,,,,,,,,,,,,,,,,,,,,,,,,,,,,,,,,,,,,,,,,,,,,,,,,,,,,,,,,,,,,,,,,,,,,,,,,,,,,,,,,,,,,,,
Data,12,record,timestamp,"944855361",s,position_lat,"390382890",semicircles,position_long,"-1398415141",semicircles,distance,"1896.67",m,altitude,"11.600000000000023",m,speed,"2.846",m/s,unknown,"0",,unknown,"100",,heart_rate,"113",bpm,cadence,"0",rpm,fractional_cadence,"0.0",rpm,enhanced_altitude,"11.600000000000023",m,enhanced_speed,"2.846",m/s,,,,,,,,,,,,,,,,,,,,,,,,,,,,,,,,,,,,,,,,,,,,,,,,,,,,,,,,,,,,,,,,,,,,,,,,,,,,,,,,,,,,,,,,,,,,,,,,,,,,,,,,,,,,,,,,,,,,,,,,,,,,,,,,,,,,,,,,,,,,,,,,,,,,,,,,,,,,,,,,,,,
Data,12,record,timestamp,"944855362",s,position_lat,"390382571",semicircles,position_long,"-1398415272",semicircles,distance,"1899.81",m,altitude,"11.800000000000011",m,speed,"2.865",m/s,unknown,"0",,unknown,"100",,heart_rate,"117",bpm,cadence,"0",rpm,fractional_cadence,"0.0",rpm,enhanced_altitude,"11.800000000000011",m,enhanced_speed,"2.865",m/s,,,,,,,,,,,,,,,,,,,,,,,,,,,,,,,,,,,,,,,,,,,,,,,,,,,,,,,,,,,,,,,,,,,,,,,,,,,,,,,,,,,,,,,,,,,,,,,,,,,,,,,,,,,,,,,,,,,,,,,,,,,,,,,,,,,,,,,,,,,,,,,,,,,,,,,,,,,,,,,,,,,
Data,12,record,timestamp,"944855363",s,position_lat,"390382254",semicircles,position_long,"-1398415409",semicircles,distance,"1902.94",m,altitude,"11.800000000000011",m,speed,"2.902",m/s,unknown,"0",,unknown,"100",,heart_rate,"120",bpm,cadence,"0",rpm,fractional_cadence,"0.0",rpm,enhanced_altitude,"11.800000000000011",m,enhanced_speed,"2.902",m/s,,,,,,,,,,,,,,,,,,,,,,,,,,,,,,,,,,,,,,,,,,,,,,,,,,,,,,,,,,,,,,,,,,,,,,,,,,,,,,,,,,,,,,,,,,,,,,,,,,,,,,,,,,,,,,,,,,,,,,,,,,,,,,,,,,,,,,,,,,,,,,,,,,,,,,,,,,,,,,,,,,,
Data,12,record,timestamp,"944855364",s,position_lat,"390381955",semicircles,position_long,"-1398415561",semicircles,distance,"1905.97",m,altitude,"11.800000000000011",m,speed,"2.893",m/s,unknown,"0",,unknown,"100",,heart_rate,"123",bpm,cadence,"0",rpm,fractional_cadence,"0.0",rpm,enhanced_altitude,"11.800000000000011",m,enhanced_speed,"2.893",m/s,,,,,,,,,,,,,,,,,,,,,,,,,,,,,,,,,,,,,,,,,,,,,,,,,,,,,,,,,,,,,,,,,,,,,,,,,,,,,,,,,,,,,,,,,,,,,,,,,,,,,,,,,,,,,,,,,,,,,,,,,,,,,,,,,,,,,,,,,,,,,,,,,,,,,,,,,,,,,,,,,,,
Data,12,record,timestamp,"944855365",s,position_lat,"390381647",semicircles,position_long,"-1398415707",semicircles,distance,"1909.05",m,altitude,"11.800000000000011",m,speed,"2.911",m/s,unknown,"0",,unknown,"100",,heart_rate,"127",bpm,cadence,"0",rpm,fractional_cadence,"0.0",rpm,enhanced_altitude,"11.800000000000011",m,enhanced_speed,"2.911",m/s,,,,,,,,,,,,,,,,,,,,,,,,,,,,,,,,,,,,,,,,,,,,,,,,,,,,,,,,,,,,,,,,,,,,,,,,,,,,,,,,,,,,,,,,,,,,,,,,,,,,,,,,,,,,,,,,,,,,,,,,,,,,,,,,,,,,,,,,,,,,,,,,,,,,,,,,,,,,,,,,,,,
Data,12,record,timestamp,"944855369",s,position_lat,"390380428",semicircles,position_long,"-1398416372",semicircles,distance,"1921.52",m,altitude,"11.800000000000011",m,speed,"3.07",m/s,unknown,"0",,unknown,"100",,heart_rate,"123",bpm,cadence,"0",rpm,fractional_cadence,"0.0",rpm,enhanced_altitude,"11.800000000000011",m,enhanced_speed,"3.07",m/s,,,,,,,,,,,,,,,,,,,,,,,,,,,,,,,,,,,,,,,,,,,,,,,,,,,,,,,,,,,,,,,,,,,,,,,,,,,,,,,,,,,,,,,,,,,,,,,,,,,,,,,,,,,,,,,,,,,,,,,,,,,,,,,,,,,,,,,,,,,,,,,,,,,,,,,,,,,,,,,,,,,
Data,12,record,timestamp,"944855371",s,position_lat,"390379746",semicircles,position_long,"-1398416687",semicircles,distance,"1928.3",m,altitude,"11.800000000000011",m,speed,"3.284",m/s,unknown,"0",,unknown,"100",,heart_rate,"120",bpm,cadence,"66",rpm,fractional_cadence,"0.5",rpm,enhanced_altitude,"11.800000000000011",m,enhanced_speed,"3.284",m/s,,,,,,,,,,,,,,,,,,,,,,,,,,,,,,,,,,,,,,,,,,,,,,,,,,,,,,,,,,,,,,,,,,,,,,,,,,,,,,,,,,,,,,,,,,,,,,,,,,,,,,,,,,,,,,,,,,,,,,,,,,,,,,,,,,,,,,,,,,,,,,,,,,,,,,,,,,,,,,,,,,,
Data,12,record,timestamp,"944855372",s,position_lat,"390379412",semicircles,position_long,"-1398416865",semicircles,distance,"1931.71",m,altitude,"11.800000000000011",m,speed,"3.322",m/s,unknown,"0",,unknown,"100",,heart_rate,"120",bpm,cadence,"66",rpm,fractional_cadence,"0.5",rpm,enhanced_altitude,"11.800000000000011",m,enhanced_speed,"3.322",m/s,,,,,,,,,,,,,,,,,,,,,,,,,,,,,,,,,,,,,,,,,,,,,,,,,,,,,,,,,,,,,,,,,,,,,,,,,,,,,,,,,,,,,,,,,,,,,,,,,,,,,,,,,,,,,,,,,,,,,,,,,,,,,,,,,,,,,,,,,,,,,,,,,,,,,,,,,,,,,,,,,,,
Data,12,record,timestamp,"944855374",s,position_lat,"390378770",semicircles,position_long,"-1398417154",semicircles,distance,"1938.1",m,altitude,"11.800000000000011",m,speed,"3.294",m/s,unknown,"0",,unknown,"100",,heart_rate,"124",bpm,cadence,"98",rpm,fractional_cadence,"0.0",rpm,enhanced_altitude,"11.800000000000011",m,enhanced_speed,"3.294",m/s,,,,,,,,,,,,,,,,,,,,,,,,,,,,,,,,,,,,,,,,,,,,,,,,,,,,,,,,,,,,,,,,,,,,,,,,,,,,,,,,,,,,,,,,,,,,,,,,,,,,,,,,,,,,,,,,,,,,,,,,,,,,,,,,,,,,,,,,,,,,,,,,,,,,,,,,,,,,,,,,,,,
Data,12,record,timestamp,"944855376",s,position_lat,"390378113",semicircles,position_long,"-1398417483",semicircles,distance,"1944.73",m,altitude,"11.800000000000011",m,speed,"3.35",m/s,unknown,"0",,unknown,"100",,heart_rate,"128",bpm,cadence,"98",rpm,fractional_cadence,"0.0",rpm,enhanced_altitude,"11.800000000000011",m,enhanced_speed,"3.35",m/s,,,,,,,,,,,,,,,,,,,,,,,,,,,,,,,,,,,,,,,,,,,,,,,,,,,,,,,,,,,,,,,,,,,,,,,,,,,,,,,,,,,,,,,,,,,,,,,,,,,,,,,,,,,,,,,,,,,,,,,,,,,,,,,,,,,,,,,,,,,,,,,,,,,,,,,,,,,,,,,,,,,
Data,12,record,timestamp,"944855378",s,position_lat,"390377433",semicircles,position_long,"-1398417804",semicircles,distance,"1951.52",m,altitude,"11.600000000000023",m,speed,"3.34",m/s,unknown,"0",,unknown,"100",,heart_rate,"133",bpm,cadence,"98",rpm,fractional_cadence,"0.0",rpm,enhanced_altitude,"11.600000000000023",m,enhanced_speed,"3.34",m/s,,,,,,,,,,,,,,,,,,,,,,,,,,,,,,,,,,,,,,,,,,,,,,,,,,,,,,,,,,,,,,,,,,,,,,,,,,,,,,,,,,,,,,,,,,,,,,,,,,,,,,,,,,,,,,,,,,,,,,,,,,,,,,,,,,,,,,,,,,,,,,,,,,,,,,,,,,,,,,,,,,,
Data,12,record,timestamp,"944855379",s,position_lat,"390377091",semicircles,position_long,"-1398417947",semicircles,distance,"1954.89",m,altitude,"11.600000000000023",m,speed,"3.312",m/s,unknown,"0",,unknown,"100",,heart_rate,"133",bpm,cadence,"98",rpm,fractional_cadence,"0.0",rpm,enhanced_altitude,"11.600000000000023",m,enhanced_speed,"3.312",m/s,,,,,,,,,,,,,,,,,,,,,,,,,,,,,,,,,,,,,,,,,,,,,,,,,,,,,,,,,,,,,,,,,,,,,,,,,,,,,,,,,,,,,,,,,,,,,,,,,,,,,,,,,,,,,,,,,,,,,,,,,,,,,,,,,,,,,,,,,,,,,,,,,,,,,,,,,,,,,,,,,,,
Data,12,record,timestamp,"944855382",s,position_lat,"390376083",semicircles,position_long,"-1398418398",semicircles,distance,"1964.91",m,altitude,"11.600000000000023",m,speed,"3.378",m/s,unknown,"0",,unknown,"100",,heart_rate,"129",bpm,cadence,"98",rpm,fractional_cadence,"0.0",rpm,enhanced_altitude,"11.600000000000023",m,enhanced_speed,"3.378",m/s,,,,,,,,,,,,,,,,,,,,,,,,,,,,,,,,,,,,,,,,,,,,,,,,,,,,,,,,,,,,,,,,,,,,,,,,,,,,,,,,,,,,,,,,,,,,,,,,,,,,,,,,,,,,,,,,,,,,,,,,,,,,,,,,,,,,,,,,,,,,,,,,,,,,,,,,,,,,,,,,,,,
Data,12,record,timestamp,"944855386",s,position_lat,"390374661",semicircles,position_long,"-1398419003",semicircles,distance,"1978.97",m,altitude,"11.399999999999977",m,speed,"3.424",m/s,unknown,"0",,unknown,"100",,heart_rate,"132",bpm,cadence,"0",rpm,fractional_cadence,"0.0",rpm,enhanced_altitude,"11.399999999999977",m,enhanced_speed,"3.424",m/s,,,,,,,,,,,,,,,,,,,,,,,,,,,,,,,,,,,,,,,,,,,,,,,,,,,,,,,,,,,,,,,,,,,,,,,,,,,,,,,,,,,,,,,,,,,,,,,,,,,,,,,,,,,,,,,,,,,,,,,,,,,,,,,,,,,,,,,,,,,,,,,,,,,,,,,,,,,,,,,,,,,
Data,12,record,timestamp,"944855388",s,position_lat,"390373918",semicircles,position_long,"-1398419367",semicircles,distance,"1986.43",m,altitude,"11.399999999999977",m,speed,"3.499",m/s,unknown,"0",,unknown,"100",,heart_rate,"129",bpm,cadence,"0",rpm,fractional_cadence,"0.0",rpm,enhanced_altitude,"11.399999999999977",m,enhanced_speed,"3.499",m/s,,,,,,,,,,,,,,,,,,,,,,,,,,,,,,,,,,,,,,,,,,,,,,,,,,,,,,,,,,,,,,,,,,,,,,,,,,,,,,,,,,,,,,,,,,,,,,,,,,,,,,,,,,,,,,,,,,,,,,,,,,,,,,,,,,,,,,,,,,,,,,,,,,,,,,,,,,,,,,,,,,,
Data,12,record,timestamp,"944855395",s,position_lat,"390371522",semicircles,position_long,"-1398420417",semicircles,distance,"2010.19",m,altitude,"11.600000000000023",m,speed,"3.331",m/s,unknown,"0",,unknown,"100",,heart_rate,"126",bpm,cadence,"0",rpm,fractional_cadence,"0.0",rpm,enhanced_altitude,"11.600000000000023",m,enhanced_speed,"3.331",m/s,,,,,,,,,,,,,,,,,,,,,,,,,,,,,,,,,,,,,,,,,,,,,,,,,,,,,,,,,,,,,,,,,,,,,,,,,,,,,,,,,,,,,,,,,,,,,,,,,,,,,,,,,,,,,,,,,,,,,,,,,,,,,,,,,,,,,,,,,,,,,,,,,,,,,,,,,,,,,,,,,,,
Data,12,record,timestamp,"944855400",s,position_lat,"390369926",semicircles,position_long,"-1398421253",semicircles,distance,"2026.42",m,altitude,"11.800000000000011",m,speed,"3.284",m/s,unknown,"0",,unknown,"100",,heart_rate,"124",bpm,cadence,"0",rpm,fractional_cadence,"0.0",rpm,enhanced_altitude,"11.800000000000011",m,enhanced_speed,"3.284",m/s,,,,,,,,,,,,,,,,,,,,,,,,,,,,,,,,,,,,,,,,,,,,,,,,,,,,,,,,,,,,,,,,,,,,,,,,,,,,,,,,,,,,,,,,,,,,,,,,,,,,,,,,,,,,,,,,,,,,,,,,,,,,,,,,,,,,,,,,,,,,,,,,,,,,,,,,,,,,,,,,,,,
Data,12,record,timestamp,"944855407",s,position_lat,"390367758",semicircles,position_long,"-1398422663",semicircles,distance,"2049.41",m,altitude,"11.800000000000011",m,speed,"3.378",m/s,unknown,"0",,unknown,"100",,heart_rate,"120",bpm,cadence,"0",rpm,fractional_cadence,"0.0",rpm,enhanced_altitude,"11.800000000000011",m,enhanced_speed,"3.378",m/s,,,,,,,,,,,,,,,,,,,,,,,,,,,,,,,,,,,,,,,,,,,,,,,,,,,,,,,,,,,,,,,,,,,,,,,,,,,,,,,,,,,,,,,,,,,,,,,,,,,,,,,,,,,,,,,,,,,,,,,,,,,,,,,,,,,,,,,,,,,,,,,,,,,,,,,,,,,,,,,,,,,
Data,12,record,timestamp,"944855413",s,position_lat,"390365777",semicircles,position_long,"-1398423789",semicircles,distance,"2069.84",m,altitude,"11.800000000000011",m,speed,"3.322",m/s,unknown,"0",,unknown,"100",,heart_rate,"116",bpm,cadence,"0",rpm,fractional_cadence,"0.0",rpm,enhanced_altitude,"11.800000000000011",m,enhanced_speed,"3.322",m/s,,,,,,,,,,,,,,,,,,,,,,,,,,,,,,,,,,,,,,,,,,,,,,,,,,,,,,,,,,,,,,,,,,,,,,,,,,,,,,,,,,,,,,,,,,,,,,,,,,,,,,,,,,,,,,,,,,,,,,,,,,,,,,,,,,,,,,,,,,,,,,,,,,,,,,,,,,,,,,,,,,,
Data,12,record,timestamp,"944855414",s,position_lat,"390365452",semicircles,position_long,"-1398423968",semicircles,distance,"2073.17",m,altitude,"11.800000000000011",m,speed,"3.294",m/s,unknown,"0",,unknown,"100",,heart_rate,"117",bpm,cadence,"0",rpm,fractional_cadence,"0.0",rpm,enhanced_altitude,"11.800000000000011",m,enhanced_speed,"3.294",m/s,,,,,,,,,,,,,,,,,,,,,,,,,,,,,,,,,,,,,,,,,,,,,,,,,,,,,,,,,,,,,,,,,,,,,,,,,,,,,,,,,,,,,,,,,,,,,,,,,,,,,,,,,,,,,,,,,,,,,,,,,,,,,,,,,,,,,,,,,,,,,,,,,,,,,,,,,,,,,,,,,,,
Data,12,record,timestamp,"944855420",s,position_lat,"390363382",semicircles,position_long,"-1398425036",semicircles,distance,"2094.17",m,altitude,"11.800000000000011",m,speed,"3.182",m/s,unknown,"0",,unknown,"300",,heart_rate,"114",bpm,cadence,"0",rpm,fractional_cadence,"0.0",rpm,enhanced_altitude,"11.800000000000011",m,enhanced_speed,"3.182",m/s,,,,,,,,,,,,,,,,,,,,,,,,,,,,,,,,,,,,,,,,,,,,,,,,,,,,,,,,,,,,,,,,,,,,,,,,,,,,,,,,,,,,,,,,,,,,,,,,,,,,,,,,,,,,,,,,,,,,,,,,,,,,,,,,,,,,,,,,,,,,,,,,,,,,,,,,,,,,,,,,,,,
Data,12,record,timestamp,"944855429",s,position_lat,"390360508",semicircles,position_long,"-1398426236",semicircles,distance,"2122.5",m,altitude,"11.399999999999977",m,speed,"3.051",m/s,unknown,"0",,unknown,"100",,heart_rate,"113",bpm,cadence,"0",rpm,fractional_cadence,"0.0",rpm,enhanced_altitude,"11.399999999999977",m,enhanced_speed,"3.051",m/s,,,,,,,,,,,,,,,,,,,,,,,,,,,,,,,,,,,,,,,,,,,,,,,,,,,,,,,,,,,,,,,,,,,,,,,,,,,,,,,,,,,,,,,,,,,,,,,,,,,,,,,,,,,,,,,,,,,,,,,,,,,,,,,,,,,,,,,,,,,,,,,,,,,,,,,,,,,,,,,,,,,
Data,12,record,timestamp,"944855432",s,position_lat,"390359557",semicircles,position_long,"-1398426569",semicircles,distance,"2131.71",m,altitude,"11.199999999999989",m,speed,"3.042",m/s,unknown,"0",,unknown,"100",,heart_rate,"110",bpm,cadence,"0",rpm,fractional_cadence,"0.0",rpm,enhanced_altitude,"11.199999999999989",m,enhanced_speed,"3.042",m/s,,,,,,,,,,,,,,,,,,,,,,,,,,,,,,,,,,,,,,,,,,,,,,,,,,,,,,,,,,,,,,,,,,,,,,,,,,,,,,,,,,,,,,,,,,,,,,,,,,,,,,,,,,,,,,,,,,,,,,,,,,,,,,,,,,,,,,,,,,,,,,,,,,,,,,,,,,,,,,,,,,,
Data,12,record,timestamp,"944855438",s,position_lat,"390357741",semicircles,position_long,"-1398427250",semicircles,distance,"2149.42",m,altitude,"11.399999999999977",m,speed,"2.939",m/s,unknown,"0",,unknown,"100",,heart_rate,"113",bpm,cadence,"0",rpm,fractional_cadence,"0.0",rpm,enhanced_altitude,"11.399999999999977",m,enhanced_speed,"2.939",m/s,,,,,,,,,,,,,,,,,,,,,,,,,,,,,,,,,,,,,,,,,,,,,,,,,,,,,,,,,,,,,,,,,,,,,,,,,,,,,,,,,,,,,,,,,,,,,,,,,,,,,,,,,,,,,,,,,,,,,,,,,,,,,,,,,,,,,,,,,,,,,,,,,,,,,,,,,,,,,,,,,,,
Data,12,record,timestamp,"944855442",s,position_lat,"390356531",semicircles,position_long,"-1398427786",semicircles,distance,"2161.44",m,altitude,"11.800000000000011",m,speed,"2.986",m/s,unknown,"0",,unknown,"100",,heart_rate,"112",bpm,cadence,"0",rpm,fractional_cadence,"0.0",rpm,enhanced_altitude,"11.800000000000011",m,enhanced_speed,"2.986",m/s,,,,,,,,,,,,,,,,,,,,,,,,,,,,,,,,,,,,,,,,,,,,,,,,,,,,,,,,,,,,,,,,,,,,,,,,,,,,,,,,,,,,,,,,,,,,,,,,,,,,,,,,,,,,,,,,,,,,,,,,,,,,,,,,,,,,,,,,,,,,,,,,,,,,,,,,,,,,,,,,,,,
Data,12,record,timestamp,"944855456",s,position_lat,"390352384",semicircles,position_long,"-1398429641",semicircles,distance,"2202.66",m,altitude,"12.200000000000045",m,speed,"2.921",m/s,unknown,"0",,unknown,"100",,heart_rate,"112",bpm,cadence,"0",rpm,fractional_cadence,"0.0",rpm,enhanced_altitude,"12.200000000000045",m,enhanced_speed,"2.921",m/s,,,,,,,,,,,,,,,,,,,,,,,,,,,,,,,,,,,,,,,,,,,,,,,,,,,,,,,,,,,,,,,,,,,,,,,,,,,,,,,,,,,,,,,,,,,,,,,,,,,,,,,,,,,,,,,,,,,,,,,,,,,,,,,,,,,,,,,,,,,,,,,,,,,,,,,,,,,,,,,,,,,
Data,12,record,timestamp,"944855460",s,position_lat,"390351148",semicircles,position_long,"-1398430176",semicircles,distance,"2214.89",m,altitude,"12.200000000000045",m,speed,"3.014",m/s,unknown,"0",,unknown,"300",,heart_rate,"109",bpm,cadence,"0",rpm,fractional_cadence,"0.0",rpm,enhanced_altitude,"12.200000000000045",m,enhanced_speed,"3.014",m/s,,,,,,,,,,,,,,,,,,,,,,,,,,,,,,,,,,,,,,,,,,,,,,,,,,,,,,,,,,,,,,,,,,,,,,,,,,,,,,,,,,,,,,,,,,,,,,,,,,,,,,,,,,,,,,,,,,,,,,,,,,,,,,,,,,,,,,,,,,,,,,,,,,,,,,,,,,,,,,,,,,,
Data,12,record,timestamp,"944855470",s,position_lat,"390348060",semicircles,position_long,"-1398432013",semicircles,distance,"2247.03",m,altitude,"12.200000000000045",m,speed,"3.266",m/s,unknown,"0",,unknown,"100",,heart_rate,"108",bpm,cadence,"0",rpm,fractional_cadence,"0.0",rpm,enhanced_altitude,"12.200000000000045",m,enhanced_speed,"3.266",m/s,,,,,,,,,,,,,,,,,,,,,,,,,,,,,,,,,,,,,,,,,,,,,,,,,,,,,,,,,,,,,,,,,,,,,,,,,,,,,,,,,,,,,,,,,,,,,,,,,,,,,,,,,,,,,,,,,,,,,,,,,,,,,,,,,,,,,,,,,,,,,,,,,,,,,,,,,,,,,,,,,,,
Data,12,record,timestamp,"944855474",s,position_lat,"390346666",semicircles,position_long,"-1398432762",semicircles,distance,"2261.26",m,altitude,"12.399999999999977",m,speed,"3.443",m/s,unknown,"0",,unknown,"100",,heart_rate,"106",bpm,cadence,"0",rpm,fractional_cadence,"0.0",rpm,enhanced_altitude,"12.399999999999977",m,enhanced_speed,"3.443",m/s,,,,,,,,,,,,,,,,,,,,,,,,,,,,,,,,,,,,,,,,,,,,,,,,,,,,,,,,,,,,,,,,,,,,,,,,,,,,,,,,,,,,,,,,,,,,,,,,,,,,,,,,,,,,,,,,,,,,,,,,,,,,,,,,,,,,,,,,,,,,,,,,,,,,,,,,,,,,,,,,,,,
Data,12,record,timestamp,"944855483",s,position_lat,"390343376",semicircles,position_long,"-1398434646",semicircles,distance,"2295.26",m,altitude,"12.799999999999955",m,speed,"3.751",m/s,unknown,"0",,unknown,"100",,heart_rate,"105",bpm,cadence,"0",rpm,fractional_cadence,"0.0",rpm,enhanced_altitude,"12.799999999999955",m,enhanced_speed,"3.751",m/s,,,,,,,,,,,,,,,,,,,,,,,,,,,,,,,,,,,,,,,,,,,,,,,,,,,,,,,,,,,,,,,,,,,,,,,,,,,,,,,,,,,,,,,,,,,,,,,,,,,,,,,,,,,,,,,,,,,,,,,,,,,,,,,,,,,,,,,,,,,,,,,,,,,,,,,,,,,,,,,,,,,
Data,12,record,timestamp,"944855497",s,position_lat,"390338130",semicircles,position_long,"-1398437511",semicircles,distance,"2348.99",m,altitude,"12.799999999999955",m,speed,"3.844",m/s,unknown,"0",,unknown,"300",,heart_rate,"104",bpm,cadence,"0",rpm,fractional_cadence,"0.0",rpm,enhanced_altitude,"12.799999999999955",m,enhanced_speed,"3.844",m/s,,,,,,,,,,,,,,,,,,,,,,,,,,,,,,,,,,,,,,,,,,,,,,,,,,,,,,,,,,,,,,,,,,,,,,,,,,,,,,,,,,,,,,,,,,,,,,,,,,,,,,,,,,,,,,,,,,,,,,,,,,,,,,,,,,,,,,,,,,,,,,,,,,,,,,,,,,,,,,,,,,,
Data,12,record,timestamp,"944855498",s,position_lat,"390337759",semicircles,position_long,"-1398437705",semicircles,distance,"2352.77",m,altitude,"12.799999999999955",m,speed,"3.779",m/s,unknown,"0",,unknown,"100",,heart_rate,"103",bpm,cadence,"0",rpm,fractional_cadence,"0.0",rpm,enhanced_altitude,"12.799999999999955",m,enhanced_speed,"3.779",m/s,,,,,,,,,,,,,,,,,,,,,,,,,,,,,,,,,,,,,,,,,,,,,,,,,,,,,,,,,,,,,,,,,,,,,,,,,,,,,,,,,,,,,,,,,,,,,,,,,,,,,,,,,,,,,,,,,,,,,,,,,,,,,,,,,,,,,,,,,,,,,,,,,,,,,,,,,,,,,,,,,,,
Data,12,record,timestamp,"944855504",s,position_lat,"390335653",semicircles,position_long,"-1398438786",semicircles,distance,"2374.1",m,altitude,"12.600000000000023",m,speed,"3.564",m/s,unknown,"0",,unknown,"100",,heart_rate,"100",bpm,cadence,"0",rpm,fractional_cadence,"0.0",rpm,enhanced_altitude,"12.600000000000023",m,enhanced_speed,"3.564",m/s,,,,,,,,,,,,,,,,,,,,,,,,,,,,,,,,,,,,,,,,,,,,,,,,,,,,,,,,,,,,,,,,,,,,,,,,,,,,,,,,,,,,,,,,,,,,,,,,,,,,,,,,,,,,,,,,,,,,,,,,,,,,,,,,,,,,,,,,,,,,,,,,,,,,,,,,,,,,,,,,,,,
Data,12,record,timestamp,"944855507",s,position_lat,"390334695",semicircles,position_long,"-1398439293",semicircles,distance,"2383.85",m,altitude,"12.200000000000045",m,speed,"3.415",m/s,unknown,"0",,unknown,"100",,heart_rate,"103",bpm,cadence,"0",rpm,fractional_cadence,"0.0",rpm,enhanced_altitude,"12.200000000000045",m,enhanced_speed,"3.415",m/s,,,,,,,,,,,,,,,,,,,,,,,,,,,,,,,,,,,,,,,,,,,,,,,,,,,,,,,,,,,,,,,,,,,,,,,,,,,,,,,,,,,,,,,,,,,,,,,,,,,,,,,,,,,,,,,,,,,,,,,,,,,,,,,,,,,,,,,,,,,,,,,,,,,,,,,,,,,,,,,,,,,
Data,12,record,timestamp,"944855509",s,position_lat,"390334082",semicircles,position_long,"-1398439644",semicircles,distance,"2390.18",m,altitude,"12.200000000000045",m,speed,"3.322",m/s,unknown,"0",,unknown,"100",,heart_rate,"100",bpm,cadence,"0",rpm,fractional_cadence,"0.0",rpm,enhanced_altitude,"12.200000000000045",m,enhanced_speed,"3.322",m/s,,,,,,,,,,,,,,,,,,,,,,,,,,,,,,,,,,,,,,,,,,,,,,,,,,,,,,,,,,,,,,,,,,,,,,,,,,,,,,,,,,,,,,,,,,,,,,,,,,,,,,,,,,,,,,,,,,,,,,,,,,,,,,,,,,,,,,,,,,,,,,,,,,,,,,,,,,,,,,,,,,,
Data,12,record,timestamp,"944855510",s,position_lat,"390333769",semicircles,position_long,"-1398439809",semicircles,distance,"2393.37",m,altitude,"12.0",m,speed,"3.294",m/s,unknown,"0",,unknown,"100",,heart_rate,"103",bpm,cadence,"0",rpm,fractional_cadence,"0.0",rpm,enhanced_altitude,"12.0",m,enhanced_speed,"3.294",m/s,,,,,,,,,,,,,,,,,,,,,,,,,,,,,,,,,,,,,,,,,,,,,,,,,,,,,,,,,,,,,,,,,,,,,,,,,,,,,,,,,,,,,,,,,,,,,,,,,,,,,,,,,,,,,,,,,,,,,,,,,,,,,,,,,,,,,,,,,,,,,,,,,,,,,,,,,,,,,,,,,,,
Data,12,record,timestamp,"944855511",s,position_lat,"390333457",semicircles,position_long,"-1398439954",semicircles,distance,"2396.48",m,altitude,"12.0",m,speed,"3.21",m/s,unknown,"0",,unknown,"100",,heart_rate,"101",bpm,cadence,"0",rpm,fractional_cadence,"0.0",rpm,enhanced_altitude,"12.0",m,enhanced_speed,"3.21",m/s,,,,,,,,,,,,,,,,,,,,,,,,,,,,,,,,,,,,,,,,,,,,,,,,,,,,,,,,,,,,,,,,,,,,,,,,,,,,,,,,,,,,,,,,,,,,,,,,,,,,,,,,,,,,,,,,,,,,,,,,,,,,,,,,,,,,,,,,,,,,,,,,,,,,,,,,,,,,,,,,,,,
Data,12,record,timestamp,"944855515",s,position_lat,"390332225",semicircles,position_long,"-1398440526",semicircles,distance,"2408.79",m,altitude,"12.0",m,speed,"3.228",m/s,unknown,"0",,unknown,"100",,heart_rate,"98",bpm,cadence,"0",rpm,fractional_cadence,"0.0",rpm,enhanced_altitude,"12.0",m,enhanced_speed,"3.228",m/s,,,,,,,,,,,,,,,,,,,,,,,,,,,,,,,,,,,,,,,,,,,,,,,,,,,,,,,,,,,,,,,,,,,,,,,,,,,,,,,,,,,,,,,,,,,,,,,,,,,,,,,,,,,,,,,,,,,,,,,,,,,,,,,,,,,,,,,,,,,,,,,,,,,,,,,,,,,,,,,,,,,
Data,12,record,timestamp,"944855522",s,position_lat,"390329933",semicircles,position_long,"-1398441695",semicircles,distance,"2432.01",m,altitude,"12.0",m,speed,"3.312",m/s,unknown,"0",,unknown,"100",,heart_rate,"101",bpm,cadence,"0",rpm,fractional_cadence,"0.0",rpm,enhanced_altitude,"12.0",m,enhanced_speed,"3.312",m/s,,,,,,,,,,,,,,,,,,,,,,,,,,,,,,,,,,,,,,,,,,,,,,,,,,,,,,,,,,,,,,,,,,,,,,,,,,,,,,,,,,,,,,,,,,,,,,,,,,,,,,,,,,,,,,,,,,,,,,,,,,,,,,,,,,,,,,,,,,,,,,,,,,,,,,,,,,,,,,,,,,,
Data,12,record,timestamp,"944855523",s,position_lat,"390329576",semicircles,position_long,"-1398441895",semicircles,distance,"2435.68",m,altitude,"12.0",m,speed,"3.406",m/s,unknown,"0",,unknown,"100",,heart_rate,"98",bpm,cadence,"0",rpm,fractional_cadence,"0.0",rpm,enhanced_altitude,"12.0",m,enhanced_speed,"3.406",m/s,,,,,,,,,,,,,,,,,,,,,,,,,,,,,,,,,,,,,,,,,,,,,,,,,,,,,,,,,,,,,,,,,,,,,,,,,,,,,,,,,,,,,,,,,,,,,,,,,,,,,,,,,,,,,,,,,,,,,,,,,,,,,,,,,,,,,,,,,,,,,,,,,,,,,,,,,,,,,,,,,,,
Data,12,record,timestamp,"944855534",s,position_lat,"390325387",semicircles,position_long,"-1398444122",semicircles,distance,"2478.37",m,altitude,"12.399999999999977",m,speed,"3.835",m/s,unknown,"0",,unknown,"100",,heart_rate,"97",bpm,cadence,"0",rpm,fractional_cadence,"0.0",rpm,enhanced_altitude,"12.399999999999977",m,enhanced_speed,"3.835",m/s,,,,,,,,,,,,,,,,,,,,,,,,,,,,,,,,,,,,,,,,,,,,,,,,,,,,,,,,,,,,,,,,,,,,,,,,,,,,,,,,,,,,,,,,,,,,,,,,,,,,,,,,,,,,,,,,,,,,,,,,,,,,,,,,,,,,,,,,,,,,,,,,,,,,,,,,,,,,,,,,,,,
Data,12,record,timestamp,"944855539",s,position_lat,"390323975",semicircles,position_long,"-1398445733",semicircles,distance,"2496.57",m,altitude,"12.600000000000023",m,speed,"3.676",m/s,unknown,"0",,unknown,"100",,heart_rate,"100",bpm,cadence,"0",rpm,fractional_cadence,"0.0",rpm,enhanced_altitude,"12.600000000000023",m,enhanced_speed,"3.676",m/s,,,,,,,,,,,,,,,,,,,,,,,,,,,,,,,,,,,,,,,,,,,,,,,,,,,,,,,,,,,,,,,,,,,,,,,,,,,,,,,,,,,,,,,,,,,,,,,,,,,,,,,,,,,,,,,,,,,,,,,,,,,,,,,,,,,,,,,,,,,,,,,,,,,,,,,,,,,,,,,,,,,
Data,12,record,timestamp,"944855541",s,position_lat,"390323642",semicircles,position_long,"-1398446436",semicircles,distance,"2502.78",m,altitude,"12.399999999999977",m,speed,"3.424",m/s,unknown,"0",,unknown,"100",,heart_rate,"101",bpm,cadence,"0",rpm,fractional_cadence,"0.0",rpm,enhanced_altitude,"12.399999999999977",m,enhanced_speed,"3.424",m/s,,,,,,,,,,,,,,,,,,,,,,,,,,,,,,,,,,,,,,,,,,,,,,,,,,,,,,,,,,,,,,,,,,,,,,,,,,,,,,,,,,,,,,,,,,,,,,,,,,,,,,,,,,,,,,,,,,,,,,,,,,,,,,,,,,,,,,,,,,,,,,,,,,,,,,,,,,,,,,,,,,,
Data,12,record,timestamp,"944855544",s,position_lat,"390323298",semicircles,position_long,"-1398447400",semicircles,distance,"2510.85",m,altitude,"12.399999999999977",m,speed,"2.911",m/s,unknown,"0",,unknown,"100",,heart_rate,"106",bpm,cadence,"0",rpm,fractional_cadence,"0.0",rpm,enhanced_altitude,"12.399999999999977",m,enhanced_speed,"2.911",m/s,,,,,,,,,,,,,,,,,,,,,,,,,,,,,,,,,,,,,,,,,,,,,,,,,,,,,,,,,,,,,,,,,,,,,,,,,,,,,,,,,,,,,,,,,,,,,,,,,,,,,,,,,,,,,,,,,,,,,,,,,,,,,,,,,,,,,,,,,,,,,,,,,,,,,,,,,,,,,,,,,,,
Data,12,record,timestamp,"944855546",s,position_lat,"390323078",semicircles,position_long,"-1398448034",semicircles,distance,"2516.2",m,altitude,"12.399999999999977",m,speed,"2.79",m/s,unknown,"0",,unknown,"100",,heart_rate,"109",bpm,cadence,"0",rpm,fractional_cadence,"0.0",rpm,enhanced_altitude,"12.399999999999977",m,enhanced_speed,"2.79",m/s,,,,,,,,,,,,,,,,,,,,,,,,,,,,,,,,,,,,,,,,,,,,,,,,,,,,,,,,,,,,,,,,,,,,,,,,,,,,,,,,,,,,,,,,,,,,,,,,,,,,,,,,,,,,,,,,,,,,,,,,,,,,,,,,,,,,,,,,,,,,,,,,,,,,,,,,,,,,,,,,,,,
Data,12,record,timestamp,"944855549",s,position_lat,"390322702",semicircles,position_long,"-1398448959",semicircles,distance,"2524.26",m,altitude,"12.200000000000045",m,speed,"2.687",m/s,unknown,"0",,unknown,"100",,heart_rate,"111",bpm,cadence,"0",rpm,fractional_cadence,"0.0",rpm,enhanced_altitude,"12.200000000000045",m,enhanced_speed,"2.687",m/s,,,,,,,,,,,,,,,,,,,,,,,,,,,,,,,,,,,,,,,,,,,,,,,,,,,,,,,,,,,,,,,,,,,,,,,,,,,,,,,,,,,,,,,,,,,,,,,,,,,,,,,,,,,,,,,,,,,,,,,,,,,,,,,,,,,,,,,,,,,,,,,,,,,,,,,,,,,,,,,,,,,
Data,12,record,timestamp,"944855560",s,position_lat,"390321331",semicircles,position_long,"-1398452257",semicircles,distance,"2553.09",m,altitude,"11.800000000000011",m,speed,"2.743",m/s,unknown,"0",,unknown,"100",,heart_rate,"108",bpm,cadence,"0",rpm,fractional_cadence,"0.0",rpm,enhanced_altitude,"11.800000000000011",m,enhanced_speed,"2.743",m/s,,,,,,,,,,,,,,,,,,,,,,,,,,,,,,,,,,,,,,,,,,,,,,,,,,,,,,,,,,,,,,,,,,,,,,,,,,,,,,,,,,,,,,,,,,,,,,,,,,,,,,,,,,,,,,,,,,,,,,,,,,,,,,,,,,,,,,,,,,,,,,,,,,,,,,,,,,,,,,,,,,,
Data,12,record,timestamp,"944855563",s,position_lat,"390320940",semicircles,position_long,"-1398453222",semicircles,distance,"2561.5",m,altitude,"11.800000000000011",m,speed,"2.799",m/s,unknown,"0",,unknown,"100",,heart_rate,"107",bpm,cadence,"0",rpm,fractional_cadence,"0.0",rpm,enhanced_altitude,"11.800000000000011",m,enhanced_speed,"2.799",m/s,,,,,,,,,,,,,,,,,,,,,,,,,,,,,,,,,,,,,,,,,,,,,,,,,,,,,,,,,,,,,,,,,,,,,,,,,,,,,,,,,,,,,,,,,,,,,,,,,,,,,,,,,,,,,,,,,,,,,,,,,,,,,,,,,,,,,,,,,,,,,,,,,,,,,,,,,,,,,,,,,,,
Data,12,record,timestamp,"944855575",s,position_lat,"390319697",semicircles,position_long,"-1398457712",semicircles,distance,"2598.56",m,altitude,"12.0",m,speed,"3.079",m/s,unknown,"0",,unknown,"100",,heart_rate,"103",bpm,cadence,"0",rpm,fractional_cadence,"0.0",rpm,enhanced_altitude,"12.0",m,enhanced_speed,"3.079",m/s,,,,,,,,,,,,,,,,,,,,,,,,,,,,,,,,,,,,,,,,,,,,,,,,,,,,,,,,,,,,,,,,,,,,,,,,,,,,,,,,,,,,,,,,,,,,,,,,,,,,,,,,,,,,,,,,,,,,,,,,,,,,,,,,,,,,,,,,,,,,,,,,,,,,,,,,,,,,,,,,,,,
Data,12,record,timestamp,"944855582",s,position_lat,"390319835",semicircles,position_long,"-1398459693",semicircles,distance,"2614.97",m,altitude,"12.200000000000045",m,speed,"1.633",m/s,unknown,"0",,unknown,"100",,heart_rate,"106",bpm,cadence,"0",rpm,fractional_cadence,"0.0",rpm,enhanced_altitude,"12.200000000000045",m,enhanced_speed,"1.633",m/s,,,,,,,,,,,,,,,,,,,,,,,,,,,,,,,,,,,,,,,,,,,,,,,,,,,,,,,,,,,,,,,,,,,,,,,,,,,,,,,,,,,,,,,,,,,,,,,,,,,,,,,,,,,,,,,,,,,,,,,,,,,,,,,,,,,,,,,,,,,,,,,,,,,,,,,,,,,,,,,,,,,
Data,12,record,timestamp,"944855589",s,position_lat,"390321335",semicircles,position_long,"-1398460264",semicircles,distance,"2629.7",m,altitude,"12.200000000000045",m,speed,"2.118",m/s,unknown,"0",,unknown,"100",,heart_rate,"109",bpm,cadence,"0",rpm,fractional_cadence,"0.0",rpm,enhanced_altitude,"12.200000000000045",m,enhanced_speed,"2.118",m/s,,,,,,,,,,,,,,,,,,,,,,,,,,,,,,,,,,,,,,,,,,,,,,,,,,,,,,,,,,,,,,,,,,,,,,,,,,,,,,,,,,,,,,,,,,,,,,,,,,,,,,,,,,,,,,,,,,,,,,,,,,,,,,,,,,,,,,,,,,,,,,,,,,,,,,,,,,,,,,,,,,,
Data,12,record,timestamp,"944855595",s,position_lat,"390323169",semicircles,position_long,"-1398459934",semicircles,distance,"2646.82",m,altitude,"11.399999999999977",m,speed,"2.575",m/s,unknown,"0",,unknown,"100",,heart_rate,"113",bpm,cadence,"0",rpm,fractional_cadence,"0.0",rpm,enhanced_altitude,"11.399999999999977",m,enhanced_speed,"2.575",m/s,,,,,,,,,,,,,,,,,,,,,,,,,,,,,,,,,,,,,,,,,,,,,,,,,,,,,,,,,,,,,,,,,,,,,,,,,,,,,,,,,,,,,,,,,,,,,,,,,,,,,,,,,,,,,,,,,,,,,,,,,,,,,,,,,,,,,,,,,,,,,,,,,,,,,,,,,,,,,,,,,,,
Data,12,record,timestamp,"944855596",s,position_lat,"390323472",semicircles,position_long,"-1398459872",semicircles,distance,"2649.66",m,altitude,"11.399999999999977",m,speed,"2.585",m/s,unknown,"0",,unknown,"100",,heart_rate,"114",bpm,cadence,"0",rpm,fractional_cadence,"0.0",rpm,enhanced_altitude,"11.399999999999977",m,enhanced_speed,"2.585",m/s,,,,,,,,,,,,,,,,,,,,,,,,,,,,,,,,,,,,,,,,,,,,,,,,,,,,,,,,,,,,,,,,,,,,,,,,,,,,,,,,,,,,,,,,,,,,,,,,,,,,,,,,,,,,,,,,,,,,,,,,,,,,,,,,,,,,,,,,,,,,,,,,,,,,,,,,,,,,,,,,,,,
Data,12,record,timestamp,"944855598",s,position_lat,"390324037",semicircles,position_long,"-1398459787",semicircles,distance,"2654.94",m,altitude,"11.199999999999989",m,speed,"2.51",m/s,unknown,"0",,unknown,"100",,heart_rate,"113",bpm,cadence,"0",rpm,fractional_cadence,"0.0",rpm,enhanced_altitude,"11.199999999999989",m,enhanced_speed,"2.51",m/s,,,,,,,,,,,,,,,,,,,,,,,,,,,,,,,,,,,,,,,,,,,,,,,,,,,,,,,,,,,,,,,,,,,,,,,,,,,,,,,,,,,,,,,,,,,,,,,,,,,,,,,,,,,,,,,,,,,,,,,,,,,,,,,,,,,,,,,,,,,,,,,,,,,,,,,,,,,,,,,,,,,
Data,12,record,timestamp,"944855605",s,position_lat,"390326010",semicircles,position_long,"-1398459592",semicircles,distance,"2673.35",m,altitude,"10.800000000000011",m,speed,"2.473",m/s,unknown,"0",,unknown,"100",,heart_rate,"109",bpm,cadence,"0",rpm,fractional_cadence,"0.0",rpm,enhanced_altitude,"10.800000000000011",m,enhanced_speed,"2.473",m/s,,,,,,,,,,,,,,,,,,,,,,,,,,,,,,,,,,,,,,,,,,,,,,,,,,,,,,,,,,,,,,,,,,,,,,,,,,,,,,,,,,,,,,,,,,,,,,,,,,,,,,,,,,,,,,,,,,,,,,,,,,,,,,,,,,,,,,,,,,,,,,,,,,,,,,,,,,,,,,,,,,,
Data,12,record,timestamp,"944855612",s,position_lat,"390327997",semicircles,position_long,"-1398460042",semicircles,distance,"2692.23",m,altitude,"10.600000000000023",m,speed,"2.575",m/s,unknown,"0",,unknown,"100",,heart_rate,"109",bpm,cadence,"0",rpm,fractional_cadence,"0.0",rpm,enhanced_altitude,"10.600000000000023",m,enhanced_speed,"2.575",m/s,,,,,,,,,,,,,,,,,,,,,,,,,,,,,,,,,,,,,,,,,,,,,,,,,,,,,,,,,,,,,,,,,,,,,,,,,,,,,,,,,,,,,,,,,,,,,,,,,,,,,,,,,,,,,,,,,,,,,,,,,,,,,,,,,,,,,,,,,,,,,,,,,,,,,,,,,,,,,,,,,,,
Data,12,record,timestamp,"944855619",s,position_lat,"390330466",semicircles,position_long,"-1398461148",semicircles,distance,"2716.79",m,altitude,"11.199999999999989",m,speed,"3.499",m/s,unknown,"0",,unknown,"100",,heart_rate,"106",bpm,cadence,"51",rpm,fractional_cadence,"0.5",rpm,enhanced_altitude,"11.199999999999989",m,enhanced_speed,"3.499",m/s,,,,,,,,,,,,,,,,,,,,,,,,,,,,,,,,,,,,,,,,,,,,,,,,,,,,,,,,,,,,,,,,,,,,,,,,,,,,,,,,,,,,,,,,,,,,,,,,,,,,,,,,,,,,,,,,,,,,,,,,,,,,,,,,,,,,,,,,,,,,,,,,,,,,,,,,,,,,,,,,,,,
Data,12,record,timestamp,"944855620",s,position_lat,"390330856",semicircles,position_long,"-1398461260",semicircles,distance,"2720.51",m,altitude,"11.199999999999989",m,speed,"3.546",m/s,unknown,"0",,unknown,"100",,heart_rate,"105",bpm,cadence,"0",rpm,fractional_cadence,"0.0",rpm,enhanced_altitude,"11.199999999999989",m,enhanced_speed,"3.546",m/s,,,,,,,,,,,,,,,,,,,,,,,,,,,,,,,,,,,,,,,,,,,,,,,,,,,,,,,,,,,,,,,,,,,,,,,,,,,,,,,,,,,,,,,,,,,,,,,,,,,,,,,,,,,,,,,,,,,,,,,,,,,,,,,,,,,,,,,,,,,,,,,,,,,,,,,,,,,,,,,,,,,
Data,12,record,timestamp,"944855624",s,position_lat,"390332061",semicircles,position_long,"-1398461924",semicircles,distance,"2732.86",m,altitude,"12.0",m,speed,"3.098",m/s,unknown,"0",,unknown,"100",,heart_rate,"111",bpm,cadence,"0",rpm,fractional_cadence,"0.0",rpm,enhanced_altitude,"12.0",m,enhanced_speed,"3.098",m/s,,,,,,,,,,,,,,,,,,,,,,,,,,,,,,,,,,,,,,,,,,,,,,,,,,,,,,,,,,,,,,,,,,,,,,,,,,,,,,,,,,,,,,,,,,,,,,,,,,,,,,,,,,,,,,,,,,,,,,,,,,,,,,,,,,,,,,,,,,,,,,,,,,,,,,,,,,,,,,,,,,,
Data,12,record,timestamp,"944855625",s,position_lat,"390332313",semicircles,position_long,"-1398462080",semicircles,distance,"2735.51",m,altitude,"12.200000000000045",m,speed,"2.874",m/s,unknown,"0",,unknown,"100",,heart_rate,"116",bpm,cadence,"0",rpm,fractional_cadence,"0.0",rpm,enhanced_altitude,"12.200000000000045",m,enhanced_speed,"2.874",m/s,,,,,,,,,,,,,,,,,,,,,,,,,,,,,,,,,,,,,,,,,,,,,,,,,,,,,,,,,,,,,,,,,,,,,,,,,,,,,,,,,,,,,,,,,,,,,,,,,,,,,,,,,,,,,,,,,,,,,,,,,,,,,,,,,,,,,,,,,,,,,,,,,,,,,,,,,,,,,,,,,,,
Data,12,record,timestamp,"944855626",s,position_lat,"390332512",semicircles,position_long,"-1398462247",semicircles,distance,"2737.75",m,altitude,"12.399999999999977",m,speed,"2.65",m/s,unknown,"0",,unknown,"100",,heart_rate,"119",bpm,cadence,"0",rpm,fractional_cadence,"0.0",rpm,enhanced_altitude,"12.399999999999977",m,enhanced_speed,"2.65",m/s,,,,,,,,,,,,,,,,,,,,,,,,,,,,,,,,,,,,,,,,,,,,,,,,,,,,,,,,,,,,,,,,,,,,,,,,,,,,,,,,,,,,,,,,,,,,,,,,,,,,,,,,,,,,,,,,,,,,,,,,,,,,,,,,,,,,,,,,,,,,,,,,,,,,,,,,,,,,,,,,,,,
Data,12,record,timestamp,"944855627",s,position_lat,"390332779",semicircles,position_long,"-1398462411",semicircles,distance,"2740.55",m,altitude,"12.399999999999977",m,speed,"2.557",m/s,unknown,"0",,unknown,"100",,heart_rate,"124",bpm,cadence,"0",rpm,fractional_cadence,"0.0",rpm,enhanced_altitude,"12.399999999999977",m,enhanced_speed,"2.557",m/s,,,,,,,,,,,,,,,,,,,,,,,,,,,,,,,,,,,,,,,,,,,,,,,,,,,,,,,,,,,,,,,,,,,,,,,,,,,,,,,,,,,,,,,,,,,,,,,,,,,,,,,,,,,,,,,,,,,,,,,,,,,,,,,,,,,,,,,,,,,,,,,,,,,,,,,,,,,,,,,,,,,
Data,12,record,timestamp,"944855628",s,position_lat,"390333014",semicircles,position_long,"-1398462567",semicircles,distance,"2743.06",m,altitude,"12.399999999999977",m,speed,"2.463",m/s,unknown,"0",,unknown,"100",,heart_rate,"126",bpm,cadence,"44",rpm,fractional_cadence,"0.0",rpm,enhanced_altitude,"12.399999999999977",m,enhanced_speed,"2.463",m/s,,,,,,,,,,,,,,,,,,,,,,,,,,,,,,,,,,,,,,,,,,,,,,,,,,,,,,,,,,,,,,,,,,,,,,,,,,,,,,,,,,,,,,,,,,,,,,,,,,,,,,,,,,,,,,,,,,,,,,,,,,,,,,,,,,,,,,,,,,,,,,,,,,,,,,,,,,,,,,,,,,,
Data,12,record,timestamp,"944855629",s,position_lat,"390333271",semicircles,position_long,"-1398462690",semicircles,distance,"2745.63",m,altitude,"12.399999999999977",m,speed,"2.51",m/s,unknown,"0",,unknown,"100",,heart_rate,"130",bpm,cadence,"44",rpm,fractional_cadence,"0.0",rpm,enhanced_altitude,"12.399999999999977",m,enhanced_speed,"2.51",m/s,,,,,,,,,,,,,,,,,,,,,,,,,,,,,,,,,,,,,,,,,,,,,,,,,,,,,,,,,,,,,,,,,,,,,,,,,,,,,,,,,,,,,,,,,,,,,,,,,,,,,,,,,,,,,,,,,,,,,,,,,,,,,,,,,,,,,,,,,,,,,,,,,,,,,,,,,,,,,,,,,,,
Data,12,record,timestamp,"944855631",s,position_lat,"390333804",semicircles,position_long,"-1398462959",semicircles,distance,"2751.02",m,altitude,"12.399999999999977",m,speed,"2.669",m/s,unknown,"0",,unknown,"100",,heart_rate,"133",bpm,cadence,"0",rpm,fractional_cadence,"0.0",rpm,enhanced_altitude,"12.399999999999977",m,enhanced_speed,"2.669",m/s,,,,,,,,,,,,,,,,,,,,,,,,,,,,,,,,,,,,,,,,,,,,,,,,,,,,,,,,,,,,,,,,,,,,,,,,,,,,,,,,,,,,,,,,,,,,,,,,,,,,,,,,,,,,,,,,,,,,,,,,,,,,,,,,,,,,,,,,,,,,,,,,,,,,,,,,,,,,,,,,,,,
Data,12,record,timestamp,"944855633",s,position_lat,"390334380",semicircles,position_long,"-1398463172",semicircles,distance,"2756.62",m,altitude,"12.399999999999977",m,speed,"2.865",m/s,unknown,"0",,unknown,"100",,heart_rate,"137",bpm,cadence,"0",rpm,fractional_cadence,"0.0",rpm,enhanced_altitude,"12.399999999999977",m,enhanced_speed,"2.865",m/s,,,,,,,,,,,,,,,,,,,,,,,,,,,,,,,,,,,,,,,,,,,,,,,,,,,,,,,,,,,,,,,,,,,,,,,,,,,,,,,,,,,,,,,,,,,,,,,,,,,,,,,,,,,,,,,,,,,,,,,,,,,,,,,,,,,,,,,,,,,,,,,,,,,,,,,,,,,,,,,,,,,
Data,12,record,timestamp,"944855635",s,position_lat,"390334988",semicircles,position_long,"-1398463302",semicircles,distance,"2762.38",m,altitude,"12.399999999999977",m,speed,"2.893",m/s,unknown,"0",,unknown,"100",,heart_rate,"143",bpm,cadence,"0",rpm,fractional_cadence,"0.0",rpm,enhanced_altitude,"12.399999999999977",m,enhanced_speed,"2.893",m/s,,,,,,,,,,,,,,,,,,,,,,,,,,,,,,,,,,,,,,,,,,,,,,,,,,,,,,,,,,,,,,,,,,,,,,,,,,,,,,,,,,,,,,,,,,,,,,,,,,,,,,,,,,,,,,,,,,,,,,,,,,,,,,,,,,,,,,,,,,,,,,,,,,,,,,,,,,,,,,,,,,,
Data,12,record,timestamp,"944855637",s,position_lat,"390335765",semicircles,position_long,"-1398463360",semicircles,distance,"2769.61",m,altitude,"12.200000000000045",m,speed,"3.238",m/s,unknown,"0",,unknown,"100",,heart_rate,"145",bpm,cadence,"0",rpm,fractional_cadence,"0.0",rpm,enhanced_altitude,"12.200000000000045",m,enhanced_speed,"3.238",m/s,,,,,,,,,,,,,,,,,,,,,,,,,,,,,,,,,,,,,,,,,,,,,,,,,,,,,,,,,,,,,,,,,,,,,,,,,,,,,,,,,,,,,,,,,,,,,,,,,,,,,,,,,,,,,,,,,,,,,,,,,,,,,,,,,,,,,,,,,,,,,,,,,,,,,,,,,,,,,,,,,,,
Data,12,record,timestamp,"944855639",s,position_lat,"390336502",semicircles,position_long,"-1398463412",semicircles,distance,"2776.47",m,altitude,"12.200000000000045",m,speed,"3.275",m/s,unknown,"0",,unknown,"100",,heart_rate,"150",bpm,cadence,"0",rpm,fractional_cadence,"0.0",rpm,enhanced_altitude,"12.200000000000045",m,enhanced_speed,"3.275",m/s,,,,,,,,,,,,,,,,,,,,,,,,,,,,,,,,,,,,,,,,,,,,,,,,,,,,,,,,,,,,,,,,,,,,,,,,,,,,,,,,,,,,,,,,,,,,,,,,,,,,,,,,,,,,,,,,,,,,,,,,,,,,,,,,,,,,,,,,,,,,,,,,,,,,,,,,,,,,,,,,,,,
Data,12,record,timestamp,"944855647",s,position_lat,"390339334",semicircles,position_long,"-1398462776",semicircles,distance,"2803.36",m,altitude,"12.600000000000023",m,speed,"3.415",m/s,unknown,"0",,unknown,"100",,heart_rate,"150",bpm,cadence,"0",rpm,fractional_cadence,"0.0",rpm,enhanced_altitude,"12.600000000000023",m,enhanced_speed,"3.415",m/s,,,,,,,,,,,,,,,,,,,,,,,,,,,,,,,,,,,,,,,,,,,,,,,,,,,,,,,,,,,,,,,,,,,,,,,,,,,,,,,,,,,,,,,,,,,,,,,,,,,,,,,,,,,,,,,,,,,,,,,,,,,,,,,,,,,,,,,,,,,,,,,,,,,,,,,,,,,,,,,,,,,
Data,12,record,timestamp,"944855660",s,position_lat,"390343695",semicircles,position_long,"-1398460842",semicircles,distance,"2846.66",m,altitude,"12.0",m,speed,"3.154",m/s,unknown,"0",,unknown,"100",,heart_rate,"151",bpm,cadence,"0",rpm,fractional_cadence,"0.0",rpm,enhanced_altitude,"12.0",m,enhanced_speed,"3.154",m/s,,,,,,,,,,,,,,,,,,,,,,,,,,,,,,,,,,,,,,,,,,,,,,,,,,,,,,,,,,,,,,,,,,,,,,,,,,,,,,,,,,,,,,,,,,,,,,,,,,,,,,,,,,,,,,,,,,,,,,,,,,,,,,,,,,,,,,,,,,,,,,,,,,,,,,,,,,,,,,,,,,,
Data,12,record,timestamp,"944855667",s,position_lat,"390345321",semicircles,position_long,"-1398459088",semicircles,distance,"2866.96",m,altitude,"11.600000000000023",m,speed,"2.967",m/s,unknown,"0",,unknown,"100",,heart_rate,"154",bpm,cadence,"0",rpm,fractional_cadence,"0.0",rpm,enhanced_altitude,"11.600000000000023",m,enhanced_speed,"2.967",m/s,,,,,,,,,,,,,,,,,,,,,,,,,,,,,,,,,,,,,,,,,,,,,,,,,,,,,,,,,,,,,,,,,,,,,,,,,,,,,,,,,,,,,,,,,,,,,,,,,,,,,,,,,,,,,,,,,,,,,,,,,,,,,,,,,,,,,,,,,,,,,,,,,,,,,,,,,,,,,,,,,,,
Data,12,record,timestamp,"944855669",s,position_lat,"390345750",semicircles,position_long,"-1398458506",semicircles,distance,"2872.99",m,altitude,"11.399999999999977",m,speed,"2.958",m/s,unknown,"0",,unknown,"100",,heart_rate,"154",bpm,cadence,"0",rpm,fractional_cadence,"0.0",rpm,enhanced_altitude,"11.399999999999977",m,enhanced_speed,"2.958",m/s,,,,,,,,,,,,,,,,,,,,,,,,,,,,,,,,,,,,,,,,,,,,,,,,,,,,,,,,,,,,,,,,,,,,,,,,,,,,,,,,,,,,,,,,,,,,,,,,,,,,,,,,,,,,,,,,,,,,,,,,,,,,,,,,,,,,,,,,,,,,,,,,,,,,,,,,,,,,,,,,,,,
Data,12,record,timestamp,"944855678",s,position_lat,"390347083",semicircles,position_long,"-1398455809",semicircles,distance,"2897.36",m,altitude,"11.399999999999977",m,speed,"2.575",m/s,unknown,"0",,unknown,"300",,heart_rate,"150",bpm,cadence,"0",rpm,fractional_cadence,"0.0",rpm,enhanced_altitude,"11.399999999999977",m,enhanced_speed,"2.575",m/s,,,,,,,,,,,,,,,,,,,,,,,,,,,,,,,,,,,,,,,,,,,,,,,,,,,,,,,,,,,,,,,,,,,,,,,,,,,,,,,,,,,,,,,,,,,,,,,,,,,,,,,,,,,,,,,,,,,,,,,,,,,,,,,,,,,,,,,,,,,,,,,,,,,,,,,,,,,,,,,,,,,
Data,12,record,timestamp,"944855679",s,position_lat,"390347235",semicircles,position_long,"-1398455513",semicircles,distance,"2900.09",m,altitude,"11.399999999999977",m,speed,"2.585",m/s,unknown,"0",,unknown,"300",,heart_rate,"149",bpm,cadence,"0",rpm,fractional_cadence,"0.0",rpm,enhanced_altitude,"11.399999999999977",m,enhanced_speed,"2.585",m/s,,,,,,,,,,,,,,,,,,,,,,,,,,,,,,,,,,,,,,,,,,,,,,,,,,,,,,,,,,,,,,,,,,,,,,,,,,,,,,,,,,,,,,,,,,,,,,,,,,,,,,,,,,,,,,,,,,,,,,,,,,,,,,,,,,,,,,,,,,,,,,,,,,,,,,,,,,,,,,,,,,,
Data,12,record,timestamp,"944855680",s,position_lat,"390347375",semicircles,position_long,"-1398455270",semicircles,distance,"2902.4",m,altitude,"11.399999999999977",m,speed,"2.482",m/s,unknown,"0",,unknown,"300",,heart_rate,"148",bpm,cadence,"0",rpm,fractional_cadence,"0.0",rpm,enhanced_altitude,"11.399999999999977",m,enhanced_speed,"2.482",m/s,,,,,,,,,,,,,,,,,,,,,,,,,,,,,,,,,,,,,,,,,,,,,,,,,,,,,,,,,,,,,,,,,,,,,,,,,,,,,,,,,,,,,,,,,,,,,,,,,,,,,,,,,,,,,,,,,,,,,,,,,,,,,,,,,,,,,,,,,,,,,,,,,,,,,,,,,,,,,,,,,,,
Data,12,record,timestamp,"944855683",s,position_lat,"390347778",semicircles,position_long,"-1398454443",semicircles,distance,"2909.89",m,altitude,"11.399999999999977",m,speed,"2.51",m/s,unknown,"0",,unknown,"300",,heart_rate,"145",bpm,cadence,"0",rpm,fractional_cadence,"0.0",rpm,enhanced_altitude,"11.399999999999977",m,enhanced_speed,"2.51",m/s,,,,,,,,,,,,,,,,,,,,,,,,,,,,,,,,,,,,,,,,,,,,,,,,,,,,,,,,,,,,,,,,,,,,,,,,,,,,,,,,,,,,,,,,,,,,,,,,,,,,,,,,,,,,,,,,,,,,,,,,,,,,,,,,,,,,,,,,,,,,,,,,,,,,,,,,,,,,,,,,,,,
Data,12,record,timestamp,"944855687",s,position_lat,"390348317",semicircles,position_long,"-1398453358",semicircles,distance,"2919.77",m,altitude,"11.399999999999977",m,speed,"2.491",m/s,unknown,"0",,unknown,"300",,heart_rate,"142",bpm,cadence,"0",rpm,fractional_cadence,"0.0",rpm,enhanced_altitude,"11.399999999999977",m,enhanced_speed,"2.491",m/s,,,,,,,,,,,,,,,,,,,,,,,,,,,,,,,,,,,,,,,,,,,,,,,,,,,,,,,,,,,,,,,,,,,,,,,,,,,,,,,,,,,,,,,,,,,,,,,,,,,,,,,,,,,,,,,,,,,,,,,,,,,,,,,,,,,,,,,,,,,,,,,,,,,,,,,,,,,,,,,,,,,
Data,12,record,timestamp,"944855691",s,position_lat,"390349078",semicircles,position_long,"-1398452355",semicircles,distance,"2930.29",m,altitude,"11.600000000000023",m,speed,"2.547",m/s,unknown,"0",,unknown,"300",,heart_rate,"137",bpm,cadence,"0",rpm,fractional_cadence,"0.0",rpm,enhanced_altitude,"11.600000000000023",m,enhanced_speed,"2.547",m/s,,,,,,,,,,,,,,,,,,,,,,,,,,,,,,,,,,,,,,,,,,,,,,,,,,,,,,,,,,,,,,,,,,,,,,,,,,,,,,,,,,,,,,,,,,,,,,,,,,,,,,,,,,,,,,,,,,,,,,,,,,,,,,,,,,,,,,,,,,,,,,,,,,,,,,,,,,,,,,,,,,,
Data,12,record,timestamp,"944855695",s,position_lat,"390349896",semicircles,position_long,"-1398451369",semicircles,distance,"2941.09",m,altitude,"11.600000000000023",m,speed,"2.557",m/s,unknown,"0",,unknown,"100",,heart_rate,"134",bpm,cadence,"0",rpm,fractional_cadence,"0.0",rpm,enhanced_altitude,"11.600000000000023",m,enhanced_speed,"2.557",m/s,,,,,,,,,,,,,,,,,,,,,,,,,,,,,,,,,,,,,,,,,,,,,,,,,,,,,,,,,,,,,,,,,,,,,,,,,,,,,,,,,,,,,,,,,,,,,,,,,,,,,,,,,,,,,,,,,,,,,,,,,,,,,,,,,,,,,,,,,,,,,,,,,,,,,,,,,,,,,,,,,,,
Data,12,record,timestamp,"944855700",s,position_lat,"390350773",semicircles,position_long,"-1398450093",semicircles,distance,"2954.02",m,altitude,"11.399999999999977",m,speed,"2.641",m/s,unknown,"0",,unknown,"100",,heart_rate,"131",bpm,cadence,"0",rpm,fractional_cadence,"0.0",rpm,enhanced_altitude,"11.399999999999977",m,enhanced_speed,"2.641",m/s,,,,,,,,,,,,,,,,,,,,,,,,,,,,,,,,,,,,,,,,,,,,,,,,,,,,,,,,,,,,,,,,,,,,,,,,,,,,,,,,,,,,,,,,,,,,,,,,,,,,,,,,,,,,,,,,,,,,,,,,,,,,,,,,,,,,,,,,,,,,,,,,,,,,,,,,,,,,,,,,,,,
Data,12,record,timestamp,"944855706",s,position_lat,"390351875",semicircles,position_long,"-1398448494",semicircles,distance,"2970.23",m,altitude,"11.399999999999977",m,speed,"2.631",m/s,unknown,"0",,unknown,"300",,heart_rate,"128",bpm,cadence,"0",rpm,fractional_cadence,"0.0",rpm,enhanced_altitude,"11.399999999999977",m,enhanced_speed,"2.631",m/s,,,,,,,,,,,,,,,,,,,,,,,,,,,,,,,,,,,,,,,,,,,,,,,,,,,,,,,,,,,,,,,,,,,,,,,,,,,,,,,,,,,,,,,,,,,,,,,,,,,,,,,,,,,,,,,,,,,,,,,,,,,,,,,,,,,,,,,,,,,,,,,,,,,,,,,,,,,,,,,,,,,
Data,12,record,timestamp,"944855709",s,position_lat,"390352428",semicircles,position_long,"-1398447744",semicircles,distance,"2978.04",m,altitude,"11.399999999999977",m,speed,"2.603",m/s,unknown,"0",,unknown,"300",,heart_rate,"125",bpm,cadence,"0",rpm,fractional_cadence,"0.0",rpm,enhanced_altitude,"11.399999999999977",m,enhanced_speed,"2.603",m/s,,,,,,,,,,,,,,,,,,,,,,,,,,,,,,,,,,,,,,,,,,,,,,,,,,,,,,,,,,,,,,,,,,,,,,,,,,,,,,,,,,,,,,,,,,,,,,,,,,,,,,,,,,,,,,,,,,,,,,,,,,,,,,,,,,,,,,,,,,,,,,,,,,,,,,,,,,,,,,,,,,,
Data,12,record,timestamp,"944855714",s,position_lat,"390353433",semicircles,position_long,"-1398446472",semicircles,distance,"2991.73",m,altitude,"11.600000000000023",m,speed,"2.762",m/s,unknown,"0",,unknown,"100",,heart_rate,"123",bpm,cadence,"0",rpm,fractional_cadence,"0.0",rpm,enhanced_altitude,"11.600000000000023",m,enhanced_speed,"2.762",m/s,,,,,,,,,,,,,,,,,,,,,,,,,,,,,,,,,,,,,,,,,,,,,,,,,,,,,,,,,,,,,,,,,,,,,,,,,,,,,,,,,,,,,,,,,,,,,,,,,,,,,,,,,,,,,,,,,,,,,,,,,,,,,,,,,,,,,,,,,,,,,,,,,,,,,,,,,,,,,,,,,,,
Data,12,record,timestamp,"944855718",s,position_lat,"390354294",semicircles,position_long,"-1398445431",semicircles,distance,"3003.16",m,altitude,"11.600000000000023",m,speed,"2.762",m/s,unknown,"0",,unknown,"100",,heart_rate,"120",bpm,cadence,"0",rpm,fractional_cadence,"0.0",rpm,enhanced_altitude,"11.600000000000023",m,enhanced_speed,"2.762",m/s,,,,,,,,,,,,,,,,,,,,,,,,,,,,,,,,,,,,,,,,,,,,,,,,,,,,,,,,,,,,,,,,,,,,,,,,,,,,,,,,,,,,,,,,,,,,,,,,,,,,,,,,,,,,,,,,,,,,,,,,,,,,,,,,,,,,,,,,,,,,,,,,,,,,,,,,,,,,,,,,,,,
Data,12,record,timestamp,"944855724",s,position_lat,"390355901",semicircles,position_long,"-1398444069",semicircles,distance,"3021.52",m,altitude,"11.800000000000011",m,speed,"3.004",m/s,unknown,"0",,unknown,"300",,heart_rate,"117",bpm,cadence,"0",rpm,fractional_cadence,"0.0",rpm,enhanced_altitude,"11.800000000000011",m,enhanced_speed,"3.004",m/s,,,,,,,,,,,,,,,,,,,,,,,,,,,,,,,,,,,,,,,,,,,,,,,,,,,,,,,,,,,,,,,,,,,,,,,,,,,,,,,,,,,,,,,,,,,,,,,,,,,,,,,,,,,,,,,,,,,,,,,,,,,,,,,,,,,,,,,,,,,,,,,,,,,,,,,,,,,,,,,,,,,
Data,12,record,timestamp,"944855726",s,position_lat,"390356413",semicircles,position_long,"-1398443715",semicircles,distance,"3027.03",m,altitude,"11.800000000000011",m,speed,"2.958",m/s,unknown,"0",,unknown,"300",,heart_rate,"116",bpm,cadence,"0",rpm,fractional_cadence,"0.0",rpm,enhanced_altitude,"11.800000000000011",m,enhanced_speed,"2.958",m/s,,,,,,,,,,,,,,,,,,,,,,,,,,,,,,,,,,,,,,,,,,,,,,,,,,,,,,,,,,,,,,,,,,,,,,,,,,,,,,,,,,,,,,,,,,,,,,,,,,,,,,,,,,,,,,,,,,,,,,,,,,,,,,,,,,,,,,,,,,,,,,,,,,,,,,,,,,,,,,,,,,,
Data,12,record,timestamp,"944855733",s,position_lat,"390358697",semicircles,position_long,"-1398443227",semicircles,distance,"3048.56",m,altitude,"11.800000000000011",m,speed,"3.172",m/s,unknown,"0",,unknown,"100",,heart_rate,"115",bpm,cadence,"0",rpm,fractional_cadence,"0.0",rpm,enhanced_altitude,"11.800000000000011",m,enhanced_speed,"3.172",m/s,,,,,,,,,,,,,,,,,,,,,,,,,,,,,,,,,,,,,,,,,,,,,,,,,,,,,,,,,,,,,,,,,,,,,,,,,,,,,,,,,,,,,,,,,,,,,,,,,,,,,,,,,,,,,,,,,,,,,,,,,,,,,,,,,,,,,,,,,,,,,,,,,,,,,,,,,,,,,,,,,,,
Data,12,record,timestamp,"944855742",s,position_lat,"390361479",semicircles,position_long,"-1398443165",semicircles,distance,"3074.37",m,altitude,"11.800000000000011",m,speed,"2.921",m/s,unknown,"0",,unknown,"100",,heart_rate,"115",bpm,cadence,"0",rpm,fractional_cadence,"0.0",rpm,enhanced_altitude,"11.800000000000011",m,enhanced_speed,"2.921",m/s,,,,,,,,,,,,,,,,,,,,,,,,,,,,,,,,,,,,,,,,,,,,,,,,,,,,,,,,,,,,,,,,,,,,,,,,,,,,,,,,,,,,,,,,,,,,,,,,,,,,,,,,,,,,,,,,,,,,,,,,,,,,,,,,,,,,,,,,,,,,,,,,,,,,,,,,,,,,,,,,,,,
Data,12,record,timestamp,"944855750",s,position_lat,"390363817",semicircles,position_long,"-1398443459",semicircles,distance,"3096.21",m,altitude,"11.600000000000023",m,speed,"2.846",m/s,unknown,"0",,unknown,"100",,heart_rate,"112",bpm,cadence,"0",rpm,fractional_cadence,"0.0",rpm,enhanced_altitude,"11.600000000000023",m,enhanced_speed,"2.846",m/s,,,,,,,,,,,,,,,,,,,,,,,,,,,,,,,,,,,,,,,,,,,,,,,,,,,,,,,,,,,,,,,,,,,,,,,,,,,,,,,,,,,,,,,,,,,,,,,,,,,,,,,,,,,,,,,,,,,,,,,,,,,,,,,,,,,,,,,,,,,,,,,,,,,,,,,,,,,,,,,,,,,
Data,12,record,timestamp,"944855754",s,position_lat,"390365043",semicircles,position_long,"-1398443595",semicircles,distance,"3107.66",m,altitude,"11.399999999999977",m,speed,"2.893",m/s,unknown,"0",,unknown,"100",,heart_rate,"111",bpm,cadence,"0",rpm,fractional_cadence,"0.0",rpm,enhanced_altitude,"11.399999999999977",m,enhanced_speed,"2.893",m/s,,,,,,,,,,,,,,,,,,,,,,,,,,,,,,,,,,,,,,,,,,,,,,,,,,,,,,,,,,,,,,,,,,,,,,,,,,,,,,,,,,,,,,,,,,,,,,,,,,,,,,,,,,,,,,,,,,,,,,,,,,,,,,,,,,,,,,,,,,,,,,,,,,,,,,,,,,,,,,,,,,,
Data,12,record,timestamp,"944855762",s,position_lat,"390367502",semicircles,position_long,"-1398444342",semicircles,distance,"3131.3",m,altitude,"11.800000000000011",m,speed,"2.818",m/s,unknown,"0",,unknown,"100",,heart_rate,"108",bpm,cadence,"0",rpm,fractional_cadence,"0.0",rpm,enhanced_altitude,"11.800000000000011",m,enhanced_speed,"2.818",m/s,,,,,,,,,,,,,,,,,,,,,,,,,,,,,,,,,,,,,,,,,,,,,,,,,,,,,,,,,,,,,,,,,,,,,,,,,,,,,,,,,,,,,,,,,,,,,,,,,,,,,,,,,,,,,,,,,,,,,,,,,,,,,,,,,,,,,,,,,,,,,,,,,,,,,,,,,,,,,,,,,,,
Data,12,record,timestamp,"944855765",s,position_lat,"390368513",semicircles,position_long,"-1398444523",semicircles,distance,"3140.8",m,altitude,"11.800000000000011",m,speed,"2.911",m/s,unknown,"0",,unknown,"100",,heart_rate,"108",bpm,cadence,"0",rpm,fractional_cadence,"0.0",rpm,enhanced_altitude,"11.800000000000011",m,enhanced_speed,"2.911",m/s,,,,,,,,,,,,,,,,,,,,,,,,,,,,,,,,,,,,,,,,,,,,,,,,,,,,,,,,,,,,,,,,,,,,,,,,,,,,,,,,,,,,,,,,,,,,,,,,,,,,,,,,,,,,,,,,,,,,,,,,,,,,,,,,,,,,,,,,,,,,,,,,,,,,,,,,,,,,,,,,,,,
Data,12,record,timestamp,"944855768",s,position_lat,"390369478",semicircles,position_long,"-1398444780",semicircles,distance,"3149.99",m,altitude,"12.200000000000045",m,speed,"2.948",m/s,unknown,"0",,unknown,"100",,heart_rate,"105",bpm,cadence,"0",rpm,fractional_cadence,"0.0",rpm,enhanced_altitude,"12.200000000000045",m,enhanced_speed,"2.948",m/s,,,,,,,,,,,,,,,,,,,,,,,,,,,,,,,,,,,,,,,,,,,,,,,,,,,,,,,,,,,,,,,,,,,,,,,,,,,,,,,,,,,,,,,,,,,,,,,,,,,,,,,,,,,,,,,,,,,,,,,,,,,,,,,,,,,,,,,,,,,,,,,,,,,,,,,,,,,,,,,,,,,
Data,12,record,timestamp,"944855772",s,position_lat,"390370710",semicircles,position_long,"-1398445129",semicircles,distance,"3161.77",m,altitude,"12.399999999999977",m,speed,"2.921",m/s,unknown,"0",,unknown,"100",,heart_rate,"106",bpm,cadence,"0",rpm,fractional_cadence,"0.0",rpm,enhanced_altitude,"12.399999999999977",m,enhanced_speed,"2.921",m/s,,,,,,,,,,,,,,,,,,,,,,,,,,,,,,,,,,,,,,,,,,,,,,,,,,,,,,,,,,,,,,,,,,,,,,,,,,,,,,,,,,,,,,,,,,,,,,,,,,,,,,,,,,,,,,,,,,,,,,,,,,,,,,,,,,,,,,,,,,,,,,,,,,,,,,,,,,,,,,,,,,,
Data,12,record,timestamp,"944855780",s,position_lat,"390373029",semicircles,position_long,"-1398445577",semicircles,distance,"3183.63",m,altitude,"12.399999999999977",m,speed,"2.771",m/s,unknown,"0",,unknown,"100",,heart_rate,"103",bpm,cadence,"0",rpm,fractional_cadence,"0.0",rpm,enhanced_altitude,"12.399999999999977",m,enhanced_speed,"2.771",m/s,,,,,,,,,,,,,,,,,,,,,,,,,,,,,,,,,,,,,,,,,,,,,,,,,,,,,,,,,,,,,,,,,,,,,,,,,,,,,,,,,,,,,,,,,,,,,,,,,,,,,,,,,,,,,,,,,,,,,,,,,,,,,,,,,,,,,,,,,,,,,,,,,,,,,,,,,,,,,,,,,,,
Data,12,record,timestamp,"944855781",s,position_lat,"390373296",semicircles,position_long,"-1398445617",semicircles,distance,"3186.13",m,altitude,"12.399999999999977",m,speed,"2.781",m/s,unknown,"0",,unknown,"100",,heart_rate,"103",bpm,cadence,"0",rpm,fractional_cadence,"0.0",rpm,enhanced_altitude,"12.399999999999977",m,enhanced_speed,"2.781",m/s,,,,,,,,,,,,,,,,,,,,,,,,,,,,,,,,,,,,,,,,,,,,,,,,,,,,,,,,,,,,,,,,,,,,,,,,,,,,,,,,,,,,,,,,,,,,,,,,,,,,,,,,,,,,,,,,,,,,,,,,,,,,,,,,,,,,,,,,,,,,,,,,,,,,,,,,,,,,,,,,,,,
Data,12,record,timestamp,"944855784",s,position_lat,"390374163",semicircles,position_long,"-1398445613",semicircles,distance,"3194.19",m,altitude,"12.399999999999977",m,speed,"2.762",m/s,unknown,"0",,unknown,"100",,heart_rate,"100",bpm,cadence,"40",rpm,fractional_cadence,"0.5",rpm,enhanced_altitude,"12.399999999999977",m,enhanced_speed,"2.762",m/s,,,,,,,,,,,,,,,,,,,,,,,,,,,,,,,,,,,,,,,,,,,,,,,,,,,,,,,,,,,,,,,,,,,,,,,,,,,,,,,,,,,,,,,,,,,,,,,,,,,,,,,,,,,,,,,,,,,,,,,,,,,,,,,,,,,,,,,,,,,,,,,,,,,,,,,,,,,,,,,,,,,
Data,12,record,timestamp,"944855789",s,position_lat,"390375573",semicircles,position_long,"-1398445401",semicircles,distance,"3207.38",m,altitude,"12.200000000000045",m,speed,"2.659",m/s,unknown,"0",,unknown,"100",,heart_rate,"103",bpm,cadence,"0",rpm,fractional_cadence,"0.0",rpm,enhanced_altitude,"12.200000000000045",m,enhanced_speed,"2.659",m/s,,,,,,,,,,,,,,,,,,,,,,,,,,,,,,,,,,,,,,,,,,,,,,,,,,,,,,,,,,,,,,,,,,,,,,,,,,,,,,,,,,,,,,,,,,,,,,,,,,,,,,,,,,,,,,,,,,,,,,,,,,,,,,,,,,,,,,,,,,,,,,,,,,,,,,,,,,,,,,,,,,,
Data,12,record,timestamp,"944855792",s,position_lat,"390376346",semicircles,position_long,"-1398445319",semicircles,distance,"3214.64",m,altitude,"12.200000000000045",m,speed,"2.659",m/s,unknown,"0",,unknown,"100",,heart_rate,"106",bpm,cadence,"0",rpm,fractional_cadence,"0.0",rpm,enhanced_altitude,"12.200000000000045",m,enhanced_speed,"2.659",m/s,,,,,,,,,,,,,,,,,,,,,,,,,,,,,,,,,,,,,,,,,,,,,,,,,,,,,,,,,,,,,,,,,,,,,,,,,,,,,,,,,,,,,,,,,,,,,,,,,,,,,,,,,,,,,,,,,,,,,,,,,,,,,,,,,,,,,,,,,,,,,,,,,,,,,,,,,,,,,,,,,,,
Data,12,record,timestamp,"944855796",s,position_lat,"390377626",semicircles,position_long,"-1398445243",semicircles,distance,"3226.56",m,altitude,"12.200000000000045",m,speed,"2.865",m/s,unknown,"0",,unknown,"100",,heart_rate,"110",bpm,cadence,"0",rpm,fractional_cadence,"0.0",rpm,enhanced_altitude,"12.200000000000045",m,enhanced_speed,"2.865",m/s,,,,,,,,,,,,,,,,,,,,,,,,,,,,,,,,,,,,,,,,,,,,,,,,,,,,,,,,,,,,,,,,,,,,,,,,,,,,,,,,,,,,,,,,,,,,,,,,,,,,,,,,,,,,,,,,,,,,,,,,,,,,,,,,,,,,,,,,,,,,,,,,,,,,,,,,,,,,,,,,,,,
Data,12,record,timestamp,"944855801",s,position_lat,"390378891",semicircles,position_long,"-1398446024",semicircles,distance,"3240.01",m,altitude,"12.399999999999977",m,speed,"2.725",m/s,unknown,"0",,unknown,"100",,heart_rate,"110",bpm,cadence,"0",rpm,fractional_cadence,"0.0",rpm,enhanced_altitude,"12.399999999999977",m,enhanced_speed,"2.725",m/s,,,,,,,,,,,,,,,,,,,,,,,,,,,,,,,,,,,,,,,,,,,,,,,,,,,,,,,,,,,,,,,,,,,,,,,,,,,,,,,,,,,,,,,,,,,,,,,,,,,,,,,,,,,,,,,,,,,,,,,,,,,,,,,,,,,,,,,,,,,,,,,,,,,,,,,,,,,,,,,,,,,
Data,12,record,timestamp,"944855806",s,position_lat,"390379148",semicircles,position_long,"-1398447559",semicircles,distance,"3251.31",m,altitude,"12.399999999999977",m,speed,"2.23",m/s,unknown,"0",,unknown,"100",,heart_rate,"112",bpm,cadence,"0",rpm,fractional_cadence,"0.0",rpm,enhanced_altitude,"12.399999999999977",m,enhanced_speed,"2.23",m/s,,,,,,,,,,,,,,,,,,,,,,,,,,,,,,,,,,,,,,,,,,,,,,,,,,,,,,,,,,,,,,,,,,,,,,,,,,,,,,,,,,,,,,,,,,,,,,,,,,,,,,,,,,,,,,,,,,,,,,,,,,,,,,,,,,,,,,,,,,,,,,,,,,,,,,,,,,,,,,,,,,,
Data,12,record,timestamp,"944855813",s,position_lat,"390378654",semicircles,position_long,"-1398449555",semicircles,distance,"3267.11",m,altitude,"12.200000000000045",m,speed,"2.165",m/s,unknown,"0",,unknown,"100",,heart_rate,"112",bpm,cadence,"0",rpm,fractional_cadence,"0.0",rpm,enhanced_altitude,"12.200000000000045",m,enhanced_speed,"2.165",m/s,,,,,,,,,,,,,,,,,,,,,,,,,,,,,,,,,,,,,,,,,,,,,,,,,,,,,,,,,,,,,,,,,,,,,,,,,,,,,,,,,,,,,,,,,,,,,,,,,,,,,,,,,,,,,,,,,,,,,,,,,,,,,,,,,,,,,,,,,,,,,,,,,,,,,,,,,,,,,,,,,,,
Data,12,record,timestamp,"944855830",s,position_lat,"390377347",semicircles,position_long,"-1398454039",semicircles,distance,"3304.35",m,altitude,"11.800000000000011",m,speed,"2.099",m/s,unknown,"0",,unknown,"100",,heart_rate,"108",bpm,cadence,"0",rpm,fractional_cadence,"0.0",rpm,enhanced_altitude,"11.800000000000011",m,enhanced_speed,"2.099",m/s,,,,,,,,,,,,,,,,,,,,,,,,,,,,,,,,,,,,,,,,,,,,,,,,,,,,,,,,,,,,,,,,,,,,,,,,,,,,,,,,,,,,,,,,,,,,,,,,,,,,,,,,,,,,,,,,,,,,,,,,,,,,,,,,,,,,,,,,,,,,,,,,,,,,,,,,,,,,,,,,,,,
Data,12,record,timestamp,"944855844",s,position_lat,"390376705",semicircles,position_long,"-1398457644",semicircles,distance,"3333.38",m,altitude,"11.600000000000023",m,speed,"2.211",m/s,unknown,"0",,unknown,"100",,heart_rate,"104",bpm,cadence,"0",rpm,fractional_cadence,"0.0",rpm,enhanced_altitude,"11.600000000000023",m,enhanced_speed,"2.211",m/s,,,,,,,,,,,,,,,,,,,,,,,,,,,,,,,,,,,,,,,,,,,,,,,,,,,,,,,,,,,,,,,,,,,,,,,,,,,,,,,,,,,,,,,,,,,,,,,,,,,,,,,,,,,,,,,,,,,,,,,,,,,,,,,,,,,,,,,,,,,,,,,,,,,,,,,,,,,,,,,,,,,
Data,12,record,timestamp,"944855853",s,position_lat,"390376127",semicircles,position_long,"-1398459501",semicircles,distance,"3349.39",m,altitude,"11.600000000000023",m,speed,"1.754",m/s,unknown,"0",,unknown,"100",,heart_rate,"105",bpm,cadence,"0",rpm,fractional_cadence,"0.0",rpm,enhanced_altitude,"11.600000000000023",m,enhanced_speed,"1.754",m/s,,,,,,,,,,,,,,,,,,,,,,,,,,,,,,,,,,,,,,,,,,,,,,,,,,,,,,,,,,,,,,,,,,,,,,,,,,,,,,,,,,,,,,,,,,,,,,,,,,,,,,,,,,,,,,,,,,,,,,,,,,,,,,,,,,,,,,,,,,,,,,,,,,,,,,,,,,,,,,,,,,,
Data,12,record,timestamp,"944855861",s,position_lat,"390375316",semicircles,position_long,"-1398461489",semicircles,distance,"3366.71",m,altitude,"11.800000000000011",m,speed,"2.183",m/s,unknown,"0",,unknown,"100",,heart_rate,"108",bpm,cadence,"0",rpm,fractional_cadence,"0.0",rpm,enhanced_altitude,"11.800000000000011",m,enhanced_speed,"2.183",m/s,,,,,,,,,,,,,,,,,,,,,,,,,,,,,,,,,,,,,,,,,,,,,,,,,,,,,,,,,,,,,,,,,,,,,,,,,,,,,,,,,,,,,,,,,,,,,,,,,,,,,,,,,,,,,,,,,,,,,,,,,,,,,,,,,,,,,,,,,,,,,,,,,,,,,,,,,,,,,,,,,,,
Data,12,record,timestamp,"944855864",s,position_lat,"390374960",semicircles,position_long,"-1398462385",semicircles,distance,"3374.51",m,altitude,"11.800000000000011",m,speed,"2.407",m/s,unknown,"0",,unknown,"100",,heart_rate,"110",bpm,cadence,"0",rpm,fractional_cadence,"0.0",rpm,enhanced_altitude,"11.800000000000011",m,enhanced_speed,"2.407",m/s,,,,,,,,,,,,,,,,,,,,,,,,,,,,,,,,,,,,,,,,,,,,,,,,,,,,,,,,,,,,,,,,,,,,,,,,,,,,,,,,,,,,,,,,,,,,,,,,,,,,,,,,,,,,,,,,,,,,,,,,,,,,,,,,,,,,,,,,,,,,,,,,,,,,,,,,,,,,,,,,,,,
Data,12,record,timestamp,"944855871",s,position_lat,"390373792",semicircles,position_long,"-1398464455",semicircles,distance,"3394.15",m,altitude,"11.600000000000023",m,speed,"2.557",m/s,unknown,"0",,unknown,"100",,heart_rate,"111",bpm,cadence,"0",rpm,fractional_cadence,"0.0",rpm,enhanced_altitude,"11.600000000000023",m,enhanced_speed,"2.557",m/s,,,,,,,,,,,,,,,,,,,,,,,,,,,,,,,,,,,,,,,,,,,,,,,,,,,,,,,,,,,,,,,,,,,,,,,,,,,,,,,,,,,,,,,,,,,,,,,,,,,,,,,,,,,,,,,,,,,,,,,,,,,,,,,,,,,,,,,,,,,,,,,,,,,,,,,,,,,,,,,,,,,
Data,12,record,timestamp,"944855881",s,position_lat,"390372201",semicircles,position_long,"-1398466797",semicircles,distance,"3417.79",m,altitude,"12.200000000000045",m,speed,"2.118",m/s,unknown,"0",,unknown,"100",,heart_rate,"116",bpm,cadence,"0",rpm,fractional_cadence,"0.0",rpm,enhanced_altitude,"12.200000000000045",m,enhanced_speed,"2.118",m/s,,,,,,,,,,,,,,,,,,,,,,,,,,,,,,,,,,,,,,,,,,,,,,,,,,,,,,,,,,,,,,,,,,,,,,,,,,,,,,,,,,,,,,,,,,,,,,,,,,,,,,,,,,,,,,,,,,,,,,,,,,,,,,,,,,,,,,,,,,,,,,,,,,,,,,,,,,,,,,,,,,,
Data,12,record,timestamp,"944855882",s,position_lat,"390372049",semicircles,position_long,"-1398467004",semicircles,distance,"3419.95",m,altitude,"12.200000000000045",m,speed,"2.118",m/s,unknown,"0",,unknown,"100",,heart_rate,"121",bpm,cadence,"0",rpm,fractional_cadence,"0.0",rpm,enhanced_altitude,"12.200000000000045",m,enhanced_speed,"2.118",m/s,,,,,,,,,,,,,,,,,,,,,,,,,,,,,,,,,,,,,,,,,,,,,,,,,,,,,,,,,,,,,,,,,,,,,,,,,,,,,,,,,,,,,,,,,,,,,,,,,,,,,,,,,,,,,,,,,,,,,,,,,,,,,,,,,,,,,,,,,,,,,,,,,,,,,,,,,,,,,,,,,,,
Data,12,record,timestamp,"944855884",s,position_lat,"390371814",semicircles,position_long,"-1398467419",semicircles,distance,"3423.85",m,altitude,"12.0",m,speed,"2.006",m/s,unknown,"0",,unknown,"100",,heart_rate,"127",bpm,cadence,"0",rpm,fractional_cadence,"0.0",rpm,enhanced_altitude,"12.0",m,enhanced_speed,"2.006",m/s,,,,,,,,,,,,,,,,,,,,,,,,,,,,,,,,,,,,,,,,,,,,,,,,,,,,,,,,,,,,,,,,,,,,,,,,,,,,,,,,,,,,,,,,,,,,,,,,,,,,,,,,,,,,,,,,,,,,,,,,,,,,,,,,,,,,,,,,,,,,,,,,,,,,,,,,,,,,,,,,,,,
Data,12,record,timestamp,"944855886",s,position_lat,"390371588",semicircles,position_long,"-1398467756",semicircles,distance,"3427.22",m,altitude,"12.0",m,speed,"1.819",m/s,unknown,"0",,unknown,"100",,heart_rate,"131",bpm,cadence,"0",rpm,fractional_cadence,"0.0",rpm,enhanced_altitude,"12.0",m,enhanced_speed,"1.819",m/s,,,,,,,,,,,,,,,,,,,,,,,,,,,,,,,,,,,,,,,,,,,,,,,,,,,,,,,,,,,,,,,,,,,,,,,,,,,,,,,,,,,,,,,,,,,,,,,,,,,,,,,,,,,,,,,,,,,,,,,,,,,,,,,,,,,,,,,,,,,,,,,,,,,,,,,,,,,,,,,,,,,
Data,12,record,timestamp,"944855889",s,position_lat,"390371250",semicircles,position_long,"-1398468193",semicircles,distance,"3431.89",m,altitude,"12.200000000000045",m,speed,"1.68",m/s,unknown,"0",,unknown,"100",,heart_rate,"135",bpm,cadence,"0",rpm,fractional_cadence,"0.0",rpm,enhanced_altitude,"12.200000000000045",m,enhanced_speed,"1.68",m/s,,,,,,,,,,,,,,,,,,,,,,,,,,,,,,,,,,,,,,,,,,,,,,,,,,,,,,,,,,,,,,,,,,,,,,,,,,,,,,,,,,,,,,,,,,,,,,,,,,,,,,,,,,,,,,,,,,,,,,,,,,,,,,,,,,,,,,,,,,,,,,,,,,,,,,,,,,,,,,,,,,,
Data,12,record,timestamp,"944855890",s,position_lat,"390371081",semicircles,position_long,"-1398468341",semicircles,distance,"3433.83",m,altitude,"12.0",m,speed,"1.745",m/s,unknown,"0",,unknown,"100",,heart_rate,"138",bpm,cadence,"0",rpm,fractional_cadence,"0.0",rpm,enhanced_altitude,"12.0",m,enhanced_speed,"1.745",m/s,,,,,,,,,,,,,,,,,,,,,,,,,,,,,,,,,,,,,,,,,,,,,,,,,,,,,,,,,,,,,,,,,,,,,,,,,,,,,,,,,,,,,,,,,,,,,,,,,,,,,,,,,,,,,,,,,,,,,,,,,,,,,,,,,,,,,,,,,,,,,,,,,,,,,,,,,,,,,,,,,,,
Data,12,record,timestamp,"944855891",s,position_lat,"390370899",semicircles,position_long,"-1398468526",semicircles,distance,"3436.06",m,altitude,"12.0",m,speed,"1.885",m/s,unknown,"0",,unknown,"100",,heart_rate,"139",bpm,cadence,"0",rpm,fractional_cadence,"0.0",rpm,enhanced_altitude,"12.0",m,enhanced_speed,"1.885",m/s,,,,,,,,,,,,,,,,,,,,,,,,,,,,,,,,,,,,,,,,,,,,,,,,,,,,,,,,,,,,,,,,,,,,,,,,,,,,,,,,,,,,,,,,,,,,,,,,,,,,,,,,,,,,,,,,,,,,,,,,,,,,,,,,,,,,,,,,,,,,,,,,,,,,,,,,,,,,,,,,,,,
Data,12,record,timestamp,"944855898",s,position_lat,"390369528",semicircles,position_long,"-1398468743",semicircles,distance,"3449.29",m,altitude,"12.0",m,speed,"1.903",m/s,unknown,"0",,unknown,"100",,heart_rate,"139",bpm,cadence,"0",rpm,fractional_cadence,"0.0",rpm,enhanced_altitude,"12.0",m,enhanced_speed,"1.903",m/s,,,,,,,,,,,,,,,,,,,,,,,,,,,,,,,,,,,,,,,,,,,,,,,,,,,,,,,,,,,,,,,,,,,,,,,,,,,,,,,,,,,,,,,,,,,,,,,,,,,,,,,,,,,,,,,,,,,,,,,,,,,,,,,,,,,,,,,,,,,,,,,,,,,,,,,,,,,,,,,,,,,
Data,12,record,timestamp,"944855908",s,position_lat,"390367287",semicircles,position_long,"-1398467621",semicircles,distance,"3472.09",m,altitude,"11.800000000000011",m,speed,"2.155",m/s,unknown,"0",,unknown,"300",,heart_rate,"140",bpm,cadence,"0",rpm,fractional_cadence,"0.0",rpm,enhanced_altitude,"11.800000000000011",m,enhanced_speed,"2.155",m/s,,,,,,,,,,,,,,,,,,,,,,,,,,,,,,,,,,,,,,,,,,,,,,,,,,,,,,,,,,,,,,,,,,,,,,,,,,,,,,,,,,,,,,,,,,,,,,,,,,,,,,,,,,,,,,,,,,,,,,,,,,,,,,,,,,,,,,,,,,,,,,,,,,,,,,,,,,,,,,,,,,,
Data,12,record,timestamp,"944855916",s,position_lat,"390365993",semicircles,position_long,"-1398466371",semicircles,distance,"3487.62",m,altitude,"11.800000000000011",m,speed,"1.885",m/s,unknown,"0",,unknown,"100",,heart_rate,"144",bpm,cadence,"0",rpm,fractional_cadence,"0.0",rpm,enhanced_altitude,"11.800000000000011",m,enhanced_speed,"1.885",m/s,,,,,,,,,,,,,,,,,,,,,,,,,,,,,,,,,,,,,,,,,,,,,,,,,,,,,,,,,,,,,,,,,,,,,,,,,,,,,,,,,,,,,,,,,,,,,,,,,,,,,,,,,,,,,,,,,,,,,,,,,,,,,,,,,,,,,,,,,,,,,,,,,,,,,,,,,,,,,,,,,,,
Data,12,record,timestamp,"944855918",s,position_lat,"390365698",semicircles,position_long,"-1398466065",semicircles,distance,"3491.27",m,altitude,"11.800000000000011",m,speed,"1.857",m/s,unknown,"0",,unknown,"100",,heart_rate,"147",bpm,cadence,"0",rpm,fractional_cadence,"0.0",rpm,enhanced_altitude,"11.800000000000011",m,enhanced_speed,"1.857",m/s,,,,,,,,,,,,,,,,,,,,,,,,,,,,,,,,,,,,,,,,,,,,,,,,,,,,,,,,,,,,,,,,,,,,,,,,,,,,,,,,,,,,,,,,,,,,,,,,,,,,,,,,,,,,,,,,,,,,,,,,,,,,,,,,,,,,,,,,,,,,,,,,,,,,,,,,,,,,,,,,,,,
Data,12,record,timestamp,"944855920",s,position_lat,"390365428",semicircles,position_long,"-1398465780",semicircles,distance,"3494.61",m,altitude,"11.800000000000011",m,speed,"1.791",m/s,unknown,"0",,unknown,"300",,heart_rate,"148",bpm,cadence,"0",rpm,fractional_cadence,"0.0",rpm,enhanced_altitude,"11.800000000000011",m,enhanced_speed,"1.791",m/s,,,,,,,,,,,,,,,,,,,,,,,,,,,,,,,,,,,,,,,,,,,,,,,,,,,,,,,,,,,,,,,,,,,,,,,,,,,,,,,,,,,,,,,,,,,,,,,,,,,,,,,,,,,,,,,,,,,,,,,,,,,,,,,,,,,,,,,,,,,,,,,,,,,,,,,,,,,,,,,,,,,
Data,12,record,timestamp,"944855925",s,position_lat,"390364584",semicircles,position_long,"-1398465137",semicircles,distance,"3503.96",m,altitude,"11.399999999999977",m,speed,"1.894",m/s,unknown,"0",,unknown,"300",,heart_rate,"144",bpm,cadence,"0",rpm,fractional_cadence,"0.0",rpm,enhanced_altitude,"11.399999999999977",m,enhanced_speed,"1.894",m/s,,,,,,,,,,,,,,,,,,,,,,,,,,,,,,,,,,,,,,,,,,,,,,,,,,,,,,,,,,,,,,,,,,,,,,,,,,,,,,,,,,,,,,,,,,,,,,,,,,,,,,,,,,,,,,,,,,,,,,,,,,,,,,,,,,,,,,,,,,,,,,,,,,,,,,,,,,,,,,,,,,,
Data,12,record,timestamp,"944855929",s,position_lat,"390363882",semicircles,position_long,"-1398464649",semicircles,distance,"3511.53",m,altitude,"11.199999999999989",m,speed,"1.913",m/s,unknown,"0",,unknown,"300",,heart_rate,"139",bpm,cadence,"0",rpm,fractional_cadence,"0.0",rpm,enhanced_altitude,"11.199999999999989",m,enhanced_speed,"1.913",m/s,,,,,,,,,,,,,,,,,,,,,,,,,,,,,,,,,,,,,,,,,,,,,,,,,,,,,,,,,,,,,,,,,,,,,,,,,,,,,,,,,,,,,,,,,,,,,,,,,,,,,,,,,,,,,,,,,,,,,,,,,,,,,,,,,,,,,,,,,,,,,,,,,,,,,,,,,,,,,,,,,,,
Data,12,record,timestamp,"944855930",s,position_lat,"390363694",semicircles,position_long,"-1398464533",semicircles,distance,"3513.5",m,altitude,"11.199999999999989",m,speed,"1.941",m/s,unknown,"0",,unknown,"300",,heart_rate,"136",bpm,cadence,"0",rpm,fractional_cadence,"0.0",rpm,enhanced_altitude,"11.199999999999989",m,enhanced_speed,"1.941",m/s,,,,,,,,,,,,,,,,,,,,,,,,,,,,,,,,,,,,,,,,,,,,,,,,,,,,,,,,,,,,,,,,,,,,,,,,,,,,,,,,,,,,,,,,,,,,,,,,,,,,,,,,,,,,,,,,,,,,,,,,,,,,,,,,,,,,,,,,,,,,,,,,,,,,,,,,,,,,,,,,,,,
Data,12,record,timestamp,"944855931",s,position_lat,"390363499",semicircles,position_long,"-1398464413",semicircles,distance,"3515.55",m,altitude,"11.199999999999989",m,speed,"1.969",m/s,unknown,"0",,unknown,"300",,heart_rate,"136",bpm,cadence,"0",rpm,fractional_cadence,"0.0",rpm,enhanced_altitude,"11.199999999999989",m,enhanced_speed,"1.969",m/s,,,,,,,,,,,,,,,,,,,,,,,,,,,,,,,,,,,,,,,,,,,,,,,,,,,,,,,,,,,,,,,,,,,,,,,,,,,,,,,,,,,,,,,,,,,,,,,,,,,,,,,,,,,,,,,,,,,,,,,,,,,,,,,,,,,,,,,,,,,,,,,,,,,,,,,,,,,,,,,,,,,
Data,12,record,timestamp,"944855933",s,position_lat,"390363104",semicircles,position_long,"-1398464180",semicircles,distance,"3519.65",m,altitude,"11.199999999999989",m,speed,"2.015",m/s,unknown,"0",,unknown,"300",,heart_rate,"133",bpm,cadence,"0",rpm,fractional_cadence,"0.0",rpm,enhanced_altitude,"11.199999999999989",m,enhanced_speed,"2.015",m/s,,,,,,,,,,,,,,,,,,,,,,,,,,,,,,,,,,,,,,,,,,,,,,,,,,,,,,,,,,,,,,,,,,,,,,,,,,,,,,,,,,,,,,,,,,,,,,,,,,,,,,,,,,,,,,,,,,,,,,,,,,,,,,,,,,,,,,,,,,,,,,,,,,,,,,,,,,,,,,,,,,,
Data,12,record,timestamp,"944855934",s,position_lat,"390362859",semicircles,position_long,"-1398464019",semicircles,distance,"3522.25",m,altitude,"11.199999999999989",m,speed,"2.09",m/s,unknown,"0",,unknown,"100",,heart_rate,"132",bpm,cadence,"0",rpm,fractional_cadence,"0.0",rpm,enhanced_altitude,"11.199999999999989",m,enhanced_speed,"2.09",m/s,,,,,,,,,,,,,,,,,,,,,,,,,,,,,,,,,,,,,,,,,,,,,,,,,,,,,,,,,,,,,,,,,,,,,,,,,,,,,,,,,,,,,,,,,,,,,,,,,,,,,,,,,,,,,,,,,,,,,,,,,,,,,,,,,,,,,,,,,,,,,,,,,,,,,,,,,,,,,,,,,,,
Data,12,record,timestamp,"944855941",s,position_lat,"390361403",semicircles,position_long,"-1398463081",semicircles,distance,"3537.67",m,altitude,"11.199999999999989",m,speed,"2.183",m/s,unknown,"0",,unknown,"100",,heart_rate,"129",bpm,cadence,"0",rpm,fractional_cadence,"0.0",rpm,enhanced_altitude,"11.199999999999989",m,enhanced_speed,"2.183",m/s,,,,,,,,,,,,,,,,,,,,,,,,,,,,,,,,,,,,,,,,,,,,,,,,,,,,,,,,,,,,,,,,,,,,,,,,,,,,,,,,,,,,,,,,,,,,,,,,,,,,,,,,,,,,,,,,,,,,,,,,,,,,,,,,,,,,,,,,,,,,,,,,,,,,,,,,,,,,,,,,,,,
Data,12,record,timestamp,"944855947",s,position_lat,"390359945",semicircles,position_long,"-1398462261",semicircles,distance,"3552.67",m,altitude,"11.199999999999989",m,speed,"2.622",m/s,unknown,"0",,unknown,"100",,heart_rate,"126",bpm,cadence,"0",rpm,fractional_cadence,"0.0",rpm,enhanced_altitude,"11.199999999999989",m,enhanced_speed,"2.622",m/s,,,,,,,,,,,,,,,,,,,,,,,,,,,,,,,,,,,,,,,,,,,,,,,,,,,,,,,,,,,,,,,,,,,,,,,,,,,,,,,,,,,,,,,,,,,,,,,,,,,,,,,,,,,,,,,,,,,,,,,,,,,,,,,,,,,,,,,,,,,,,,,,,,,,,,,,,,,,,,,,,,,
Data,12,record,timestamp,"944855949",s,position_lat,"390359366",semicircles,position_long,"-1398461927",semicircles,distance,"3558.66",m,altitude,"11.199999999999989",m,speed,"2.837",m/s,unknown,"0",,unknown,"100",,heart_rate,"126",bpm,cadence,"0",rpm,fractional_cadence,"0.0",rpm,enhanced_altitude,"11.199999999999989",m,enhanced_speed,"2.837",m/s,,,,,,,,,,,,,,,,,,,,,,,,,,,,,,,,,,,,,,,,,,,,,,,,,,,,,,,,,,,,,,,,,,,,,,,,,,,,,,,,,,,,,,,,,,,,,,,,,,,,,,,,,,,,,,,,,,,,,,,,,,,,,,,,,,,,,,,,,,,,,,,,,,,,,,,,,,,,,,,,,,,
Data,12,record,timestamp,"944855951",s,position_lat,"390358770",semicircles,position_long,"-1398461454",semicircles,distance,"3565.31",m,altitude,"11.199999999999989",m,speed,"3.079",m/s,unknown,"0",,unknown,"300",,heart_rate,"123",bpm,cadence,"0",rpm,fractional_cadence,"0.0",rpm,enhanced_altitude,"11.199999999999989",m,enhanced_speed,"3.079",m/s,,,,,,,,,,,,,,,,,,,,,,,,,,,,,,,,,,,,,,,,,,,,,,,,,,,,,,,,,,,,,,,,,,,,,,,,,,,,,,,,,,,,,,,,,,,,,,,,,,,,,,,,,,,,,,,,,,,,,,,,,,,,,,,,,,,,,,,,,,,,,,,,,,,,,,,,,,,,,,,,,,,
Data,12,record,timestamp,"944855956",s,position_lat,"390357238",semicircles,position_long,"-1398460310",semicircles,distance,"3582.16",m,altitude,"11.399999999999977",m,speed,"3.312",m/s,unknown,"0",,unknown,"100",,heart_rate,"119",bpm,cadence,"0",rpm,fractional_cadence,"0.0",rpm,enhanced_altitude,"11.399999999999977",m,enhanced_speed,"3.312",m/s,,,,,,,,,,,,,,,,,,,,,,,,,,,,,,,,,,,,,,,,,,,,,,,,,,,,,,,,,,,,,,,,,,,,,,,,,,,,,,,,,,,,,,,,,,,,,,,,,,,,,,,,,,,,,,,,,,,,,,,,,,,,,,,,,,,,,,,,,,,,,,,,,,,,,,,,,,,,,,,,,,,
Data,12,record,timestamp,"944855960",s,position_lat,"390355833",semicircles,position_long,"-1398459497",semicircles,distance,"3596.67",m,altitude,"11.399999999999977",m,speed,"3.462",m/s,unknown,"0",,unknown,"100",,heart_rate,"119",bpm,cadence,"0",rpm,fractional_cadence,"0.0",rpm,enhanced_altitude,"11.399999999999977",m,enhanced_speed,"3.462",m/s,,,,,,,,,,,,,,,,,,,,,,,,,,,,,,,,,,,,,,,,,,,,,,,,,,,,,,,,,,,,,,,,,,,,,,,,,,,,,,,,,,,,,,,,,,,,,,,,,,,,,,,,,,,,,,,,,,,,,,,,,,,,,,,,,,,,,,,,,,,,,,,,,,,,,,,,,,,,,,,,,,,
Data,12,record,timestamp,"944855964",s,position_lat,"390354466",semicircles,position_long,"-1398458619",semicircles,distance,"3611.12",m,altitude,"11.399999999999977",m,speed,"3.555",m/s,unknown,"0",,unknown,"100",,heart_rate,"116",bpm,cadence,"0",rpm,fractional_cadence,"0.0",rpm,enhanced_altitude,"11.399999999999977",m,enhanced_speed,"3.555",m/s,,,,,,,,,,,,,,,,,,,,,,,,,,,,,,,,,,,,,,,,,,,,,,,,,,,,,,,,,,,,,,,,,,,,,,,,,,,,,,,,,,,,,,,,,,,,,,,,,,,,,,,,,,,,,,,,,,,,,,,,,,,,,,,,,,,,,,,,,,,,,,,,,,,,,,,,,,,,,,,,,,,
Data,12,record,timestamp,"944855966",s,position_lat,"390353746",semicircles,position_long,"-1398458194",semicircles,distance,"3618.6",m,altitude,"11.600000000000023",m,speed,"3.574",m/s,unknown,"0",,unknown,"100",,heart_rate,"113",bpm,cadence,"0",rpm,fractional_cadence,"0.0",rpm,enhanced_altitude,"11.600000000000023",m,enhanced_speed,"3.574",m/s,,,,,,,,,,,,,,,,,,,,,,,,,,,,,,,,,,,,,,,,,,,,,,,,,,,,,,,,,,,,,,,,,,,,,,,,,,,,,,,,,,,,,,,,,,,,,,,,,,,,,,,,,,,,,,,,,,,,,,,,,,,,,,,,,,,,,,,,,,,,,,,,,,,,,,,,,,,,,,,,,,,
Data,12,record,timestamp,"944855974",s,position_lat,"390351030",semicircles,position_long,"-1398456444",semicircles,distance,"3647.34",m,altitude,"11.600000000000023",m,speed,"3.387",m/s,unknown,"0",,unknown,"100",,heart_rate,"113",bpm,cadence,"0",rpm,fractional_cadence,"0.0",rpm,enhanced_altitude,"11.600000000000023",m,enhanced_speed,"3.387",m/s,,,,,,,,,,,,,,,,,,,,,,,,,,,,,,,,,,,,,,,,,,,,,,,,,,,,,,,,,,,,,,,,,,,,,,,,,,,,,,,,,,,,,,,,,,,,,,,,,,,,,,,,,,,,,,,,,,,,,,,,,,,,,,,,,,,,,,,,,,,,,,,,,,,,,,,,,,,,,,,,,,,
Data,12,record,timestamp,"944855976",s,position_lat,"390350297",semicircles,position_long,"-1398456135",semicircles,distance,"3654.55",m,altitude,"11.600000000000023",m,speed,"3.452",m/s,unknown,"0",,unknown,"100",,heart_rate,"110",bpm,cadence,"0",rpm,fractional_cadence,"0.0",rpm,enhanced_altitude,"11.600000000000023",m,enhanced_speed,"3.452",m/s,,,,,,,,,,,,,,,,,,,,,,,,,,,,,,,,,,,,,,,,,,,,,,,,,,,,,,,,,,,,,,,,,,,,,,,,,,,,,,,,,,,,,,,,,,,,,,,,,,,,,,,,,,,,,,,,,,,,,,,,,,,,,,,,,,,,,,,,,,,,,,,,,,,,,,,,,,,,,,,,,,,
Data,12,record,timestamp,"944855981",s,position_lat,"390348540",semicircles,position_long,"-1398455373",semicircles,distance,"3671.93",m,altitude,"11.800000000000011",m,speed,"3.294",m/s,unknown,"0",,unknown,"100",,heart_rate,"107",bpm,cadence,"0",rpm,fractional_cadence,"0.0",rpm,enhanced_altitude,"11.800000000000011",m,enhanced_speed,"3.294",m/s,,,,,,,,,,,,,,,,,,,,,,,,,,,,,,,,,,,,,,,,,,,,,,,,,,,,,,,,,,,,,,,,,,,,,,,,,,,,,,,,,,,,,,,,,,,,,,,,,,,,,,,,,,,,,,,,,,,,,,,,,,,,,,,,,,,,,,,,,,,,,,,,,,,,,,,,,,,,,,,,,,,
Data,12,record,timestamp,"944855985",s,position_lat,"390347286",semicircles,position_long,"-1398454887",semicircles,distance,"3684.19",m,altitude,"11.800000000000011",m,speed,"3.07",m/s,unknown,"0",,unknown,"100",,heart_rate,"105",bpm,cadence,"0",rpm,fractional_cadence,"0.0",rpm,enhanced_altitude,"11.800000000000011",m,enhanced_speed,"3.07",m/s,,,,,,,,,,,,,,,,,,,,,,,,,,,,,,,,,,,,,,,,,,,,,,,,,,,,,,,,,,,,,,,,,,,,,,,,,,,,,,,,,,,,,,,,,,,,,,,,,,,,,,,,,,,,,,,,,,,,,,,,,,,,,,,,,,,,,,,,,,,,,,,,,,,,,,,,,,,,,,,,,,,
Data,12,record,timestamp,"944855997",s,position_lat,"390343968",semicircles,position_long,"-1398453535",semicircles,distance,"3716.89",m,altitude,"11.600000000000023",m,speed,"2.547",m/s,unknown,"0",,unknown,"100",,heart_rate,"104",bpm,cadence,"0",rpm,fractional_cadence,"0.0",rpm,enhanced_altitude,"11.600000000000023",m,enhanced_speed,"2.547",m/s,,,,,,,,,,,,,,,,,,,,,,,,,,,,,,,,,,,,,,,,,,,,,,,,,,,,,,,,,,,,,,,,,,,,,,,,,,,,,,,,,,,,,,,,,,,,,,,,,,,,,,,,,,,,,,,,,,,,,,,,,,,,,,,,,,,,,,,,,,,,,,,,,,,,,,,,,,,,,,,,,,,
Data,12,record,timestamp,"944856011",s,position_lat,"390340191",semicircles,position_long,"-1398451904",semicircles,distance,"3754.27",m,altitude,"11.399999999999977",m,speed,"2.79",m/s,unknown,"0",,unknown,"100",,heart_rate,"100",bpm,cadence,"0",rpm,fractional_cadence,"0.0",rpm,enhanced_altitude,"11.399999999999977",m,enhanced_speed,"2.79",m/s,,,,,,,,,,,,,,,,,,,,,,,,,,,,,,,,,,,,,,,,,,,,,,,,,,,,,,,,,,,,,,,,,,,,,,,,,,,,,,,,,,,,,,,,,,,,,,,,,,,,,,,,,,,,,,,,,,,,,,,,,,,,,,,,,,,,,,,,,,,,,,,,,,,,,,,,,,,,,,,,,,,
Data,12,record,timestamp,"944856012",s,position_lat,"390339889",semicircles,position_long,"-1398451810",semicircles,distance,"3757.17",m,altitude,"11.399999999999977",m,speed,"2.818",m/s,unknown,"0",,unknown,"100",,heart_rate,"103",bpm,cadence,"0",rpm,fractional_cadence,"0.0",rpm,enhanced_altitude,"11.399999999999977",m,enhanced_speed,"2.818",m/s,,,,,,,,,,,,,,,,,,,,,,,,,,,,,,,,,,,,,,,,,,,,,,,,,,,,,,,,,,,,,,,,,,,,,,,,,,,,,,,,,,,,,,,,,,,,,,,,,,,,,,,,,,,,,,,,,,,,,,,,,,,,,,,,,,,,,,,,,,,,,,,,,,,,,,,,,,,,,,,,,,,
Data,12,record,timestamp,"944856017",s,position_lat,"390338308",semicircles,position_long,"-1398451300",semicircles,distance,"3772.42",m,altitude,"11.399999999999977",m,speed,"2.958",m/s,unknown,"0",,unknown,"100",,heart_rate,"100",bpm,cadence,"0",rpm,fractional_cadence,"0.0",rpm,enhanced_altitude,"11.399999999999977",m,enhanced_speed,"2.958",m/s,,,,,,,,,,,,,,,,,,,,,,,,,,,,,,,,,,,,,,,,,,,,,,,,,,,,,,,,,,,,,,,,,,,,,,,,,,,,,,,,,,,,,,,,,,,,,,,,,,,,,,,,,,,,,,,,,,,,,,,,,,,,,,,,,,,,,,,,,,,,,,,,,,,,,,,,,,,,,,,,,,,
Data,12,record,timestamp,"944856019",s,position_lat,"390337695",semicircles,position_long,"-1398451186",semicircles,distance,"3778.17",m,altitude,"11.399999999999977",m,speed,"2.939",m/s,unknown,"0",,unknown,"100",,heart_rate,"103",bpm,cadence,"0",rpm,fractional_cadence,"0.0",rpm,enhanced_altitude,"11.399999999999977",m,enhanced_speed,"2.939",m/s,,,,,,,,,,,,,,,,,,,,,,,,,,,,,,,,,,,,,,,,,,,,,,,,,,,,,,,,,,,,,,,,,,,,,,,,,,,,,,,,,,,,,,,,,,,,,,,,,,,,,,,,,,,,,,,,,,,,,,,,,,,,,,,,,,,,,,,,,,,,,,,,,,,,,,,,,,,,,,,,,,,
Data,12,record,timestamp,"944856020",s,position_lat,"390337345",semicircles,position_long,"-1398451112",semicircles,distance,"3781.48",m,altitude,"11.399999999999977",m,speed,"3.135",m/s,unknown,"0",,unknown,"100",,heart_rate,"99",bpm,cadence,"0",rpm,fractional_cadence,"0.0",rpm,enhanced_altitude,"11.399999999999977",m,enhanced_speed,"3.135",m/s,,,,,,,,,,,,,,,,,,,,,,,,,,,,,,,,,,,,,,,,,,,,,,,,,,,,,,,,,,,,,,,,,,,,,,,,,,,,,,,,,,,,,,,,,,,,,,,,,,,,,,,,,,,,,,,,,,,,,,,,,,,,,,,,,,,,,,,,,,,,,,,,,,,,,,,,,,,,,,,,,,,
Data,12,record,timestamp,"944856024",s,position_lat,"390335923",semicircles,position_long,"-1398450774",semicircles,distance,"3794.98",m,altitude,"11.399999999999977",m,speed,"3.368",m/s,unknown,"0",,unknown,"100",,heart_rate,"97",bpm,cadence,"0",rpm,fractional_cadence,"0.0",rpm,enhanced_altitude,"11.399999999999977",m,enhanced_speed,"3.368",m/s,,,,,,,,,,,,,,,,,,,,,,,,,,,,,,,,,,,,,,,,,,,,,,,,,,,,,,,,,,,,,,,,,,,,,,,,,,,,,,,,,,,,,,,,,,,,,,,,,,,,,,,,,,,,,,,,,,,,,,,,,,,,,,,,,,,,,,,,,,,,,,,,,,,,,,,,,,,,,,,,,,,
Data,12,record,timestamp,"944856034",s,position_lat,"390332467",semicircles,position_long,"-1398449754",semicircles,distance,"3828.14",m,altitude,"11.0",m,speed,"3.331",m/s,unknown,"0",,unknown,"100",,heart_rate,"96",bpm,cadence,"0",rpm,fractional_cadence,"0.0",rpm,enhanced_altitude,"11.0",m,enhanced_speed,"3.331",m/s,,,,,,,,,,,,,,,,,,,,,,,,,,,,,,,,,,,,,,,,,,,,,,,,,,,,,,,,,,,,,,,,,,,,,,,,,,,,,,,,,,,,,,,,,,,,,,,,,,,,,,,,,,,,,,,,,,,,,,,,,,,,,,,,,,,,,,,,,,,,,,,,,,,,,,,,,,,,,,,,,,,
Data,12,record,timestamp,"944856040",s,position_lat,"390330466",semicircles,position_long,"-1398448935",semicircles,distance,"3847.82",m,altitude,"11.0",m,speed,"3.247",m/s,unknown,"0",,unknown,"100",,heart_rate,"99",bpm,cadence,"0",rpm,fractional_cadence,"0.0",rpm,enhanced_altitude,"11.0",m,enhanced_speed,"3.247",m/s,,,,,,,,,,,,,,,,,,,,,,,,,,,,,,,,,,,,,,,,,,,,,,,,,,,,,,,,,,,,,,,,,,,,,,,,,,,,,,,,,,,,,,,,,,,,,,,,,,,,,,,,,,,,,,,,,,,,,,,,,,,,,,,,,,,,,,,,,,,,,,,,,,,,,,,,,,,,,,,,,,,
Data,12,record,timestamp,"944856045",s,position_lat,"390328668",semicircles,position_long,"-1398448237",semicircles,distance,"3865.42",m,altitude,"11.0",m,speed,"3.359",m/s,unknown,"0",,unknown,"100",,heart_rate,"96",bpm,cadence,"0",rpm,fractional_cadence,"0.0",rpm,enhanced_altitude,"11.0",m,enhanced_speed,"3.359",m/s,,,,,,,,,,,,,,,,,,,,,,,,,,,,,,,,,,,,,,,,,,,,,,,,,,,,,,,,,,,,,,,,,,,,,,,,,,,,,,,,,,,,,,,,,,,,,,,,,,,,,,,,,,,,,,,,,,,,,,,,,,,,,,,,,,,,,,,,,,,,,,,,,,,,,,,,,,,,,,,,,,,
Data,12,record,timestamp,"944856046",s,position_lat,"390328325",semicircles,position_long,"-1398448137",semicircles,distance,"3868.7",m,altitude,"11.0",m,speed,"3.34",m/s,unknown,"0",,unknown,"100",,heart_rate,"96",bpm,cadence,"0",rpm,fractional_cadence,"0.0",rpm,enhanced_altitude,"11.0",m,enhanced_speed,"3.34",m/s,,,,,,,,,,,,,,,,,,,,,,,,,,,,,,,,,,,,,,,,,,,,,,,,,,,,,,,,,,,,,,,,,,,,,,,,,,,,,,,,,,,,,,,,,,,,,,,,,,,,,,,,,,,,,,,,,,,,,,,,,,,,,,,,,,,,,,,,,,,,,,,,,,,,,,,,,,,,,,,,,,,
Data,12,record,timestamp,"944856058",s,position_lat,"390323888",semicircles,position_long,"-1398447157",semicircles,distance,"3910.74",m,altitude,"11.0",m,speed,"3.424",m/s,unknown,"0",,unknown,"100",,heart_rate,"97",bpm,cadence,"52",rpm,fractional_cadence,"0.5",rpm,enhanced_altitude,"11.0",m,enhanced_speed,"3.424",m/s,,,,,,,,,,,,,,,,,,,,,,,,,,,,,,,,,,,,,,,,,,,,,,,,,,,,,,,,,,,,,,,,,,,,,,,,,,,,,,,,,,,,,,,,,,,,,,,,,,,,,,,,,,,,,,,,,,,,,,,,,,,,,,,,,,,,,,,,,,,,,,,,,,,,,,,,,,,,,,,,,,,
Data,12,record,timestamp,"944856066",s,position_lat,"390321101",semicircles,position_long,"-1398446408",semicircles,distance,"3937.32",m,altitude,"10.800000000000011",m,speed,"3.2",m/s,unknown,"0",,unknown,"100",,heart_rate,"100",bpm,cadence,"0",rpm,fractional_cadence,"0.0",rpm,enhanced_altitude,"10.800000000000011",m,enhanced_speed,"3.2",m/s,,,,,,,,,,,,,,,,,,,,,,,,,,,,,,,,,,,,,,,,,,,,,,,,,,,,,,,,,,,,,,,,,,,,,,,,,,,,,,,,,,,,,,,,,,,,,,,,,,,,,,,,,,,,,,,,,,,,,,,,,,,,,,,,,,,,,,,,,,,,,,,,,,,,,,,,,,,,,,,,,,,
Data,12,record,timestamp,"944856068",s,position_lat,"390320392",semicircles,position_long,"-1398446232",semicircles,distance,"3944.06",m,altitude,"11.0",m,speed,"3.275",m/s,unknown,"0",,unknown,"100",,heart_rate,"97",bpm,cadence,"0",rpm,fractional_cadence,"0.0",rpm,enhanced_altitude,"11.0",m,enhanced_speed,"3.275",m/s,,,,,,,,,,,,,,,,,,,,,,,,,,,,,,,,,,,,,,,,,,,,,,,,,,,,,,,,,,,,,,,,,,,,,,,,,,,,,,,,,,,,,,,,,,,,,,,,,,,,,,,,,,,,,,,,,,,,,,,,,,,,,,,,,,,,,,,,,,,,,,,,,,,,,,,,,,,,,,,,,,,
Data,12,record,timestamp,"944856070",s,position_lat,"390319652",semicircles,position_long,"-1398446031",semicircles,distance,"3951.11",m,altitude,"11.0",m,speed,"3.359",m/s,unknown,"0",,unknown,"100",,heart_rate,"96",bpm,cadence,"0",rpm,fractional_cadence,"0.0",rpm,enhanced_altitude,"11.0",m,enhanced_speed,"3.359",m/s,,,,,,,,,,,,,,,,,,,,,,,,,,,,,,,,,,,,,,,,,,,,,,,,,,,,,,,,,,,,,,,,,,,,,,,,,,,,,,,,,,,,,,,,,,,,,,,,,,,,,,,,,,,,,,,,,,,,,,,,,,,,,,,,,,,,,,,,,,,,,,,,,,,,,,,,,,,,,,,,,,,
Data,12,record,timestamp,"944856080",s,position_lat,"390316516",semicircles,position_long,"-1398444211",semicircles,distance,"3983.82",m,altitude,"11.199999999999989",m,speed,"3.07",m/s,unknown,"0",,unknown,"100",,heart_rate,"97",bpm,cadence,"0",rpm,fractional_cadence,"0.0",rpm,enhanced_altitude,"11.199999999999989",m,enhanced_speed,"3.07",m/s,,,,,,,,,,,,,,,,,,,,,,,,,,,,,,,,,,,,,,,,,,,,,,,,,,,,,,,,,,,,,,,,,,,,,,,,,,,,,,,,,,,,,,,,,,,,,,,,,,,,,,,,,,,,,,,,,,,,,,,,,,,,,,,,,,,,,,,,,,,,,,,,,,,,,,,,,,,,,,,,,,,
Data,12,record,timestamp,"944856085",s,position_lat,"390315655",semicircles,position_long,"-1398443018",semicircles,distance,"3996.09",m,altitude,"11.199999999999989",m,speed,"2.622",m/s,unknown,"0",,unknown,"100",,heart_rate,"100",bpm,cadence,"0",rpm,fractional_cadence,"0.0",rpm,enhanced_altitude,"11.199999999999989",m,enhanced_speed,"2.622",m/s,,,,,,,,,,,,,,,,,,,,,,,,,,,,,,,,,,,,,,,,,,,,,,,,,,,,,,,,,,,,,,,,,,,,,,,,,,,,,,,,,,,,,,,,,,,,,,,,,,,,,,,,,,,,,,,,,,,,,,,,,,,,,,,,,,,,,,,,,,,,,,,,,,,,,,,,,,,,,,,,,,,
Data,12,record,timestamp,"944856088",s,position_lat,"390315210",semicircles,position_long,"-1398442263",semicircles,distance,"4003.33",m,altitude,"11.0",m,speed,"2.398",m/s,unknown,"0",,unknown,"100",,heart_rate,"103",bpm,cadence,"0",rpm,fractional_cadence,"0.0",rpm,enhanced_altitude,"11.0",m,enhanced_speed,"2.398",m/s,,,,,,,,,,,,,,,,,,,,,,,,,,,,,,,,,,,,,,,,,,,,,,,,,,,,,,,,,,,,,,,,,,,,,,,,,,,,,,,,,,,,,,,,,,,,,,,,,,,,,,,,,,,,,,,,,,,,,,,,,,,,,,,,,,,,,,,,,,,,,,,,,,,,,,,,,,,,,,,,,,,
Data,12,record,timestamp,"944856089",s,position_lat,"390315081",semicircles,position_long,"-1398442009",semicircles,distance,"4005.65",m,altitude,"11.0",m,speed,"2.333",m/s,unknown,"0",,unknown,"100",,heart_rate,"100",bpm,cadence,"0",rpm,fractional_cadence,"0.0",rpm,enhanced_altitude,"11.0",m,enhanced_speed,"2.333",m/s,,,,,,,,,,,,,,,,,,,,,,,,,,,,,,,,,,,,,,,,,,,,,,,,,,,,,,,,,,,,,,,,,,,,,,,,,,,,,,,,,,,,,,,,,,,,,,,,,,,,,,,,,,,,,,,,,,,,,,,,,,,,,,,,,,,,,,,,,,,,,,,,,,,,,,,,,,,,,,,,,,,
Data,12,record,timestamp,"944856091",s,position_lat,"390314827",semicircles,position_long,"-1398441504",semicircles,distance,"4010.27",m,altitude,"11.0",m,speed,"2.267",m/s,unknown,"0",,unknown,"100",,heart_rate,"103",bpm,cadence,"0",rpm,fractional_cadence,"0.0",rpm,enhanced_altitude,"11.0",m,enhanced_speed,"2.267",m/s,,,,,,,,,,,,,,,,,,,,,,,,,,,,,,,,,,,,,,,,,,,,,,,,,,,,,,,,,,,,,,,,,,,,,,,,,,,,,,,,,,,,,,,,,,,,,,,,,,,,,,,,,,,,,,,,,,,,,,,,,,,,,,,,,,,,,,,,,,,,,,,,,,,,,,,,,,,,,,,,,,,
Data,12,record,timestamp,"944856093",s,position_lat,"390314576",semicircles,position_long,"-1398440961",semicircles,distance,"4015.13",m,altitude,"11.0",m,speed,"2.323",m/s,unknown,"0",,unknown,"100",,heart_rate,"100",bpm,cadence,"61",rpm,fractional_cadence,"0.5",rpm,enhanced_altitude,"11.0",m,enhanced_speed,"2.323",m/s,,,,,,,,,,,,,,,,,,,,,,,,,,,,,,,,,,,,,,,,,,,,,,,,,,,,,,,,,,,,,,,,,,,,,,,,,,,,,,,,,,,,,,,,,,,,,,,,,,,,,,,,,,,,,,,,,,,,,,,,,,,,,,,,,,,,,,,,,,,,,,,,,,,,,,,,,,,,,,,,,,,
Data,12,record,timestamp,"944856097",s,position_lat,"390314107",semicircles,position_long,"-1398439962",semicircles,distance,"4024.11",m,altitude,"10.800000000000011",m,speed,"2.174",m/s,unknown,"0",,unknown,"100",,heart_rate,"103",bpm,cadence,"0",rpm,fractional_cadence,"0.0",rpm,enhanced_altitude,"10.800000000000011",m,enhanced_speed,"2.174",m/s,,,,,,,,,,,,,,,,,,,,,,,,,,,,,,,,,,,,,,,,,,,,,,,,,,,,,,,,,,,,,,,,,,,,,,,,,,,,,,,,,,,,,,,,,,,,,,,,,,,,,,,,,,,,,,,,,,,,,,,,,,,,,,,,,,,,,,,,,,,,,,,,,,,,,,,,,,,,,,,,,,,
Data,12,record,timestamp,"944856098",s,position_lat,"390314002",semicircles,position_long,"-1398439721",semicircles,distance,"4026.24",m,altitude,"10.800000000000011",m,speed,"2.165",m/s,unknown,"0",,unknown,"100",,heart_rate,"99",bpm,cadence,"0",rpm,fractional_cadence,"0.0",rpm,enhanced_altitude,"10.800000000000011",m,enhanced_speed,"2.165",m/s,,,,,,,,,,,,,,,,,,,,,,,,,,,,,,,,,,,,,,,,,,,,,,,,,,,,,,,,,,,,,,,,,,,,,,,,,,,,,,,,,,,,,,,,,,,,,,,,,,,,,,,,,,,,,,,,,,,,,,,,,,,,,,,,,,,,,,,,,,,,,,,,,,,,,,,,,,,,,,,,,,,
Data,12,record,timestamp,"944856101",s,position_lat,"390313674",semicircles,position_long,"-1398438992",semicircles,distance,"4032.72",m,altitude,"11.0",m,speed,"2.183",m/s,unknown,"0",,unknown,"100",,heart_rate,"100",bpm,cadence,"0",rpm,fractional_cadence,"0.0",rpm,enhanced_altitude,"11.0",m,enhanced_speed,"2.183",m/s,,,,,,,,,,,,,,,,,,,,,,,,,,,,,,,,,,,,,,,,,,,,,,,,,,,,,,,,,,,,,,,,,,,,,,,,,,,,,,,,,,,,,,,,,,,,,,,,,,,,,,,,,,,,,,,,,,,,,,,,,,,,,,,,,,,,,,,,,,,,,,,,,,,,,,,,,,,,,,,,,,,
Data,12,record,timestamp,"944856108",s,position_lat,"390313138",semicircles,position_long,"-1398437102",semicircles,distance,"4048.46",m,altitude,"11.0",m,speed,"2.258",m/s,unknown,"0",,unknown,"100",,heart_rate,"97",bpm,cadence,"0",rpm,fractional_cadence,"0.0",rpm,enhanced_altitude,"11.0",m,enhanced_speed,"2.258",m/s,,,,,,,,,,,,,,,,,,,,,,,,,,,,,,,,,,,,,,,,,,,,,,,,,,,,,,,,,,,,,,,,,,,,,,,,,,,,,,,,,,,,,,,,,,,,,,,,,,,,,,,,,,,,,,,,,,,,,,,,,,,,,,,,,,,,,,,,,,,,,,,,,,,,,,,,,,,,,,,,,,,
Data,12,record,timestamp,"944856112",s,position_lat,"390313033",semicircles,position_long,"-1398435672",semicircles,distance,"4059.72",m,altitude,"11.0",m,speed,"2.65",m/s,unknown,"0",,unknown,"100",,heart_rate,"99",bpm,cadence,"0",rpm,fractional_cadence,"0.0",rpm,enhanced_altitude,"11.0",m,enhanced_speed,"2.65",m/s,,,,,,,,,,,,,,,,,,,,,,,,,,,,,,,,,,,,,,,,,,,,,,,,,,,,,,,,,,,,,,,,,,,,,,,,,,,,,,,,,,,,,,,,,,,,,,,,,,,,,,,,,,,,,,,,,,,,,,,,,,,,,,,,,,,,,,,,,,,,,,,,,,,,,,,,,,,,,,,,,,,
Data,12,record,timestamp,"944856121",s,position_lat,"390313219",semicircles,position_long,"-1398432188",semicircles,distance,"4087.16",m,altitude,"11.0",m,speed,"3.21",m/s,unknown,"0",,unknown,"100",,heart_rate,"99",bpm,cadence,"0",rpm,fractional_cadence,"0.0",rpm,enhanced_altitude,"11.0",m,enhanced_speed,"3.21",m/s,,,,,,,,,,,,,,,,,,,,,,,,,,,,,,,,,,,,,,,,,,,,,,,,,,,,,,,,,,,,,,,,,,,,,,,,,,,,,,,,,,,,,,,,,,,,,,,,,,,,,,,,,,,,,,,,,,,,,,,,,,,,,,,,,,,,,,,,,,,,,,,,,,,,,,,,,,,,,,,,,,,
Data,12,record,timestamp,"944856134",s,position_lat,"390314014",semicircles,position_long,"-1398426481",semicircles,distance,"4132.61",m,altitude,"11.199999999999989",m,speed,"3.368",m/s,unknown,"0",,unknown,"100",,heart_rate,"97",bpm,cadence,"0",rpm,fractional_cadence,"0.0",rpm,enhanced_altitude,"11.199999999999989",m,enhanced_speed,"3.368",m/s,,,,,,,,,,,,,,,,,,,,,,,,,,,,,,,,,,,,,,,,,,,,,,,,,,,,,,,,,,,,,,,,,,,,,,,,,,,,,,,,,,,,,,,,,,,,,,,,,,,,,,,,,,,,,,,,,,,,,,,,,,,,,,,,,,,,,,,,,,,,,,,,,,,,,,,,,,,,,,,,,,,
Data,12,record,timestamp,"944856135",s,position_lat,"390314107",semicircles,position_long,"-1398426063",semicircles,distance,"4136.0",m,altitude,"11.199999999999989",m,speed,"3.378",m/s,unknown,"0",,unknown,"100",,heart_rate,"100",bpm,cadence,"0",rpm,fractional_cadence,"0.0",rpm,enhanced_altitude,"11.199999999999989",m,enhanced_speed,"3.378",m/s,,,,,,,,,,,,,,,,,,,,,,,,,,,,,,,,,,,,,,,,,,,,,,,,,,,,,,,,,,,,,,,,,,,,,,,,,,,,,,,,,,,,,,,,,,,,,,,,,,,,,,,,,,,,,,,,,,,,,,,,,,,,,,,,,,,,,,,,,,,,,,,,,,,,,,,,,,,,,,,,,,,
Data,12,record,timestamp,"944856140",s,position_lat,"390314562",semicircles,position_long,"-1398423748",semicircles,distance,"4154.67",m,altitude,"11.199999999999989",m,speed,"3.611",m/s,unknown,"0",,unknown,"100",,heart_rate,"97",bpm,cadence,"0",rpm,fractional_cadence,"0.0",rpm,enhanced_altitude,"11.199999999999989",m,enhanced_speed,"3.611",m/s,,,,,,,,,,,,,,,,,,,,,,,,,,,,,,,,,,,,,,,,,,,,,,,,,,,,,,,,,,,,,,,,,,,,,,,,,,,,,,,,,,,,,,,,,,,,,,,,,,,,,,,,,,,,,,,,,,,,,,,,,,,,,,,,,,,,,,,,,,,,,,,,,,,,,,,,,,,,,,,,,,,
Data,12,record,timestamp,"944856145",s,position_lat,"390315045",semicircles,position_long,"-1398421361",semicircles,distance,"4173.96",m,altitude,"11.399999999999977",m,speed,"3.686",m/s,unknown,"0",,unknown,"100",,heart_rate,"94",bpm,cadence,"0",rpm,fractional_cadence,"0.0",rpm,enhanced_altitude,"11.399999999999977",m,enhanced_speed,"3.686",m/s,,,,,,,,,,,,,,,,,,,,,,,,,,,,,,,,,,,,,,,,,,,,,,,,,,,,,,,,,,,,,,,,,,,,,,,,,,,,,,,,,,,,,,,,,,,,,,,,,,,,,,,,,,,,,,,,,,,,,,,,,,,,,,,,,,,,,,,,,,,,,,,,,,,,,,,,,,,,,,,,,,,
Data,12,record,timestamp,"944856146",s,position_lat,"390315163",semicircles,position_long,"-1398420928",semicircles,distance,"4177.53",m,altitude,"11.399999999999977",m,speed,"3.639",m/s,unknown,"0",,unknown,"100",,heart_rate,"98",bpm,cadence,"0",rpm,fractional_cadence,"0.0",rpm,enhanced_altitude,"11.399999999999977",m,enhanced_speed,"3.639",m/s,,,,,,,,,,,,,,,,,,,,,,,,,,,,,,,,,,,,,,,,,,,,,,,,,,,,,,,,,,,,,,,,,,,,,,,,,,,,,,,,,,,,,,,,,,,,,,,,,,,,,,,,,,,,,,,,,,,,,,,,,,,,,,,,,,,,,,,,,,,,,,,,,,,,,,,,,,,,,,,,,,,
Data,12,record,timestamp,"944856147",s,position_lat,"390315288",semicircles,position_long,"-1398420481",semicircles,distance,"4181.23",m,altitude,"11.399999999999977",m,speed,"3.639",m/s,unknown,"0",,unknown,"100",,heart_rate,"97",bpm,cadence,"0",rpm,fractional_cadence,"0.0",rpm,enhanced_altitude,"11.399999999999977",m,enhanced_speed,"3.639",m/s,,,,,,,,,,,,,,,,,,,,,,,,,,,,,,,,,,,,,,,,,,,,,,,,,,,,,,,,,,,,,,,,,,,,,,,,,,,,,,,,,,,,,,,,,,,,,,,,,,,,,,,,,,,,,,,,,,,,,,,,,,,,,,,,,,,,,,,,,,,,,,,,,,,,,,,,,,,,,,,,,,,
Data,12,record,timestamp,"944856149",s,position_lat,"390315487",semicircles,position_long,"-1398419567",semicircles,distance,"4188.64",m,altitude,"11.399999999999977",m,speed,"3.639",m/s,unknown,"0",,unknown,"100",,heart_rate,"94",bpm,cadence,"0",rpm,fractional_cadence,"0.0",rpm,enhanced_altitude,"11.399999999999977",m,enhanced_speed,"3.639",m/s,,,,,,,,,,,,,,,,,,,,,,,,,,,,,,,,,,,,,,,,,,,,,,,,,,,,,,,,,,,,,,,,,,,,,,,,,,,,,,,,,,,,,,,,,,,,,,,,,,,,,,,,,,,,,,,,,,,,,,,,,,,,,,,,,,,,,,,,,,,,,,,,,,,,,,,,,,,,,,,,,,,
Data,12,record,timestamp,"944856151",s,position_lat,"390315638",semicircles,position_long,"-1398418583",semicircles,distance,"4196.5",m,altitude,"11.399999999999977",m,speed,"3.751",m/s,unknown,"0",,unknown,"300",,heart_rate,"91",bpm,cadence,"0",rpm,fractional_cadence,"0.0",rpm,enhanced_altitude,"11.399999999999977",m,enhanced_speed,"3.751",m/s,,,,,,,,,,,,,,,,,,,,,,,,,,,,,,,,,,,,,,,,,,,,,,,,,,,,,,,,,,,,,,,,,,,,,,,,,,,,,,,,,,,,,,,,,,,,,,,,,,,,,,,,,,,,,,,,,,,,,,,,,,,,,,,,,,,,,,,,,,,,,,,,,,,,,,,,,,,,,,,,,,,
Data,12,record,timestamp,"944856158",s,position_lat,"390315794",semicircles,position_long,"-1398415223",semicircles,distance,"4222.97",m,altitude,"11.399999999999977",m,speed,"3.807",m/s,unknown,"0",,unknown,"100",,heart_rate,"88",bpm,cadence,"0",rpm,fractional_cadence,"0.0",rpm,enhanced_altitude,"11.399999999999977",m,enhanced_speed,"3.807",m/s,,,,,,,,,,,,,,,,,,,,,,,,,,,,,,,,,,,,,,,,,,,,,,,,,,,,,,,,,,,,,,,,,,,,,,,,,,,,,,,,,,,,,,,,,,,,,,,,,,,,,,,,,,,,,,,,,,,,,,,,,,,,,,,,,,,,,,,,,,,,,,,,,,,,,,,,,,,,,,,,,,,
Data,12,record,timestamp,"944856171",s,position_lat,"390316246",semicircles,position_long,"-1398408712",semicircles,distance,"4274.3",m,altitude,"11.399999999999977",m,speed,"3.723",m/s,unknown,"0",,unknown,"100",,heart_rate,"88",bpm,cadence,"0",rpm,fractional_cadence,"0.0",rpm,enhanced_altitude,"11.399999999999977",m,enhanced_speed,"3.723",m/s,,,,,,,,,,,,,,,,,,,,,,,,,,,,,,,,,,,,,,,,,,,,,,,,,,,,,,,,,,,,,,,,,,,,,,,,,,,,,,,,,,,,,,,,,,,,,,,,,,,,,,,,,,,,,,,,,,,,,,,,,,,,,,,,,,,,,,,,,,,,,,,,,,,,,,,,,,,,,,,,,,,
Data,12,record,timestamp,"944856172",s,position_lat,"390316307",semicircles,position_long,"-1398408220",semicircles,distance,"4278.21",m,altitude,"11.399999999999977",m,speed,"3.732",m/s,unknown,"0",,unknown,"100",,heart_rate,"89",bpm,cadence,"0",rpm,fractional_cadence,"0.0",rpm,enhanced_altitude,"11.399999999999977",m,enhanced_speed,"3.732",m/s,,,,,,,,,,,,,,,,,,,,,,,,,,,,,,,,,,,,,,,,,,,,,,,,,,,,,,,,,,,,,,,,,,,,,,,,,,,,,,,,,,,,,,,,,,,,,,,,,,,,,,,,,,,,,,,,,,,,,,,,,,,,,,,,,,,,,,,,,,,,,,,,,,,,,,,,,,,,,,,,,,,
Data,12,record,timestamp,"944856175",s,position_lat,"390316487",semicircles,position_long,"-1398406679",semicircles,distance,"4290.43",m,altitude,"11.399999999999977",m,speed,"3.882",m/s,unknown,"0",,unknown,"100",,heart_rate,"86",bpm,cadence,"0",rpm,fractional_cadence,"0.0",rpm,enhanced_altitude,"11.399999999999977",m,enhanced_speed,"3.882",m/s,,,,,,,,,,,,,,,,,,,,,,,,,,,,,,,,,,,,,,,,,,,,,,,,,,,,,,,,,,,,,,,,,,,,,,,,,,,,,,,,,,,,,,,,,,,,,,,,,,,,,,,,,,,,,,,,,,,,,,,,,,,,,,,,,,,,,,,,,,,,,,,,,,,,,,,,,,,,,,,,,,,
Data,12,record,timestamp,"944856188",s,position_lat,"390317455",semicircles,position_long,"-1398400100",semicircles,distance,"4342.91",m,altitude,"11.800000000000011",m,speed,"3.826",m/s,unknown,"0",,unknown,"100",,heart_rate,"83",bpm,cadence,"0",rpm,fractional_cadence,"0.0",rpm,enhanced_altitude,"11.800000000000011",m,enhanced_speed,"3.826",m/s,,,,,,,,,,,,,,,,,,,,,,,,,,,,,,,,,,,,,,,,,,,,,,,,,,,,,,,,,,,,,,,,,,,,,,,,,,,,,,,,,,,,,,,,,,,,,,,,,,,,,,,,,,,,,,,,,,,,,,,,,,,,,,,,,,,,,,,,,,,,,,,,,,,,,,,,,,,,,,,,,,,
Data,12,record,timestamp,"944856199",s,position_lat,"390317318",semicircles,position_long,"-1398394930",semicircles,distance,"4383.91",m,altitude,"11.600000000000023",m,speed,"3.508",m/s,unknown,"0",,unknown,"300",,heart_rate,"82",bpm,cadence,"0",rpm,fractional_cadence,"0.0",rpm,enhanced_altitude,"11.600000000000023",m,enhanced_speed,"3.508",m/s,,,,,,,,,,,,,,,,,,,,,,,,,,,,,,,,,,,,,,,,,,,,,,,,,,,,,,,,,,,,,,,,,,,,,,,,,,,,,,,,,,,,,,,,,,,,,,,,,,,,,,,,,,,,,,,,,,,,,,,,,,,,,,,,,,,,,,,,,,,,,,,,,,,,,,,,,,,,,,,,,,,
Data,12,record,timestamp,"944856207",s,position_lat,"390316687",semicircles,position_long,"-1398391639",semicircles,distance,"4410.38",m,altitude,"11.600000000000023",m,speed,"3.312",m/s,unknown,"0",,unknown,"100",,heart_rate,"85",bpm,cadence,"0",rpm,fractional_cadence,"0.0",rpm,enhanced_altitude,"11.600000000000023",m,enhanced_speed,"3.312",m/s,,,,,,,,,,,,,,,,,,,,,,,,,,,,,,,,,,,,,,,,,,,,,,,,,,,,,,,,,,,,,,,,,,,,,,,,,,,,,,,,,,,,,,,,,,,,,,,,,,,,,,,,,,,,,,,,,,,,,,,,,,,,,,,,,,,,,,,,,,,,,,,,,,,,,,,,,,,,,,,,,,,
Data,12,record,timestamp,"944856210",s,position_lat,"390316513",semicircles,position_long,"-1398390454",semicircles,distance,"4419.83",m,altitude,"11.600000000000023",m,speed,"3.2",m/s,unknown,"0",,unknown,"100",,heart_rate,"88",bpm,cadence,"0",rpm,fractional_cadence,"0.0",rpm,enhanced_altitude,"11.600000000000023",m,enhanced_speed,"3.2",m/s,,,,,,,,,,,,,,,,,,,,,,,,,,,,,,,,,,,,,,,,,,,,,,,,,,,,,,,,,,,,,,,,,,,,,,,,,,,,,,,,,,,,,,,,,,,,,,,,,,,,,,,,,,,,,,,,,,,,,,,,,,,,,,,,,,,,,,,,,,,,,,,,,,,,,,,,,,,,,,,,,,,
Data,12,record,timestamp,"944856213",s,position_lat,"390316424",semicircles,position_long,"-1398389136",semicircles,distance,"4430.22",m,altitude,"11.600000000000023",m,speed,"3.452",m/s,unknown,"0",,unknown,"100",,heart_rate,"91",bpm,cadence,"0",rpm,fractional_cadence,"0.0",rpm,enhanced_altitude,"11.600000000000023",m,enhanced_speed,"3.452",m/s,,,,,,,,,,,,,,,,,,,,,,,,,,,,,,,,,,,,,,,,,,,,,,,,,,,,,,,,,,,,,,,,,,,,,,,,,,,,,,,,,,,,,,,,,,,,,,,,,,,,,,,,,,,,,,,,,,,,,,,,,,,,,,,,,,,,,,,,,,,,,,,,,,,,,,,,,,,,,,,,,,,
Data,12,record,timestamp,"944856218",s,position_lat,"390316450",semicircles,position_long,"-1398387227",semicircles,distance,"4445.24",m,altitude,"11.600000000000023",m,speed,"3.079",m/s,unknown,"0",,unknown,"300",,heart_rate,"94",bpm,cadence,"0",rpm,fractional_cadence,"0.0",rpm,enhanced_altitude,"11.600000000000023",m,enhanced_speed,"3.079",m/s,,,,,,,,,,,,,,,,,,,,,,,,,,,,,,,,,,,,,,,,,,,,,,,,,,,,,,,,,,,,,,,,,,,,,,,,,,,,,,,,,,,,,,,,,,,,,,,,,,,,,,,,,,,,,,,,,,,,,,,,,,,,,,,,,,,,,,,,,,,,,,,,,,,,,,,,,,,,,,,,,,,
Data,12,record,timestamp,"944856220",s,position_lat,"390316545",semicircles,position_long,"-1398386430",semicircles,distance,"4451.54",m,altitude,"11.399999999999977",m,speed,"3.135",m/s,unknown,"0",,unknown,"300",,heart_rate,"95",bpm,cadence,"0",rpm,fractional_cadence,"0.0",rpm,enhanced_altitude,"11.399999999999977",m,enhanced_speed,"3.135",m/s,,,,,,,,,,,,,,,,,,,,,,,,,,,,,,,,,,,,,,,,,,,,,,,,,,,,,,,,,,,,,,,,,,,,,,,,,,,,,,,,,,,,,,,,,,,,,,,,,,,,,,,,,,,,,,,,,,,,,,,,,,,,,,,,,,,,,,,,,,,,,,,,,,,,,,,,,,,,,,,,,,,
Data,12,record,timestamp,"944856227",s,position_lat,"390316953",semicircles,position_long,"-1398383386",semicircles,distance,"4475.73",m,altitude,"11.399999999999977",m,speed,"3.396",m/s,unknown,"0",,unknown,"100",,heart_rate,"99",bpm,cadence,"0",rpm,fractional_cadence,"0.0",rpm,enhanced_altitude,"11.399999999999977",m,enhanced_speed,"3.396",m/s,,,,,,,,,,,,,,,,,,,,,,,,,,,,,,,,,,,,,,,,,,,,,,,,,,,,,,,,,,,,,,,,,,,,,,,,,,,,,,,,,,,,,,,,,,,,,,,,,,,,,,,,,,,,,,,,,,,,,,,,,,,,,,,,,,,,,,,,,,,,,,,,,,,,,,,,,,,,,,,,,,,
Data,12,record,timestamp,"944856230",s,position_lat,"390316946",semicircles,position_long,"-1398382086",semicircles,distance,"4485.92",m,altitude,"11.399999999999977",m,speed,"3.368",m/s,unknown,"0",,unknown,"100",,heart_rate,"96",bpm,cadence,"0",rpm,fractional_cadence,"0.0",rpm,enhanced_altitude,"11.399999999999977",m,enhanced_speed,"3.368",m/s,,,,,,,,,,,,,,,,,,,,,,,,,,,,,,,,,,,,,,,,,,,,,,,,,,,,,,,,,,,,,,,,,,,,,,,,,,,,,,,,,,,,,,,,,,,,,,,,,,,,,,,,,,,,,,,,,,,,,,,,,,,,,,,,,,,,,,,,,,,,,,,,,,,,,,,,,,,,,,,,,,,
Data,12,record,timestamp,"944856232",s,position_lat,"390316912",semicircles,position_long,"-1398381096",semicircles,distance,"4493.69",m,altitude,"11.399999999999977",m,speed,"3.574",m/s,unknown,"0",,unknown,"100",,heart_rate,"96",bpm,cadence,"0",rpm,fractional_cadence,"0.0",rpm,enhanced_altitude,"11.399999999999977",m,enhanced_speed,"3.574",m/s,,,,,,,,,,,,,,,,,,,,,,,,,,,,,,,,,,,,,,,,,,,,,,,,,,,,,,,,,,,,,,,,,,,,,,,,,,,,,,,,,,,,,,,,,,,,,,,,,,,,,,,,,,,,,,,,,,,,,,,,,,,,,,,,,,,,,,,,,,,,,,,,,,,,,,,,,,,,,,,,,,,
Data,12,record,timestamp,"944856241",s,position_lat,"390316688",semicircles,position_long,"-1398376945",semicircles,distance,"4526.34",m,altitude,"11.600000000000023",m,speed,"3.49",m/s,unknown,"0",,unknown,"100",,heart_rate,"99",bpm,cadence,"47",rpm,fractional_cadence,"0.5",rpm,enhanced_altitude,"11.600000000000023",m,enhanced_speed,"3.49",m/s,,,,,,,,,,,,,,,,,,,,,,,,,,,,,,,,,,,,,,,,,,,,,,,,,,,,,,,,,,,,,,,,,,,,,,,,,,,,,,,,,,,,,,,,,,,,,,,,,,,,,,,,,,,,,,,,,,,,,,,,,,,,,,,,,,,,,,,,,,,,,,,,,,,,,,,,,,,,,,,,,,,
Data,12,record,timestamp,"944856243",s,position_lat,"390316669",semicircles,position_long,"-1398376049",semicircles,distance,"4533.39",m,altitude,"11.600000000000023",m,speed,"3.508",m/s,unknown,"0",,unknown,"100",,heart_rate,"96",bpm,cadence,"0",rpm,fractional_cadence,"0.0",rpm,enhanced_altitude,"11.600000000000023",m,enhanced_speed,"3.508",m/s,,,,,,,,,,,,,,,,,,,,,,,,,,,,,,,,,,,,,,,,,,,,,,,,,,,,,,,,,,,,,,,,,,,,,,,,,,,,,,,,,,,,,,,,,,,,,,,,,,,,,,,,,,,,,,,,,,,,,,,,,,,,,,,,,,,,,,,,,,,,,,,,,,,,,,,,,,,,,,,,,,,
Data,12,record,timestamp,"944856245",s,position_lat,"390316588",semicircles,position_long,"-1398375169",semicircles,distance,"4540.33",m,altitude,"11.600000000000023",m,speed,"3.434",m/s,unknown,"0",,unknown,"100",,heart_rate,"98",bpm,cadence,"0",rpm,fractional_cadence,"0.0",rpm,enhanced_altitude,"11.600000000000023",m,enhanced_speed,"3.434",m/s,,,,,,,,,,,,,,,,,,,,,,,,,,,,,,,,,,,,,,,,,,,,,,,,,,,,,,,,,,,,,,,,,,,,,,,,,,,,,,,,,,,,,,,,,,,,,,,,,,,,,,,,,,,,,,,,,,,,,,,,,,,,,,,,,,,,,,,,,,,,,,,,,,,,,,,,,,,,,,,,,,,
Data,12,record,timestamp,"944856257",s,position_lat,"390316387",semicircles,position_long,"-1398370196",semicircles,distance,"4579.45",m,altitude,"11.800000000000011",m,speed,"3.07",m/s,unknown,"0",,unknown,"100",,heart_rate,"96",bpm,cadence,"0",rpm,fractional_cadence,"0.0",rpm,enhanced_altitude,"11.800000000000011",m,enhanced_speed,"3.07",m/s,,,,,,,,,,,,,,,,,,,,,,,,,,,,,,,,,,,,,,,,,,,,,,,,,,,,,,,,,,,,,,,,,,,,,,,,,,,,,,,,,,,,,,,,,,,,,,,,,,,,,,,,,,,,,,,,,,,,,,,,,,,,,,,,,,,,,,,,,,,,,,,,,,,,,,,,,,,,,,,,,,,
Data,12,record,timestamp,"944856270",s,position_lat,"390316478",semicircles,position_long,"-1398364714",semicircles,distance,"4622.55",m,altitude,"12.0",m,speed,"3.312",m/s,unknown,"0",,unknown,"100",,heart_rate,"96",bpm,cadence,"0",rpm,fractional_cadence,"0.0",rpm,enhanced_altitude,"12.0",m,enhanced_speed,"3.312",m/s,,,,,,,,,,,,,,,,,,,,,,,,,,,,,,,,,,,,,,,,,,,,,,,,,,,,,,,,,,,,,,,,,,,,,,,,,,,,,,,,,,,,,,,,,,,,,,,,,,,,,,,,,,,,,,,,,,,,,,,,,,,,,,,,,,,,,,,,,,,,,,,,,,,,,,,,,,,,,,,,,,,
Data,12,record,timestamp,"944856273",s,position_lat,"390316564",semicircles,position_long,"-1398363460",semicircles,distance,"4632.43",m,altitude,"12.0",m,speed,"3.368",m/s,unknown,"0",,unknown,"100",,heart_rate,"99",bpm,cadence,"0",rpm,fractional_cadence,"0.0",rpm,enhanced_altitude,"12.0",m,enhanced_speed,"3.368",m/s,,,,,,,,,,,,,,,,,,,,,,,,,,,,,,,,,,,,,,,,,,,,,,,,,,,,,,,,,,,,,,,,,,,,,,,,,,,,,,,,,,,,,,,,,,,,,,,,,,,,,,,,,,,,,,,,,,,,,,,,,,,,,,,,,,,,,,,,,,,,,,,,,,,,,,,,,,,,,,,,,,,
Data,12,record,timestamp,"944856281",s,position_lat,"390316931",semicircles,position_long,"-1398360285",semicircles,distance,"4657.63",m,altitude,"12.0",m,speed,"3.088",m/s,unknown,"0",,unknown,"100",,heart_rate,"97",bpm,cadence,"0",rpm,fractional_cadence,"0.0",rpm,enhanced_altitude,"12.0",m,enhanced_speed,"3.088",m/s,,,,,,,,,,,,,,,,,,,,,,,,,,,,,,,,,,,,,,,,,,,,,,,,,,,,,,,,,,,,,,,,,,,,,,,,,,,,,,,,,,,,,,,,,,,,,,,,,,,,,,,,,,,,,,,,,,,,,,,,,,,,,,,,,,,,,,,,,,,,,,,,,,,,,,,,,,,,,,,,,,,
Data,12,record,timestamp,"944856294",s,position_lat,"390317350",semicircles,position_long,"-1398355462",semicircles,distance,"4695.73",m,altitude,"12.0",m,speed,"2.958",m/s,unknown,"0",,unknown,"100",,heart_rate,"98",bpm,cadence,"0",rpm,fractional_cadence,"0.0",rpm,enhanced_altitude,"12.0",m,enhanced_speed,"2.958",m/s,,,,,,,,,,,,,,,,,,,,,,,,,,,,,,,,,,,,,,,,,,,,,,,,,,,,,,,,,,,,,,,,,,,,,,,,,,,,,,,,,,,,,,,,,,,,,,,,,,,,,,,,,,,,,,,,,,,,,,,,,,,,,,,,,,,,,,,,,,,,,,,,,,,,,,,,,,,,,,,,,,,
Data,12,record,timestamp,"944856297",s,position_lat,"390317481",semicircles,position_long,"-1398354360",semicircles,distance,"4704.47",m,altitude,"12.0",m,speed,"2.967",m/s,unknown,"0",,unknown,"100",,heart_rate,"95",bpm,cadence,"0",rpm,fractional_cadence,"0.0",rpm,enhanced_altitude,"12.0",m,enhanced_speed,"2.967",m/s,,,,,,,,,,,,,,,,,,,,,,,,,,,,,,,,,,,,,,,,,,,,,,,,,,,,,,,,,,,,,,,,,,,,,,,,,,,,,,,,,,,,,,,,,,,,,,,,,,,,,,,,,,,,,,,,,,,,,,,,,,,,,,,,,,,,,,,,,,,,,,,,,,,,,,,,,,,,,,,,,,,
Data,12,record,timestamp,"944856308",s,position_lat,"390317954",semicircles,position_long,"-1398350163",semicircles,distance,"4737.75",m,altitude,"12.0",m,speed,"3.004",m/s,unknown,"0",,unknown,"100",,heart_rate,"92",bpm,cadence,"0",rpm,fractional_cadence,"0.0",rpm,enhanced_altitude,"12.0",m,enhanced_speed,"3.004",m/s,,,,,,,,,,,,,,,,,,,,,,,,,,,,,,,,,,,,,,,,,,,,,,,,,,,,,,,,,,,,,,,,,,,,,,,,,,,,,,,,,,,,,,,,,,,,,,,,,,,,,,,,,,,,,,,,,,,,,,,,,,,,,,,,,,,,,,,,,,,,,,,,,,,,,,,,,,,,,,,,,,,
Data,12,record,timestamp,"944856309",s,position_lat,"390318008",semicircles,position_long,"-1398349791",semicircles,distance,"4740.71",m,altitude,"12.0",m,speed,"2.967",m/s,unknown,"0",,unknown,"100",,heart_rate,"93",bpm,cadence,"0",rpm,fractional_cadence,"0.0",rpm,enhanced_altitude,"12.0",m,enhanced_speed,"2.967",m/s,,,,,,,,,,,,,,,,,,,,,,,,,,,,,,,,,,,,,,,,,,,,,,,,,,,,,,,,,,,,,,,,,,,,,,,,,,,,,,,,,,,,,,,,,,,,,,,,,,,,,,,,,,,,,,,,,,,,,,,,,,,,,,,,,,,,,,,,,,,,,,,,,,,,,,,,,,,,,,,,,,,
Data,12,record,timestamp,"944856316",s,position_lat,"390318298",semicircles,position_long,"-1398347110",semicircles,distance,"4761.96",m,altitude,"12.0",m,speed,"3.023",m/s,unknown,"0",,unknown,"100",,heart_rate,"90",bpm,cadence,"0",rpm,fractional_cadence,"0.0",rpm,enhanced_altitude,"12.0",m,enhanced_speed,"3.023",m/s,,,,,,,,,,,,,,,,,,,,,,,,,,,,,,,,,,,,,,,,,,,,,,,,,,,,,,,,,,,,,,,,,,,,,,,,,,,,,,,,,,,,,,,,,,,,,,,,,,,,,,,,,,,,,,,,,,,,,,,,,,,,,,,,,,,,,,,,,,,,,,,,,,,,,,,,,,,,,,,,,,,
Data,12,record,timestamp,"944856323",s,position_lat,"390318351",semicircles,position_long,"-1398344525",semicircles,distance,"4782.26",m,altitude,"12.0",m,speed,"2.799",m/s,unknown,"0",,unknown,"100",,heart_rate,"88",bpm,cadence,"0",rpm,fractional_cadence,"0.0",rpm,enhanced_altitude,"12.0",m,enhanced_speed,"2.799",m/s,,,,,,,,,,,,,,,,,,,,,,,,,,,,,,,,,,,,,,,,,,,,,,,,,,,,,,,,,,,,,,,,,,,,,,,,,,,,,,,,,,,,,,,,,,,,,,,,,,,,,,,,,,,,,,,,,,,,,,,,,,,,,,,,,,,,,,,,,,,,,,,,,,,,,,,,,,,,,,,,,,,
Data,12,record,timestamp,"944856326",s,position_lat,"390318391",semicircles,position_long,"-1398343481",semicircles,distance,"4790.48",m,altitude,"12.0",m,speed,"2.762",m/s,unknown,"0",,unknown,"100",,heart_rate,"85",bpm,cadence,"0",rpm,fractional_cadence,"0.0",rpm,enhanced_altitude,"12.0",m,enhanced_speed,"2.762",m/s,,,,,,,,,,,,,,,,,,,,,,,,,,,,,,,,,,,,,,,,,,,,,,,,,,,,,,,,,,,,,,,,,,,,,,,,,,,,,,,,,,,,,,,,,,,,,,,,,,,,,,,,,,,,,,,,,,,,,,,,,,,,,,,,,,,,,,,,,,,,,,,,,,,,,,,,,,,,,,,,,,,
Data,12,record,timestamp,"944856336",s,position_lat,"390318786",semicircles,position_long,"-1398339884",semicircles,distance,"4818.98",m,altitude,"12.200000000000045",m,speed,"2.687",m/s,unknown,"0",,unknown,"100",,heart_rate,"85",bpm,cadence,"0",rpm,fractional_cadence,"0.0",rpm,enhanced_altitude,"12.200000000000045",m,enhanced_speed,"2.687",m/s,,,,,,,,,,,,,,,,,,,,,,,,,,,,,,,,,,,,,,,,,,,,,,,,,,,,,,,,,,,,,,,,,,,,,,,,,,,,,,,,,,,,,,,,,,,,,,,,,,,,,,,,,,,,,,,,,,,,,,,,,,,,,,,,,,,,,,,,,,,,,,,,,,,,,,,,,,,,,,,,,,,
Data,12,record,timestamp,"944856341",s,position_lat,"390318945",semicircles,position_long,"-1398338232",semicircles,distance,"4832.07",m,altitude,"12.399999999999977",m,speed,"2.519",m/s,unknown,"0",,unknown,"100",,heart_rate,"81",bpm,cadence,"0",rpm,fractional_cadence,"0.0",rpm,enhanced_altitude,"12.399999999999977",m,enhanced_speed,"2.519",m/s,,,,,,,,,,,,,,,,,,,,,,,,,,,,,,,,,,,,,,,,,,,,,,,,,,,,,,,,,,,,,,,,,,,,,,,,,,,,,,,,,,,,,,,,,,,,,,,,,,,,,,,,,,,,,,,,,,,,,,,,,,,,,,,,,,,,,,,,,,,,,,,,,,,,,,,,,,,,,,,,,,,
Data,12,record,timestamp,"944856344",s,position_lat,"390319111",semicircles,position_long,"-1398337348",semicircles,distance,"4839.18",m,altitude,"12.399999999999977",m,speed,"2.342",m/s,unknown,"0",,unknown,"100",,heart_rate,"84",bpm,cadence,"0",rpm,fractional_cadence,"0.0",rpm,enhanced_altitude,"12.399999999999977",m,enhanced_speed,"2.342",m/s,,,,,,,,,,,,,,,,,,,,,,,,,,,,,,,,,,,,,,,,,,,,,,,,,,,,,,,,,,,,,,,,,,,,,,,,,,,,,,,,,,,,,,,,,,,,,,,,,,,,,,,,,,,,,,,,,,,,,,,,,,,,,,,,,,,,,,,,,,,,,,,,,,,,,,,,,,,,,,,,,,,
Data,12,record,timestamp,"944856347",s,position_lat,"390319267",semicircles,position_long,"-1398336440",semicircles,distance,"4846.46",m,altitude,"12.399999999999977",m,speed,"2.463",m/s,unknown,"0",,unknown,"100",,heart_rate,"83",bpm,cadence,"0",rpm,fractional_cadence,"0.0",rpm,enhanced_altitude,"12.399999999999977",m,enhanced_speed,"2.463",m/s,,,,,,,,,,,,,,,,,,,,,,,,,,,,,,,,,,,,,,,,,,,,,,,,,,,,,,,,,,,,,,,,,,,,,,,,,,,,,,,,,,,,,,,,,,,,,,,,,,,,,,,,,,,,,,,,,,,,,,,,,,,,,,,,,,,,,,,,,,,,,,,,,,,,,,,,,,,,,,,,,,,
Data,12,record,timestamp,"944856363",s,position_lat,"390319856",semicircles,position_long,"-1398330962",semicircles,distance,"4889.87",m,altitude,"12.200000000000045",m,speed,"2.706",m/s,unknown,"0",,unknown,"100",,heart_rate,"81",bpm,cadence,"0",rpm,fractional_cadence,"0.0",rpm,enhanced_altitude,"12.200000000000045",m,enhanced_speed,"2.706",m/s,,,,,,,,,,,,,,,,,,,,,,,,,,,,,,,,,,,,,,,,,,,,,,,,,,,,,,,,,,,,,,,,,,,,,,,,,,,,,,,,,,,,,,,,,,,,,,,,,,,,,,,,,,,,,,,,,,,,,,,,,,,,,,,,,,,,,,,,,,,,,,,,,,,,,,,,,,,,,,,,,,,
Data,12,record,timestamp,"944856370",s,position_lat,"390320037",semicircles,position_long,"-1398328014",semicircles,distance,"4913.1",m,altitude,"12.399999999999977",m,speed,"3.275",m/s,unknown,"0",,unknown,"100",,heart_rate,"82",bpm,cadence,"0",rpm,fractional_cadence,"0.0",rpm,enhanced_altitude,"12.399999999999977",m,enhanced_speed,"3.275",m/s,,,,,,,,,,,,,,,,,,,,,,,,,,,,,,,,,,,,,,,,,,,,,,,,,,,,,,,,,,,,,,,,,,,,,,,,,,,,,,,,,,,,,,,,,,,,,,,,,,,,,,,,,,,,,,,,,,,,,,,,,,,,,,,,,,,,,,,,,,,,,,,,,,,,,,,,,,,,,,,,,,,
Data,12,record,timestamp,"944856374",s,position_lat,"390320117",semicircles,position_long,"-1398326100",semicircles,distance,"4928.16",m,altitude,"12.399999999999977",m,speed,"3.387",m/s,unknown,"0",,unknown,"100",,heart_rate,"85",bpm,cadence,"0",rpm,fractional_cadence,"0.0",rpm,enhanced_altitude,"12.399999999999977",m,enhanced_speed,"3.387",m/s,,,,,,,,,,,,,,,,,,,,,,,,,,,,,,,,,,,,,,,,,,,,,,,,,,,,,,,,,,,,,,,,,,,,,,,,,,,,,,,,,,,,,,,,,,,,,,,,,,,,,,,,,,,,,,,,,,,,,,,,,,,,,,,,,,,,,,,,,,,,,,,,,,,,,,,,,,,,,,,,,,,
Data,12,record,timestamp,"944856375",s,position_lat,"390320119",semicircles,position_long,"-1398325650",semicircles,distance,"4931.7",m,altitude,"12.399999999999977",m,speed,"3.387",m/s,unknown,"0",,unknown,"100",,heart_rate,"86",bpm,cadence,"0",rpm,fractional_cadence,"0.0",rpm,enhanced_altitude,"12.399999999999977",m,enhanced_speed,"3.387",m/s,,,,,,,,,,,,,,,,,,,,,,,,,,,,,,,,,,,,,,,,,,,,,,,,,,,,,,,,,,,,,,,,,,,,,,,,,,,,,,,,,,,,,,,,,,,,,,,,,,,,,,,,,,,,,,,,,,,,,,,,,,,,,,,,,,,,,,,,,,,,,,,,,,,,,,,,,,,,,,,,,,,
Data,12,record,timestamp,"944856377",s,position_lat,"390320131",semicircles,position_long,"-1398324797",semicircles,distance,"4938.4",m,altitude,"12.399999999999977",m,speed,"3.368",m/s,unknown,"0",,unknown,"100",,heart_rate,"89",bpm,cadence,"0",rpm,fractional_cadence,"0.0",rpm,enhanced_altitude,"12.399999999999977",m,enhanced_speed,"3.368",m/s,,,,,,,,,,,,,,,,,,,,,,,,,,,,,,,,,,,,,,,,,,,,,,,,,,,,,,,,,,,,,,,,,,,,,,,,,,,,,,,,,,,,,,,,,,,,,,,,,,,,,,,,,,,,,,,,,,,,,,,,,,,,,,,,,,,,,,,,,,,,,,,,,,,,,,,,,,,,,,,,,,,
Data,12,record,timestamp,"944856380",s,position_lat,"390320119",semicircles,position_long,"-1398323511",semicircles,distance,"4948.51",m,altitude,"12.600000000000023",m,speed,"3.294",m/s,unknown,"0",,unknown,"100",,heart_rate,"93",bpm,cadence,"0",rpm,fractional_cadence,"0.0",rpm,enhanced_altitude,"12.600000000000023",m,enhanced_speed,"3.294",m/s,,,,,,,,,,,,,,,,,,,,,,,,,,,,,,,,,,,,,,,,,,,,,,,,,,,,,,,,,,,,,,,,,,,,,,,,,,,,,,,,,,,,,,,,,,,,,,,,,,,,,,,,,,,,,,,,,,,,,,,,,,,,,,,,,,,,,,,,,,,,,,,,,,,,,,,,,,,,,,,,,,,
Data,12,record,timestamp,"944856389",s,position_lat,"390320173",semicircles,position_long,"-1398319397",semicircles,distance,"4980.84",m,altitude,"12.600000000000023",m,speed,"3.462",m/s,unknown,"0",,unknown,"100",,heart_rate,"97",bpm,cadence,"0",rpm,fractional_cadence,"0.0",rpm,enhanced_altitude,"12.600000000000023",m,enhanced_speed,"3.462",m/s,,,,,,,,,,,,,,,,,,,,,,,,,,,,,,,,,,,,,,,,,,,,,,,,,,,,,,,,,,,,,,,,,,,,,,,,,,,,,,,,,,,,,,,,,,,,,,,,,,,,,,,,,,,,,,,,,,,,,,,,,,,,,,,,,,,,,,,,,,,,,,,,,,,,,,,,,,,,,,,,,,,
Data,12,record,timestamp,"944856392",s,position_lat,"390320196",semicircles,position_long,"-1398318022",semicircles,distance,"4991.65",m,altitude,"12.799999999999955",m,speed,"3.508",m/s,unknown,"0",,unknown,"300",,heart_rate,"100",bpm,cadence,"0",rpm,fractional_cadence,"0.0",rpm,enhanced_altitude,"12.799999999999955",m,enhanced_speed,"3.508",m/s,,,,,,,,,,,,,,,,,,,,,,,,,,,,,,,,,,,,,,,,,,,,,,,,,,,,,,,,,,,,,,,,,,,,,,,,,,,,,,,,,,,,,,,,,,,,,,,,,,,,,,,,,,,,,,,,,,,,,,,,,,,,,,,,,,,,,,,,,,,,,,,,,,,,,,,,,,,,,,,,,,,
Data,12,record,timestamp,"944856394",s,position_lat,"390320198",semicircles,position_long,"-1398317058",semicircles,distance,"4999.22",m,altitude,"12.799999999999955",m,speed,"3.518",m/s,unknown,"0",,unknown,"300",,heart_rate,"101",bpm,cadence,"0",rpm,fractional_cadence,"0.0",rpm,enhanced_altitude,"12.799999999999955",m,enhanced_speed,"3.518",m/s,,,,,,,,,,,,,,,,,,,,,,,,,,,,,,,,,,,,,,,,,,,,,,,,,,,,,,,,,,,,,,,,,,,,,,,,,,,,,,,,,,,,,,,,,,,,,,,,,,,,,,,,,,,,,,,,,,,,,,,,,,,,,,,,,,,,,,,,,,,,,,,,,,,,,,,,,,,,,,,,,,,
Data,12,record,timestamp,"944856398",s,position_lat,"390320226",semicircles,position_long,"-1398315256",semicircles,distance,"5013.38",m,altitude,"13.0",m,speed,"3.527",m/s,unknown,"0",,unknown,"100",,heart_rate,"104",bpm,cadence,"0",rpm,fractional_cadence,"0.0",rpm,enhanced_altitude,"13.0",m,enhanced_speed,"3.527",m/s,,,,,,,,,,,,,,,,,,,,,,,,,,,,,,,,,,,,,,,,,,,,,,,,,,,,,,,,,,,,,,,,,,,,,,,,,,,,,,,,,,,,,,,,,,,,,,,,,,,,,,,,,,,,,,,,,,,,,,,,,,,,,,,,,,,,,,,,,,,,,,,,,,,,,,,,,,,,,,,,,,,
Data,12,record,timestamp,"944856399",s,position_lat,"390320283",semicircles,position_long,"-1398314809",semicircles,distance,"5016.93",m,altitude,"13.0",m,speed,"3.536",m/s,unknown,"0",,unknown,"100",,heart_rate,"101",bpm,cadence,"0",rpm,fractional_cadence,"0.0",rpm,enhanced_altitude,"13.0",m,enhanced_speed,"3.536",m/s,,,,,,,,,,,,,,,,,,,,,,,,,,,,,,,,,,,,,,,,,,,,,,,,,,,,,,,,,,,,,,,,,,,,,,,,,,,,,,,,,,,,,,,,,,,,,,,,,,,,,,,,,,,,,,,,,,,,,,,,,,,,,,,,,,,,,,,,,,,,,,,,,,,,,,,,,,,,,,,,,,,
Data,12,record,timestamp,"944856409",s,position_lat,"390320812",semicircles,position_long,"-1398310685",semicircles,distance,"5049.67",m,altitude,"13.200000000000045",m,speed,"3.294",m/s,unknown,"0",,unknown,"100",,heart_rate,"99",bpm,cadence,"0",rpm,fractional_cadence,"0.0",rpm,enhanced_altitude,"13.200000000000045",m,enhanced_speed,"3.294",m/s,,,,,,,,,,,,,,,,,,,,,,,,,,,,,,,,,,,,,,,,,,,,,,,,,,,,,,,,,,,,,,,,,,,,,,,,,,,,,,,,,,,,,,,,,,,,,,,,,,,,,,,,,,,,,,,,,,,,,,,,,,,,,,,,,,,,,,,,,,,,,,,,,,,,,,,,,,,,,,,,,,,
Data,12,record,timestamp,"944856423",s,position_lat,"390321201",semicircles,position_long,"-1398305207",semicircles,distance,"5092.97",m,altitude,"13.399999999999977",m,speed,"3.172",m/s,unknown,"0",,unknown,"100",,heart_rate,"98",bpm,cadence,"0",rpm,fractional_cadence,"0.0",rpm,enhanced_altitude,"13.399999999999977",m,enhanced_speed,"3.172",m/s,,,,,,,,,,,,,,,,,,,,,,,,,,,,,,,,,,,,,,,,,,,,,,,,,,,,,,,,,,,,,,,,,,,,,,,,,,,,,,,,,,,,,,,,,,,,,,,,,,,,,,,,,,,,,,,,,,,,,,,,,,,,,,,,,,,,,,,,,,,,,,,,,,,,,,,,,,,,,,,,,,,
Data,12,record,timestamp,"944856425",s,position_lat,"390321198",semicircles,position_long,"-1398304341",semicircles,distance,"5099.76",m,altitude,"13.399999999999977",m,speed,"3.331",m/s,unknown,"0",,unknown,"100",,heart_rate,"97",bpm,cadence,"0",rpm,fractional_cadence,"0.0",rpm,enhanced_altitude,"13.399999999999977",m,enhanced_speed,"3.331",m/s,,,,,,,,,,,,,,,,,,,,,,,,,,,,,,,,,,,,,,,,,,,,,,,,,,,,,,,,,,,,,,,,,,,,,,,,,,,,,,,,,,,,,,,,,,,,,,,,,,,,,,,,,,,,,,,,,,,,,,,,,,,,,,,,,,,,,,,,,,,,,,,,,,,,,,,,,,,,,,,,,,,
Data,12,record,timestamp,"944856436",s,position_lat,"390321267",semicircles,position_long,"-1398299424",semicircles,distance,"5138.41",m,altitude,"13.399999999999977",m,speed,"3.415",m/s,unknown,"0",,unknown,"300",,heart_rate,"94",bpm,cadence,"0",rpm,fractional_cadence,"0.0",rpm,enhanced_altitude,"13.399999999999977",m,enhanced_speed,"3.415",m/s,,,,,,,,,,,,,,,,,,,,,,,,,,,,,,,,,,,,,,,,,,,,,,,,,,,,,,,,,,,,,,,,,,,,,,,,,,,,,,,,,,,,,,,,,,,,,,,,,,,,,,,,,,,,,,,,,,,,,,,,,,,,,,,,,,,,,,,,,,,,,,,,,,,,,,,,,,,,,,,,,,,
Data,12,record,timestamp,"944856439",s,position_lat,"390321361",semicircles,position_long,"-1398298049",semicircles,distance,"5149.24",m,altitude,"13.399999999999977",m,speed,"3.499",m/s,unknown,"0",,unknown,"300",,heart_rate,"90",bpm,cadence,"0",rpm,fractional_cadence,"0.0",rpm,enhanced_altitude,"13.399999999999977",m,enhanced_speed,"3.499",m/s,,,,,,,,,,,,,,,,,,,,,,,,,,,,,,,,,,,,,,,,,,,,,,,,,,,,,,,,,,,,,,,,,,,,,,,,,,,,,,,,,,,,,,,,,,,,,,,,,,,,,,,,,,,,,,,,,,,,,,,,,,,,,,,,,,,,,,,,,,,,,,,,,,,,,,,,,,,,,,,,,,,
Data,12,record,timestamp,"944856441",s,position_lat,"390321334",semicircles,position_long,"-1398297149",semicircles,distance,"5156.31",m,altitude,"13.399999999999977",m,speed,"3.471",m/s,unknown,"0",,unknown,"100",,heart_rate,"92",bpm,cadence,"0",rpm,fractional_cadence,"0.0",rpm,enhanced_altitude,"13.399999999999977",m,enhanced_speed,"3.471",m/s,,,,,,,,,,,,,,,,,,,,,,,,,,,,,,,,,,,,,,,,,,,,,,,,,,,,,,,,,,,,,,,,,,,,,,,,,,,,,,,,,,,,,,,,,,,,,,,,,,,,,,,,,,,,,,,,,,,,,,,,,,,,,,,,,,,,,,,,,,,,,,,,,,,,,,,,,,,,,,,,,,,
Data,12,record,timestamp,"944856448",s,position_lat,"390321075",semicircles,position_long,"-1398294073",semicircles,distance,"5180.54",m,altitude,"13.200000000000045",m,speed,"3.378",m/s,unknown,"0",,unknown,"100",,heart_rate,"89",bpm,cadence,"0",rpm,fractional_cadence,"0.0",rpm,enhanced_altitude,"13.200000000000045",m,enhanced_speed,"3.378",m/s,,,,,,,,,,,,,,,,,,,,,,,,,,,,,,,,,,,,,,,,,,,,,,,,,,,,,,,,,,,,,,,,,,,,,,,,,,,,,,,,,,,,,,,,,,,,,,,,,,,,,,,,,,,,,,,,,,,,,,,,,,,,,,,,,,,,,,,,,,,,,,,,,,,,,,,,,,,,,,,,,,,
Data,12,record,timestamp,"944856452",s,position_lat,"390320848",semicircles,position_long,"-1398292234",semicircles,distance,"5195.13",m,altitude,"13.200000000000045",m,speed,"3.443",m/s,unknown,"0",,unknown,"100",,heart_rate,"92",bpm,cadence,"0",rpm,fractional_cadence,"0.0",rpm,enhanced_altitude,"13.200000000000045",m,enhanced_speed,"3.443",m/s,,,,,,,,,,,,,,,,,,,,,,,,,,,,,,,,,,,,,,,,,,,,,,,,,,,,,,,,,,,,,,,,,,,,,,,,,,,,,,,,,,,,,,,,,,,,,,,,,,,,,,,,,,,,,,,,,,,,,,,,,,,,,,,,,,,,,,,,,,,,,,,,,,,,,,,,,,,,,,,,,,,
Data,12,record,timestamp,"944856455",s,position_lat,"390320785",semicircles,position_long,"-1398291128",semicircles,distance,"5203.83",m,altitude,"13.200000000000045",m,speed,"3.228",m/s,unknown,"0",,unknown,"100",,heart_rate,"91",bpm,cadence,"0",rpm,fractional_cadence,"0.0",rpm,enhanced_altitude,"13.200000000000045",m,enhanced_speed,"3.228",m/s,,,,,,,,,,,,,,,,,,,,,,,,,,,,,,,,,,,,,,,,,,,,,,,,,,,,,,,,,,,,,,,,,,,,,,,,,,,,,,,,,,,,,,,,,,,,,,,,,,,,,,,,,,,,,,,,,,,,,,,,,,,,,,,,,,,,,,,,,,,,,,,,,,,,,,,,,,,,,,,,,,,
Data,12,record,timestamp,"944856469",s,position_lat,"390320320",semicircles,position_long,"-1398285038",semicircles,distance,"5251.87",m,altitude,"13.399999999999977",m,speed,"3.238",m/s,unknown,"0",,unknown,"100",,heart_rate,"92",bpm,cadence,"0",rpm,fractional_cadence,"0.0",rpm,enhanced_altitude,"13.399999999999977",m,enhanced_speed,"3.238",m/s,,,,,,,,,,,,,,,,,,,,,,,,,,,,,,,,,,,,,,,,,,,,,,,,,,,,,,,,,,,,,,,,,,,,,,,,,,,,,,,,,,,,,,,,,,,,,,,,,,,,,,,,,,,,,,,,,,,,,,,,,,,,,,,,,,,,,,,,,,,,,,,,,,,,,,,,,,,,,,,,,,,
Data,12,record,timestamp,"944856484",s,position_lat,"390319902",semicircles,position_long,"-1398279035",semicircles,distance,"5299.21",m,altitude,"13.200000000000045",m,speed,"3.154",m/s,unknown,"0",,unknown,"100",,heart_rate,"88",bpm,cadence,"0",rpm,fractional_cadence,"0.0",rpm,enhanced_altitude,"13.200000000000045",m,enhanced_speed,"3.154",m/s,,,,,,,,,,,,,,,,,,,,,,,,,,,,,,,,,,,,,,,,,,,,,,,,,,,,,,,,,,,,,,,,,,,,,,,,,,,,,,,,,,,,,,,,,,,,,,,,,,,,,,,,,,,,,,,,,,,,,,,,,,,,,,,,,,,,,,,,,,,,,,,,,,,,,,,,,,,,,,,,,,,
Data,12,record,timestamp,"944856485",s,position_lat,"390319890",semicircles,position_long,"-1398278679",semicircles,distance,"5302.01",m,altitude,"13.200000000000045",m,speed,"3.051",m/s,unknown,"0",,unknown,"100",,heart_rate,"91",bpm,cadence,"0",rpm,fractional_cadence,"0.0",rpm,enhanced_altitude,"13.200000000000045",m,enhanced_speed,"3.051",m/s,,,,,,,,,,,,,,,,,,,,,,,,,,,,,,,,,,,,,,,,,,,,,,,,,,,,,,,,,,,,,,,,,,,,,,,,,,,,,,,,,,,,,,,,,,,,,,,,,,,,,,,,,,,,,,,,,,,,,,,,,,,,,,,,,,,,,,,,,,,,,,,,,,,,,,,,,,,,,,,,,,,
Data,12,record,timestamp,"944856493",s,position_lat,"390319593",semicircles,position_long,"-1398275462",semicircles,distance,"5327.44",m,altitude,"13.200000000000045",m,speed,"3.051",m/s,unknown,"0",,unknown,"100",,heart_rate,"88",bpm,cadence,"0",rpm,fractional_cadence,"0.0",rpm,enhanced_altitude,"13.200000000000045",m,enhanced_speed,"3.051",m/s,,,,,,,,,,,,,,,,,,,,,,,,,,,,,,,,,,,,,,,,,,,,,,,,,,,,,,,,,,,,,,,,,,,,,,,,,,,,,,,,,,,,,,,,,,,,,,,,,,,,,,,,,,,,,,,,,,,,,,,,,,,,,,,,,,,,,,,,,,,,,,,,,,,,,,,,,,,,,,,,,,,
Data,12,record,timestamp,"944856496",s,position_lat,"390319451",semicircles,position_long,"-1398274271",semicircles,distance,"5336.89",m,altitude,"13.399999999999977",m,speed,"3.07",m/s,unknown,"0",,unknown,"100",,heart_rate,"89",bpm,cadence,"0",rpm,fractional_cadence,"0.0",rpm,enhanced_altitude,"13.399999999999977",m,enhanced_speed,"3.07",m/s,,,,,,,,,,,,,,,,,,,,,,,,,,,,,,,,,,,,,,,,,,,,,,,,,,,,,,,,,,,,,,,,,,,,,,,,,,,,,,,,,,,,,,,,,,,,,,,,,,,,,,,,,,,,,,,,,,,,,,,,,,,,,,,,,,,,,,,,,,,,,,,,,,,,,,,,,,,,,,,,,,,
Data,12,record,timestamp,"944856504",s,position_lat,"390319113",semicircles,position_long,"-1398271025",semicircles,distance,"5362.59",m,altitude,"13.399999999999977",m,speed,"3.219",m/s,unknown,"0",,unknown,"100",,heart_rate,"86",bpm,cadence,"0",rpm,fractional_cadence,"0.0",rpm,enhanced_altitude,"13.399999999999977",m,enhanced_speed,"3.219",m/s,,,,,,,,,,,,,,,,,,,,,,,,,,,,,,,,,,,,,,,,,,,,,,,,,,,,,,,,,,,,,,,,,,,,,,,,,,,,,,,,,,,,,,,,,,,,,,,,,,,,,,,,,,,,,,,,,,,,,,,,,,,,,,,,,,,,,,,,,,,,,,,,,,,,,,,,,,,,,,,,,,,
Data,12,record,timestamp,"944856511",s,position_lat,"390318990",semicircles,position_long,"-1398268526",semicircles,distance,"5382.23",m,altitude,"13.399999999999977",m,speed,"2.921",m/s,unknown,"0",,unknown,"100",,heart_rate,"85",bpm,cadence,"0",rpm,fractional_cadence,"0.0",rpm,enhanced_altitude,"13.399999999999977",m,enhanced_speed,"2.921",m/s,,,,,,,,,,,,,,,,,,,,,,,,,,,,,,,,,,,,,,,,,,,,,,,,,,,,,,,,,,,,,,,,,,,,,,,,,,,,,,,,,,,,,,,,,,,,,,,,,,,,,,,,,,,,,,,,,,,,,,,,,,,,,,,,,,,,,,,,,,,,,,,,,,,,,,,,,,,,,,,,,,,
Data,12,record,timestamp,"944856517",s,position_lat,"390318941",semicircles,position_long,"-1398266219",semicircles,distance,"5400.31",m,altitude,"13.600000000000023",m,speed,"3.07",m/s,unknown,"0",,unknown,"100",,heart_rate,"88",bpm,cadence,"0",rpm,fractional_cadence,"0.0",rpm,enhanced_altitude,"13.600000000000023",m,enhanced_speed,"3.07",m/s,,,,,,,,,,,,,,,,,,,,,,,,,,,,,,,,,,,,,,,,,,,,,,,,,,,,,,,,,,,,,,,,,,,,,,,,,,,,,,,,,,,,,,,,,,,,,,,,,,,,,,,,,,,,,,,,,,,,,,,,,,,,,,,,,,,,,,,,,,,,,,,,,,,,,,,,,,,,,,,,,,,
Data,12,record,timestamp,"944856522",s,position_lat,"390318875",semicircles,position_long,"-1398263923",semicircles,distance,"5418.36",m,altitude,"13.600000000000023",m,speed,"3.611",m/s,unknown,"0",,unknown,"100",,heart_rate,"92",bpm,cadence,"0",rpm,fractional_cadence,"0.0",rpm,enhanced_altitude,"13.600000000000023",m,enhanced_speed,"3.611",m/s,,,,,,,,,,,,,,,,,,,,,,,,,,,,,,,,,,,,,,,,,,,,,,,,,,,,,,,,,,,,,,,,,,,,,,,,,,,,,,,,,,,,,,,,,,,,,,,,,,,,,,,,,,,,,,,,,,,,,,,,,,,,,,,,,,,,,,,,,,,,,,,,,,,,,,,,,,,,,,,,,,,
Data,12,record,timestamp,"944856523",s,position_lat,"390318875",semicircles,position_long,"-1398263438",semicircles,distance,"5422.17",m,altitude,"13.600000000000023",m,speed,"3.62",m/s,unknown,"0",,unknown,"100",,heart_rate,"91",bpm,cadence,"0",rpm,fractional_cadence,"0.0",rpm,enhanced_altitude,"13.600000000000023",m,enhanced_speed,"3.62",m/s,,,,,,,,,,,,,,,,,,,,,,,,,,,,,,,,,,,,,,,,,,,,,,,,,,,,,,,,,,,,,,,,,,,,,,,,,,,,,,,,,,,,,,,,,,,,,,,,,,,,,,,,,,,,,,,,,,,,,,,,,,,,,,,,,,,,,,,,,,,,,,,,,,,,,,,,,,,,,,,,,,,
Data,12,record,timestamp,"944856524",s,position_lat,"390318885",semicircles,position_long,"-1398262950",semicircles,distance,"5426.0",m,altitude,"13.600000000000023",m,speed,"3.648",m/s,unknown,"0",,unknown,"100",,heart_rate,"94",bpm,cadence,"0",rpm,fractional_cadence,"0.0",rpm,enhanced_altitude,"13.600000000000023",m,enhanced_speed,"3.648",m/s,,,,,,,,,,,,,,,,,,,,,,,,,,,,,,,,,,,,,,,,,,,,,,,,,,,,,,,,,,,,,,,,,,,,,,,,,,,,,,,,,,,,,,,,,,,,,,,,,,,,,,,,,,,,,,,,,,,,,,,,,,,,,,,,,,,,,,,,,,,,,,,,,,,,,,,,,,,,,,,,,,,
Data,12,record,timestamp,"944856526",s,position_lat,"390318915",semicircles,position_long,"-1398261956",semicircles,distance,"5433.81",m,altitude,"13.600000000000023",m,speed,"3.676",m/s,unknown,"0",,unknown,"100",,heart_rate,"97",bpm,cadence,"0",rpm,fractional_cadence,"0.0",rpm,enhanced_altitude,"13.600000000000023",m,enhanced_speed,"3.676",m/s,,,,,,,,,,,,,,,,,,,,,,,,,,,,,,,,,,,,,,,,,,,,,,,,,,,,,,,,,,,,,,,,,,,,,,,,,,,,,,,,,,,,,,,,,,,,,,,,,,,,,,,,,,,,,,,,,,,,,,,,,,,,,,,,,,,,,,,,,,,,,,,,,,,,,,,,,,,,,,,,,,,
Data,12,record,timestamp,"944856537",s,position_lat,"390319078",semicircles,position_long,"-1398256790",semicircles,distance,"5474.44",m,altitude,"13.600000000000023",m,speed,"3.564",m/s,unknown,"0",,unknown,"100",,heart_rate,"92",bpm,cadence,"0",rpm,fractional_cadence,"0.0",rpm,enhanced_altitude,"13.600000000000023",m,enhanced_speed,"3.564",m/s,,,,,,,,,,,,,,,,,,,,,,,,,,,,,,,,,,,,,,,,,,,,,,,,,,,,,,,,,,,,,,,,,,,,,,,,,,,,,,,,,,,,,,,,,,,,,,,,,,,,,,,,,,,,,,,,,,,,,,,,,,,,,,,,,,,,,,,,,,,,,,,,,,,,,,,,,,,,,,,,,,,
Data,12,record,timestamp,"944856538",s,position_lat,"390319091",semicircles,position_long,"-1398256330",semicircles,distance,"5478.06",m,altitude,"13.399999999999977",m,speed,"3.555",m/s,unknown,"0",,unknown,"100",,heart_rate,"95",bpm,cadence,"0",rpm,fractional_cadence,"0.0",rpm,enhanced_altitude,"13.399999999999977",m,enhanced_speed,"3.555",m/s,,,,,,,,,,,,,,,,,,,,,,,,,,,,,,,,,,,,,,,,,,,,,,,,,,,,,,,,,,,,,,,,,,,,,,,,,,,,,,,,,,,,,,,,,,,,,,,,,,,,,,,,,,,,,,,,,,,,,,,,,,,,,,,,,,,,,,,,,,,,,,,,,,,,,,,,,,,,,,,,,,,
Data,12,record,timestamp,"944856539",s,position_lat,"390319087",semicircles,position_long,"-1398255877",semicircles,distance,"5481.62",m,altitude,"13.399999999999977",m,speed,"3.536",m/s,unknown,"0",,unknown,"100",,heart_rate,"93",bpm,cadence,"0",rpm,fractional_cadence,"0.0",rpm,enhanced_altitude,"13.399999999999977",m,enhanced_speed,"3.536",m/s,,,,,,,,,,,,,,,,,,,,,,,,,,,,,,,,,,,,,,,,,,,,,,,,,,,,,,,,,,,,,,,,,,,,,,,,,,,,,,,,,,,,,,,,,,,,,,,,,,,,,,,,,,,,,,,,,,,,,,,,,,,,,,,,,,,,,,,,,,,,,,,,,,,,,,,,,,,,,,,,,,,
Data,12,record,timestamp,"944856544",s,position_lat,"390319189",semicircles,position_long,"-1398253663",semicircles,distance,"5499.05",m,altitude,"13.200000000000045",m,speed,"3.462",m/s,unknown,"0",,unknown,"100",,heart_rate,"97",bpm,cadence,"0",rpm,fractional_cadence,"0.0",rpm,enhanced_altitude,"13.200000000000045",m,enhanced_speed,"3.462",m/s,,,,,,,,,,,,,,,,,,,,,,,,,,,,,,,,,,,,,,,,,,,,,,,,,,,,,,,,,,,,,,,,,,,,,,,,,,,,,,,,,,,,,,,,,,,,,,,,,,,,,,,,,,,,,,,,,,,,,,,,,,,,,,,,,,,,,,,,,,,,,,,,,,,,,,,,,,,,,,,,,,,
Data,12,record,timestamp,"944856545",s,position_lat,"390319215",semicircles,position_long,"-1398253209",semicircles,distance,"5502.62",m,altitude,"13.200000000000045",m,speed,"3.462",m/s,unknown,"0",,unknown,"100",,heart_rate,"94",bpm,cadence,"61",rpm,fractional_cadence,"0.0",rpm,enhanced_altitude,"13.200000000000045",m,enhanced_speed,"3.462",m/s,,,,,,,,,,,,,,,,,,,,,,,,,,,,,,,,,,,,,,,,,,,,,,,,,,,,,,,,,,,,,,,,,,,,,,,,,,,,,,,,,,,,,,,,,,,,,,,,,,,,,,,,,,,,,,,,,,,,,,,,,,,,,,,,,,,,,,,,,,,,,,,,,,,,,,,,,,,,,,,,,,,
Data,12,record,timestamp,"944856551",s,position_lat,"390319370",semicircles,position_long,"-1398250689",semicircles,distance,"5522.46",m,altitude,"13.399999999999977",m,speed,"3.294",m/s,unknown,"0",,unknown,"100",,heart_rate,"97",bpm,cadence,"0",rpm,fractional_cadence,"0.0",rpm,enhanced_altitude,"13.399999999999977",m,enhanced_speed,"3.294",m/s,,,,,,,,,,,,,,,,,,,,,,,,,,,,,,,,,,,,,,,,,,,,,,,,,,,,,,,,,,,,,,,,,,,,,,,,,,,,,,,,,,,,,,,,,,,,,,,,,,,,,,,,,,,,,,,,,,,,,,,,,,,,,,,,,,,,,,,,,,,,,,,,,,,,,,,,,,,,,,,,,,,
Data,12,record,timestamp,"944856552",s,position_lat,"390319386",semicircles,position_long,"-1398250282",semicircles,distance,"5525.66",m,altitude,"13.399999999999977",m,speed,"3.294",m/s,unknown,"0",,unknown,"100",,heart_rate,"97",bpm,cadence,"0",rpm,fractional_cadence,"0.0",rpm,enhanced_altitude,"13.399999999999977",m,enhanced_speed,"3.294",m/s,,,,,,,,,,,,,,,,,,,,,,,,,,,,,,,,,,,,,,,,,,,,,,,,,,,,,,,,,,,,,,,,,,,,,,,,,,,,,,,,,,,,,,,,,,,,,,,,,,,,,,,,,,,,,,,,,,,,,,,,,,,,,,,,,,,,,,,,,,,,,,,,,,,,,,,,,,,,,,,,,,,
Data,12,record,timestamp,"944856554",s,position_lat,"390319420",semicircles,position_long,"-1398249434",semicircles,distance,"5532.33",m,altitude,"13.399999999999977",m,speed,"3.247",m/s,unknown,"0",,unknown,"100",,heart_rate,"100",bpm,cadence,"0",rpm,fractional_cadence,"0.0",rpm,enhanced_altitude,"13.399999999999977",m,enhanced_speed,"3.247",m/s,,,,,,,,,,,,,,,,,,,,,,,,,,,,,,,,,,,,,,,,,,,,,,,,,,,,,,,,,,,,,,,,,,,,,,,,,,,,,,,,,,,,,,,,,,,,,,,,,,,,,,,,,,,,,,,,,,,,,,,,,,,,,,,,,,,,,,,,,,,,,,,,,,,,,,,,,,,,,,,,,,,
Data,12,record,timestamp,"944856557",s,position_lat,"390319504",semicircles,position_long,"-1398248225",semicircles,distance,"5541.86",m,altitude,"13.399999999999977",m,speed,"3.172",m/s,unknown,"0",,unknown,"100",,heart_rate,"103",bpm,cadence,"0",rpm,fractional_cadence,"0.0",rpm,enhanced_altitude,"13.399999999999977",m,enhanced_speed,"3.172",m/s,,,,,,,,,,,,,,,,,,,,,,,,,,,,,,,,,,,,,,,,,,,,,,,,,,,,,,,,,,,,,,,,,,,,,,,,,,,,,,,,,,,,,,,,,,,,,,,,,,,,,,,,,,,,,,,,,,,,,,,,,,,,,,,,,,,,,,,,,,,,,,,,,,,,,,,,,,,,,,,,,,,
Data,12,record,timestamp,"944856564",s,position_lat,"390319686",semicircles,position_long,"-1398245439",semicircles,distance,"5563.84",m,altitude,"13.399999999999977",m,speed,"3.228",m/s,unknown,"0",,unknown,"100",,heart_rate,"106",bpm,cadence,"0",rpm,fractional_cadence,"0.0",rpm,enhanced_altitude,"13.399999999999977",m,enhanced_speed,"3.228",m/s,,,,,,,,,,,,,,,,,,,,,,,,,,,,,,,,,,,,,,,,,,,,,,,,,,,,,,,,,,,,,,,,,,,,,,,,,,,,,,,,,,,,,,,,,,,,,,,,,,,,,,,,,,,,,,,,,,,,,,,,,,,,,,,,,,,,,,,,,,,,,,,,,,,,,,,,,,,,,,,,,,,
Data,12,record,timestamp,"944856566",s,position_lat,"390319710",semicircles,position_long,"-1398244630",semicircles,distance,"5570.19",m,altitude,"13.399999999999977",m,speed,"3.219",m/s,unknown,"0",,unknown,"100",,heart_rate,"106",bpm,cadence,"0",rpm,fractional_cadence,"0.0",rpm,enhanced_altitude,"13.399999999999977",m,enhanced_speed,"3.219",m/s,,,,,,,,,,,,,,,,,,,,,,,,,,,,,,,,,,,,,,,,,,,,,,,,,,,,,,,,,,,,,,,,,,,,,,,,,,,,,,,,,,,,,,,,,,,,,,,,,,,,,,,,,,,,,,,,,,,,,,,,,,,,,,,,,,,,,,,,,,,,,,,,,,,,,,,,,,,,,,,,,,,
Data,12,record,timestamp,"944856569",s,position_lat,"390319624",semicircles,position_long,"-1398243288",semicircles,distance,"5580.72",m,altitude,"13.399999999999977",m,speed,"3.443",m/s,unknown,"0",,unknown,"100",,heart_rate,"109",bpm,cadence,"0",rpm,fractional_cadence,"0.0",rpm,enhanced_altitude,"13.399999999999977",m,enhanced_speed,"3.443",m/s,,,,,,,,,,,,,,,,,,,,,,,,,,,,,,,,,,,,,,,,,,,,,,,,,,,,,,,,,,,,,,,,,,,,,,,,,,,,,,,,,,,,,,,,,,,,,,,,,,,,,,,,,,,,,,,,,,,,,,,,,,,,,,,,,,,,,,,,,,,,,,,,,,,,,,,,,,,,,,,,,,,
Data,12,record,timestamp,"944856576",s,position_lat,"390319762",semicircles,position_long,"-1398240373",semicircles,distance,"5603.65",m,altitude,"13.399999999999977",m,speed,"3.322",m/s,unknown,"0",,unknown,"100",,heart_rate,"106",bpm,cadence,"0",rpm,fractional_cadence,"0.0",rpm,enhanced_altitude,"13.399999999999977",m,enhanced_speed,"3.322",m/s,,,,,,,,,,,,,,,,,,,,,,,,,,,,,,,,,,,,,,,,,,,,,,,,,,,,,,,,,,,,,,,,,,,,,,,,,,,,,,,,,,,,,,,,,,,,,,,,,,,,,,,,,,,,,,,,,,,,,,,,,,,,,,,,,,,,,,,,,,,,,,,,,,,,,,,,,,,,,,,,,,,
Data,12,record,timestamp,"944856590",s,position_lat,"390320011",semicircles,position_long,"-1398234098",semicircles,distance,"5653.03",m,altitude,"13.399999999999977",m,speed,"3.555",m/s,unknown,"0",,unknown,"100",,heart_rate,"104",bpm,cadence,"0",rpm,fractional_cadence,"0.0",rpm,enhanced_altitude,"13.399999999999977",m,enhanced_speed,"3.555",m/s,,,,,,,,,,,,,,,,,,,,,,,,,,,,,,,,,,,,,,,,,,,,,,,,,,,,,,,,,,,,,,,,,,,,,,,,,,,,,,,,,,,,,,,,,,,,,,,,,,,,,,,,,,,,,,,,,,,,,,,,,,,,,,,,,,,,,,,,,,,,,,,,,,,,,,,,,,,,,,,,,,,
Data,12,record,timestamp,"944856602",s,position_lat,"390320544",semicircles,position_long,"-1398228813",semicircles,distance,"5694.87",m,altitude,"13.399999999999977",m,speed,"3.508",m/s,unknown,"0",,unknown,"100",,heart_rate,"101",bpm,cadence,"0",rpm,fractional_cadence,"0.0",rpm,enhanced_altitude,"13.399999999999977",m,enhanced_speed,"3.508",m/s,,,,,,,,,,,,,,,,,,,,,,,,,,,,,,,,,,,,,,,,,,,,,,,,,,,,,,,,,,,,,,,,,,,,,,,,,,,,,,,,,,,,,,,,,,,,,,,,,,,,,,,,,,,,,,,,,,,,,,,,,,,,,,,,,,,,,,,,,,,,,,,,,,,,,,,,,,,,,,,,,,,
Data,12,record,timestamp,"944856605",s,position_lat,"390320644",semicircles,position_long,"-1398227485",semicircles,distance,"5705.34",m,altitude,"13.399999999999977",m,speed,"3.499",m/s,unknown,"0",,unknown,"100",,heart_rate,"101",bpm,cadence,"0",rpm,fractional_cadence,"0.0",rpm,enhanced_altitude,"13.399999999999977",m,enhanced_speed,"3.499",m/s,,,,,,,,,,,,,,,,,,,,,,,,,,,,,,,,,,,,,,,,,,,,,,,,,,,,,,,,,,,,,,,,,,,,,,,,,,,,,,,,,,,,,,,,,,,,,,,,,,,,,,,,,,,,,,,,,,,,,,,,,,,,,,,,,,,,,,,,,,,,,,,,,,,,,,,,,,,,,,,,,,,
Data,12,record,timestamp,"944856617",s,position_lat,"390321370",semicircles,position_long,"-1398222256",semicircles,distance,"5746.97",m,altitude,"13.600000000000023",m,speed,"3.434",m/s,unknown,"0",,unknown,"100",,heart_rate,"98",bpm,cadence,"0",rpm,fractional_cadence,"0.0",rpm,enhanced_altitude,"13.600000000000023",m,enhanced_speed,"3.434",m/s,,,,,,,,,,,,,,,,,,,,,,,,,,,,,,,,,,,,,,,,,,,,,,,,,,,,,,,,,,,,,,,,,,,,,,,,,,,,,,,,,,,,,,,,,,,,,,,,,,,,,,,,,,,,,,,,,,,,,,,,,,,,,,,,,,,,,,,,,,,,,,,,,,,,,,,,,,,,,,,,,,,
Data,12,record,timestamp,"944856624",s,position_lat,"390321774",semicircles,position_long,"-1398219289",semicircles,distance,"5770.59",m,altitude,"13.600000000000023",m,speed,"3.527",m/s,unknown,"0",,unknown,"100",,heart_rate,"97",bpm,cadence,"0",rpm,fractional_cadence,"0.0",rpm,enhanced_altitude,"13.600000000000023",m,enhanced_speed,"3.527",m/s,,,,,,,,,,,,,,,,,,,,,,,,,,,,,,,,,,,,,,,,,,,,,,,,,,,,,,,,,,,,,,,,,,,,,,,,,,,,,,,,,,,,,,,,,,,,,,,,,,,,,,,,,,,,,,,,,,,,,,,,,,,,,,,,,,,,,,,,,,,,,,,,,,,,,,,,,,,,,,,,,,,
Data,12,record,timestamp,"944856634",s,position_lat,"390321997",semicircles,position_long,"-1398214892",semicircles,distance,"5805.19",m,altitude,"13.600000000000023",m,speed,"3.574",m/s,unknown,"0",,unknown,"100",,heart_rate,"93",bpm,cadence,"0",rpm,fractional_cadence,"0.0",rpm,enhanced_altitude,"13.600000000000023",m,enhanced_speed,"3.574",m/s,,,,,,,,,,,,,,,,,,,,,,,,,,,,,,,,,,,,,,,,,,,,,,,,,,,,,,,,,,,,,,,,,,,,,,,,,,,,,,,,,,,,,,,,,,,,,,,,,,,,,,,,,,,,,,,,,,,,,,,,,,,,,,,,,,,,,,,,,,,,,,,,,,,,,,,,,,,,,,,,,,,
Data,12,record,timestamp,"944856638",s,position_lat,"390322180",semicircles,position_long,"-1398213159",semicircles,distance,"5818.9",m,altitude,"13.600000000000023",m,speed,"3.452",m/s,unknown,"0",,unknown,"100",,heart_rate,"93",bpm,cadence,"0",rpm,fractional_cadence,"0.0",rpm,enhanced_altitude,"13.600000000000023",m,enhanced_speed,"3.452",m/s,,,,,,,,,,,,,,,,,,,,,,,,,,,,,,,,,,,,,,,,,,,,,,,,,,,,,,,,,,,,,,,,,,,,,,,,,,,,,,,,,,,,,,,,,,,,,,,,,,,,,,,,,,,,,,,,,,,,,,,,,,,,,,,,,,,,,,,,,,,,,,,,,,,,,,,,,,,,,,,,,,,
Data,12,record,timestamp,"944856647",s,position_lat,"390322635",semicircles,position_long,"-1398209393",semicircles,distance,"5848.8",m,altitude,"13.399999999999977",m,speed,"3.256",m/s,unknown,"0",,unknown,"100",,heart_rate,"90",bpm,cadence,"0",rpm,fractional_cadence,"0.0",rpm,enhanced_altitude,"13.399999999999977",m,enhanced_speed,"3.256",m/s,,,,,,,,,,,,,,,,,,,,,,,,,,,,,,,,,,,,,,,,,,,,,,,,,,,,,,,,,,,,,,,,,,,,,,,,,,,,,,,,,,,,,,,,,,,,,,,,,,,,,,,,,,,,,,,,,,,,,,,,,,,,,,,,,,,,,,,,,,,,,,,,,,,,,,,,,,,,,,,,,,,
Data,12,record,timestamp,"944856652",s,position_lat,"390322762",semicircles,position_long,"-1398207383",semicircles,distance,"5864.63",m,altitude,"13.399999999999977",m,speed,"3.144",m/s,unknown,"0",,unknown,"100",,heart_rate,"90",bpm,cadence,"0",rpm,fractional_cadence,"0.0",rpm,enhanced_altitude,"13.399999999999977",m,enhanced_speed,"3.144",m/s,,,,,,,,,,,,,,,,,,,,,,,,,,,,,,,,,,,,,,,,,,,,,,,,,,,,,,,,,,,,,,,,,,,,,,,,,,,,,,,,,,,,,,,,,,,,,,,,,,,,,,,,,,,,,,,,,,,,,,,,,,,,,,,,,,,,,,,,,,,,,,,,,,,,,,,,,,,,,,,,,,,
Data,12,record,timestamp,"944856660",s,position_lat,"390323010",semicircles,position_long,"-1398204370",semicircles,distance,"5888.43",m,altitude,"13.200000000000045",m,speed,"2.846",m/s,unknown,"0",,unknown,"100",,heart_rate,"93",bpm,cadence,"0",rpm,fractional_cadence,"0.0",rpm,enhanced_altitude,"13.200000000000045",m,enhanced_speed,"2.846",m/s,,,,,,,,,,,,,,,,,,,,,,,,,,,,,,,,,,,,,,,,,,,,,,,,,,,,,,,,,,,,,,,,,,,,,,,,,,,,,,,,,,,,,,,,,,,,,,,,,,,,,,,,,,,,,,,,,,,,,,,,,,,,,,,,,,,,,,,,,,,,,,,,,,,,,,,,,,,,,,,,,,,
Data,12,record,timestamp,"944856663",s,position_lat,"390323036",semicircles,position_long,"-1398203334",semicircles,distance,"5896.54",m,altitude,"13.200000000000045",m,speed,"2.883",m/s,unknown,"0",,unknown,"100",,heart_rate,"90",bpm,cadence,"0",rpm,fractional_cadence,"0.0",rpm,enhanced_altitude,"13.200000000000045",m,enhanced_speed,"2.883",m/s,,,,,,,,,,,,,,,,,,,,,,,,,,,,,,,,,,,,,,,,,,,,,,,,,,,,,,,,,,,,,,,,,,,,,,,,,,,,,,,,,,,,,,,,,,,,,,,,,,,,,,,,,,,,,,,,,,,,,,,,,,,,,,,,,,,,,,,,,,,,,,,,,,,,,,,,,,,,,,,,,,,
Data,12,record,timestamp,"944856665",s,position_lat,"390323079",semicircles,position_long,"-1398202608",semicircles,distance,"5902.26",m,altitude,"13.200000000000045",m,speed,"2.855",m/s,unknown,"0",,unknown,"300",,heart_rate,"87",bpm,cadence,"0",rpm,fractional_cadence,"0.0",rpm,enhanced_altitude,"13.200000000000045",m,enhanced_speed,"2.855",m/s,,,,,,,,,,,,,,,,,,,,,,,,,,,,,,,,,,,,,,,,,,,,,,,,,,,,,,,,,,,,,,,,,,,,,,,,,,,,,,,,,,,,,,,,,,,,,,,,,,,,,,,,,,,,,,,,,,,,,,,,,,,,,,,,,,,,,,,,,,,,,,,,,,,,,,,,,,,,,,,,,,,
Data,12,record,timestamp,"944856666",s,position_lat,"390323091",semicircles,position_long,"-1398202221",semicircles,distance,"5905.29",m,altitude,"13.200000000000045",m,speed,"2.865",m/s,unknown,"0",,unknown,"300",,heart_rate,"91",bpm,cadence,"0",rpm,fractional_cadence,"0.0",rpm,enhanced_altitude,"13.200000000000045",m,enhanced_speed,"2.865",m/s,,,,,,,,,,,,,,,,,,,,,,,,,,,,,,,,,,,,,,,,,,,,,,,,,,,,,,,,,,,,,,,,,,,,,,,,,,,,,,,,,,,,,,,,,,,,,,,,,,,,,,,,,,,,,,,,,,,,,,,,,,,,,,,,,,,,,,,,,,,,,,,,,,,,,,,,,,,,,,,,,,,
Data,12,record,timestamp,"944856668",s,position_lat,"390323216",semicircles,position_long,"-1398201467",semicircles,distance,"5911.33",m,altitude,"13.200000000000045",m,speed,"2.93",m/s,unknown,"0",,unknown,"100",,heart_rate,"88",bpm,cadence,"0",rpm,fractional_cadence,"0.0",rpm,enhanced_altitude,"13.200000000000045",m,enhanced_speed,"2.93",m/s,,,,,,,,,,,,,,,,,,,,,,,,,,,,,,,,,,,,,,,,,,,,,,,,,,,,,,,,,,,,,,,,,,,,,,,,,,,,,,,,,,,,,,,,,,,,,,,,,,,,,,,,,,,,,,,,,,,,,,,,,,,,,,,,,,,,,,,,,,,,,,,,,,,,,,,,,,,,,,,,,,,
Data,12,record,timestamp,"944856680",s,position_lat,"390323686",semicircles,position_long,"-1398197057",semicircles,distance,"5946.26",m,altitude,"13.399999999999977",m,speed,"2.865",m/s,unknown,"0",,unknown,"100",,heart_rate,"90",bpm,cadence,"0",rpm,fractional_cadence,"0.0",rpm,enhanced_altitude,"13.399999999999977",m,enhanced_speed,"2.865",m/s,,,,,,,,,,,,,,,,,,,,,,,,,,,,,,,,,,,,,,,,,,,,,,,,,,,,,,,,,,,,,,,,,,,,,,,,,,,,,,,,,,,,,,,,,,,,,,,,,,,,,,,,,,,,,,,,,,,,,,,,,,,,,,,,,,,,,,,,,,,,,,,,,,,,,,,,,,,,,,,,,,,
Data,12,record,timestamp,"944856685",s,position_lat,"390324047",semicircles,position_long,"-1398195076",semicircles,distance,"5962.19",m,altitude,"13.399999999999977",m,speed,"3.126",m/s,unknown,"0",,unknown,"100",,heart_rate,"87",bpm,cadence,"0",rpm,fractional_cadence,"0.0",rpm,enhanced_altitude,"13.399999999999977",m,enhanced_speed,"3.126",m/s,,,,,,,,,,,,,,,,,,,,,,,,,,,,,,,,,,,,,,,,,,,,,,,,,,,,,,,,,,,,,,,,,,,,,,,,,,,,,,,,,,,,,,,,,,,,,,,,,,,,,,,,,,,,,,,,,,,,,,,,,,,,,,,,,,,,,,,,,,,,,,,,,,,,,,,,,,,,,,,,,,,
Data,12,record,timestamp,"944856691",s,position_lat,"390324503",semicircles,position_long,"-1398192691",semicircles,distance,"5981.39",m,altitude,"13.399999999999977",m,speed,"3.163",m/s,unknown,"0",,unknown,"100",,heart_rate,"91",bpm,cadence,"0",rpm,fractional_cadence,"0.0",rpm,enhanced_altitude,"13.399999999999977",m,enhanced_speed,"3.163",m/s,,,,,,,,,,,,,,,,,,,,,,,,,,,,,,,,,,,,,,,,,,,,,,,,,,,,,,,,,,,,,,,,,,,,,,,,,,,,,,,,,,,,,,,,,,,,,,,,,,,,,,,,,,,,,,,,,,,,,,,,,,,,,,,,,,,,,,,,,,,,,,,,,,,,,,,,,,,,,,,,,,,
Data,12,record,timestamp,"944856692",s,position_lat,"390324538",semicircles,position_long,"-1398192281",semicircles,distance,"5984.63",m,altitude,"13.200000000000045",m,speed,"3.154",m/s,unknown,"0",,unknown,"100",,heart_rate,"88",bpm,cadence,"0",rpm,fractional_cadence,"0.0",rpm,enhanced_altitude,"13.200000000000045",m,enhanced_speed,"3.154",m/s,,,,,,,,,,,,,,,,,,,,,,,,,,,,,,,,,,,,,,,,,,,,,,,,,,,,,,,,,,,,,,,,,,,,,,,,,,,,,,,,,,,,,,,,,,,,,,,,,,,,,,,,,,,,,,,,,,,,,,,,,,,,,,,,,,,,,,,,,,,,,,,,,,,,,,,,,,,,,,,,,,,
Data,12,record,timestamp,"944856694",s,position_lat,"390324646",semicircles,position_long,"-1398191454",semicircles,distance,"5991.2",m,altitude,"13.200000000000045",m,speed,"3.163",m/s,unknown,"0",,unknown,"100",,heart_rate,"84",bpm,cadence,"0",rpm,fractional_cadence,"0.0",rpm,enhanced_altitude,"13.200000000000045",m,enhanced_speed,"3.163",m/s,,,,,,,,,,,,,,,,,,,,,,,,,,,,,,,,,,,,,,,,,,,,,,,,,,,,,,,,,,,,,,,,,,,,,,,,,,,,,,,,,,,,,,,,,,,,,,,,,,,,,,,,,,,,,,,,,,,,,,,,,,,,,,,,,,,,,,,,,,,,,,,,,,,,,,,,,,,,,,,,,,,
Data,12,record,timestamp,"944856696",s,position_lat,"390324720",semicircles,position_long,"-1398190618",semicircles,distance,"5997.8",m,altitude,"13.200000000000045",m,speed,"3.154",m/s,unknown,"0",,unknown,"100",,heart_rate,"87",bpm,cadence,"0",rpm,fractional_cadence,"0.0",rpm,enhanced_altitude,"13.200000000000045",m,enhanced_speed,"3.154",m/s,,,,,,,,,,,,,,,,,,,,,,,,,,,,,,,,,,,,,,,,,,,,,,,,,,,,,,,,,,,,,,,,,,,,,,,,,,,,,,,,,,,,,,,,,,,,,,,,,,,,,,,,,,,,,,,,,,,,,,,,,,,,,,,,,,,,,,,,,,,,,,,,,,,,,,,,,,,,,,,,,,,
Data,12,record,timestamp,"944856707",s,position_lat,"390325182",semicircles,position_long,"-1398186247",semicircles,distance,"6032.43",m,altitude,"13.200000000000045",m,speed,"2.967",m/s,unknown,"0",,unknown,"100",,heart_rate,"85",bpm,cadence,"0",rpm,fractional_cadence,"0.0",rpm,enhanced_altitude,"13.200000000000045",m,enhanced_speed,"2.967",m/s,,,,,,,,,,,,,,,,,,,,,,,,,,,,,,,,,,,,,,,,,,,,,,,,,,,,,,,,,,,,,,,,,,,,,,,,,,,,,,,,,,,,,,,,,,,,,,,,,,,,,,,,,,,,,,,,,,,,,,,,,,,,,,,,,,,,,,,,,,,,,,,,,,,,,,,,,,,,,,,,,,,
Data,12,record,timestamp,"944856718",s,position_lat,"390325609",semicircles,position_long,"-1398181911",semicircles,distance,"6066.72",m,altitude,"13.200000000000045",m,speed,"3.032",m/s,unknown,"0",,unknown,"100",,heart_rate,"87",bpm,cadence,"0",rpm,fractional_cadence,"0.0",rpm,enhanced_altitude,"13.200000000000045",m,enhanced_speed,"3.032",m/s,,,,,,,,,,,,,,,,,,,,,,,,,,,,,,,,,,,,,,,,,,,,,,,,,,,,,,,,,,,,,,,,,,,,,,,,,,,,,,,,,,,,,,,,,,,,,,,,,,,,,,,,,,,,,,,,,,,,,,,,,,,,,,,,,,,,,,,,,,,,,,,,,,,,,,,,,,,,,,,,,,,
Data,12,record,timestamp,"944856720",s,position_lat,"390325775",semicircles,position_long,"-1398181184",semicircles,distance,"6072.65",m,altitude,"13.200000000000045",m,speed,"2.958",m/s,unknown,"0",,unknown,"100",,heart_rate,"91",bpm,cadence,"0",rpm,fractional_cadence,"0.0",rpm,enhanced_altitude,"13.200000000000045",m,enhanced_speed,"2.958",m/s,,,,,,,,,,,,,,,,,,,,,,,,,,,,,,,,,,,,,,,,,,,,,,,,,,,,,,,,,,,,,,,,,,,,,,,,,,,,,,,,,,,,,,,,,,,,,,,,,,,,,,,,,,,,,,,,,,,,,,,,,,,,,,,,,,,,,,,,,,,,,,,,,,,,,,,,,,,,,,,,,,,
Data,12,record,timestamp,"944856724",s,position_lat,"390325983",semicircles,position_long,"-1398179703",semicircles,distance,"6084.41",m,altitude,"13.200000000000045",m,speed,"2.93",m/s,unknown,"0",,unknown,"100",,heart_rate,"96",bpm,cadence,"0",rpm,fractional_cadence,"0.0",rpm,enhanced_altitude,"13.200000000000045",m,enhanced_speed,"2.93",m/s,,,,,,,,,,,,,,,,,,,,,,,,,,,,,,,,,,,,,,,,,,,,,,,,,,,,,,,,,,,,,,,,,,,,,,,,,,,,,,,,,,,,,,,,,,,,,,,,,,,,,,,,,,,,,,,,,,,,,,,,,,,,,,,,,,,,,,,,,,,,,,,,,,,,,,,,,,,,,,,,,,,
Data,12,record,timestamp,"944856727",s,position_lat,"390326173",semicircles,position_long,"-1398178551",semicircles,distance,"6093.64",m,altitude,"13.200000000000045",m,speed,"2.958",m/s,unknown,"0",,unknown,"100",,heart_rate,"100",bpm,cadence,"0",rpm,fractional_cadence,"0.0",rpm,enhanced_altitude,"13.200000000000045",m,enhanced_speed,"2.958",m/s,,,,,,,,,,,,,,,,,,,,,,,,,,,,,,,,,,,,,,,,,,,,,,,,,,,,,,,,,,,,,,,,,,,,,,,,,,,,,,,,,,,,,,,,,,,,,,,,,,,,,,,,,,,,,,,,,,,,,,,,,,,,,,,,,,,,,,,,,,,,,,,,,,,,,,,,,,,,,,,,,,,
Data,12,record,timestamp,"944856733",s,position_lat,"390326670",semicircles,position_long,"-1398176205",semicircles,distance,"6112.63",m,altitude,"13.200000000000045",m,speed,"3.191",m/s,unknown,"0",,unknown,"100",,heart_rate,"98",bpm,cadence,"0",rpm,fractional_cadence,"0.0",rpm,enhanced_altitude,"13.200000000000045",m,enhanced_speed,"3.191",m/s,,,,,,,,,,,,,,,,,,,,,,,,,,,,,,,,,,,,,,,,,,,,,,,,,,,,,,,,,,,,,,,,,,,,,,,,,,,,,,,,,,,,,,,,,,,,,,,,,,,,,,,,,,,,,,,,,,,,,,,,,,,,,,,,,,,,,,,,,,,,,,,,,,,,,,,,,,,,,,,,,,,
Data,12,record,timestamp,"944856746",s,position_lat,"390327919",semicircles,position_long,"-1398170769",semicircles,distance,"6156.98",m,altitude,"13.399999999999977",m,speed,"3.21",m/s,unknown,"0",,unknown,"100",,heart_rate,"94",bpm,cadence,"0",rpm,fractional_cadence,"0.0",rpm,enhanced_altitude,"13.399999999999977",m,enhanced_speed,"3.21",m/s,,,,,,,,,,,,,,,,,,,,,,,,,,,,,,,,,,,,,,,,,,,,,,,,,,,,,,,,,,,,,,,,,,,,,,,,,,,,,,,,,,,,,,,,,,,,,,,,,,,,,,,,,,,,,,,,,,,,,,,,,,,,,,,,,,,,,,,,,,,,,,,,,,,,,,,,,,,,,,,,,,,
Data,12,record,timestamp,"944856752",s,position_lat,"390328105",semicircles,position_long,"-1398168526",semicircles,distance,"6174.72",m,altitude,"13.399999999999977",m,speed,"2.921",m/s,unknown,"0",,unknown,"100",,heart_rate,"97",bpm,cadence,"0",rpm,fractional_cadence,"0.0",rpm,enhanced_altitude,"13.399999999999977",m,enhanced_speed,"2.921",m/s,,,,,,,,,,,,,,,,,,,,,,,,,,,,,,,,,,,,,,,,,,,,,,,,,,,,,,,,,,,,,,,,,,,,,,,,,,,,,,,,,,,,,,,,,,,,,,,,,,,,,,,,,,,,,,,,,,,,,,,,,,,,,,,,,,,,,,,,,,,,,,,,,,,,,,,,,,,,,,,,,,,
Data,12,record,timestamp,"944856758",s,position_lat,"390328049",semicircles,position_long,"-1398166364",semicircles,distance,"6191.69",m,altitude,"13.200000000000045",m,speed,"2.846",m/s,unknown,"0",,unknown,"100",,heart_rate,"99",bpm,cadence,"0",rpm,fractional_cadence,"0.0",rpm,enhanced_altitude,"13.200000000000045",m,enhanced_speed,"2.846",m/s,,,,,,,,,,,,,,,,,,,,,,,,,,,,,,,,,,,,,,,,,,,,,,,,,,,,,,,,,,,,,,,,,,,,,,,,,,,,,,,,,,,,,,,,,,,,,,,,,,,,,,,,,,,,,,,,,,,,,,,,,,,,,,,,,,,,,,,,,,,,,,,,,,,,,,,,,,,,,,,,,,,
Data,12,record,timestamp,"944856762",s,position_lat,"390327968",semicircles,position_long,"-1398164866",semicircles,distance,"6203.47",m,altitude,"13.200000000000045",m,speed,"2.93",m/s,unknown,"0",,unknown,"100",,heart_rate,"103",bpm,cadence,"0",rpm,fractional_cadence,"0.0",rpm,enhanced_altitude,"13.200000000000045",m,enhanced_speed,"2.93",m/s,,,,,,,,,,,,,,,,,,,,,,,,,,,,,,,,,,,,,,,,,,,,,,,,,,,,,,,,,,,,,,,,,,,,,,,,,,,,,,,,,,,,,,,,,,,,,,,,,,,,,,,,,,,,,,,,,,,,,,,,,,,,,,,,,,,,,,,,,,,,,,,,,,,,,,,,,,,,,,,,,,,
Data,12,record,timestamp,"944856769",s,position_lat,"390327651",semicircles,position_long,"-1398162099",semicircles,distance,"6225.39",m,altitude,"13.200000000000045",m,speed,"3.023",m/s,unknown,"0",,unknown,"100",,heart_rate,"99",bpm,cadence,"0",rpm,fractional_cadence,"0.0",rpm,enhanced_altitude,"13.200000000000045",m,enhanced_speed,"3.023",m/s,,,,,,,,,,,,,,,,,,,,,,,,,,,,,,,,,,,,,,,,,,,,,,,,,,,,,,,,,,,,,,,,,,,,,,,,,,,,,,,,,,,,,,,,,,,,,,,,,,,,,,,,,,,,,,,,,,,,,,,,,,,,,,,,,,,,,,,,,,,,,,,,,,,,,,,,,,,,,,,,,,,
Data,12,record,timestamp,"944856770",s,position_lat,"390327598",semicircles,position_long,"-1398161717",semicircles,distance,"6228.43",m,altitude,"13.200000000000045",m,speed,"2.967",m/s,unknown,"0",,unknown,"100",,heart_rate,"102",bpm,cadence,"0",rpm,fractional_cadence,"0.0",rpm,enhanced_altitude,"13.200000000000045",m,enhanced_speed,"2.967",m/s,,,,,,,,,,,,,,,,,,,,,,,,,,,,,,,,,,,,,,,,,,,,,,,,,,,,,,,,,,,,,,,,,,,,,,,,,,,,,,,,,,,,,,,,,,,,,,,,,,,,,,,,,,,,,,,,,,,,,,,,,,,,,,,,,,,,,,,,,,,,,,,,,,,,,,,,,,,,,,,,,,,
Data,12,record,timestamp,"944856772",s,position_lat,"390327485",semicircles,position_long,"-1398160979",semicircles,distance,"6234.31",m,altitude,"13.200000000000045",m,speed,"2.911",m/s,unknown,"0",,unknown,"100",,heart_rate,"101",bpm,cadence,"0",rpm,fractional_cadence,"0.0",rpm,enhanced_altitude,"13.200000000000045",m,enhanced_speed,"2.911",m/s,,,,,,,,,,,,,,,,,,,,,,,,,,,,,,,,,,,,,,,,,,,,,,,,,,,,,,,,,,,,,,,,,,,,,,,,,,,,,,,,,,,,,,,,,,,,,,,,,,,,,,,,,,,,,,,,,,,,,,,,,,,,,,,,,,,,,,,,,,,,,,,,,,,,,,,,,,,,,,,,,,,
Data,12,record,timestamp,"944856778",s,position_lat,"390327043",semicircles,position_long,"-1398158967",semicircles,distance,"6250.62",m,altitude,"13.399999999999977",m,speed,"2.725",m/s,unknown,"0",,unknown,"100",,heart_rate,"98",bpm,cadence,"0",rpm,fractional_cadence,"0.0",rpm,enhanced_altitude,"13.399999999999977",m,enhanced_speed,"2.725",m/s,,,,,,,,,,,,,,,,,,,,,,,,,,,,,,,,,,,,,,,,,,,,,,,,,,,,,,,,,,,,,,,,,,,,,,,,,,,,,,,,,,,,,,,,,,,,,,,,,,,,,,,,,,,,,,,,,,,,,,,,,,,,,,,,,,,,,,,,,,,,,,,,,,,,,,,,,,,,,,,,,,,
Data,12,record,timestamp,"944856785",s,position_lat,"390326589",semicircles,position_long,"-1398156835",semicircles,distance,"6267.88",m,altitude,"13.399999999999977",m,speed,"2.398",m/s,unknown,"0",,unknown,"100",,heart_rate,"97",bpm,cadence,"0",rpm,fractional_cadence,"0.0",rpm,enhanced_altitude,"13.399999999999977",m,enhanced_speed,"2.398",m/s,,,,,,,,,,,,,,,,,,,,,,,,,,,,,,,,,,,,,,,,,,,,,,,,,,,,,,,,,,,,,,,,,,,,,,,,,,,,,,,,,,,,,,,,,,,,,,,,,,,,,,,,,,,,,,,,,,,,,,,,,,,,,,,,,,,,,,,,,,,,,,,,,,,,,,,,,,,,,,,,,,,
Data,12,record,timestamp,"944856797",s,position_lat,"390326040",semicircles,position_long,"-1398153249",semicircles,distance,"6296.56",m,altitude,"13.399999999999977",m,speed,"2.463",m/s,unknown,"0",,unknown,"100",,heart_rate,"93",bpm,cadence,"0",rpm,fractional_cadence,"0.0",rpm,enhanced_altitude,"13.399999999999977",m,enhanced_speed,"2.463",m/s,,,,,,,,,,,,,,,,,,,,,,,,,,,,,,,,,,,,,,,,,,,,,,,,,,,,,,,,,,,,,,,,,,,,,,,,,,,,,,,,,,,,,,,,,,,,,,,,,,,,,,,,,,,,,,,,,,,,,,,,,,,,,,,,,,,,,,,,,,,,,,,,,,,,,,,,,,,,,,,,,,,
Data,12,record,timestamp,"944856801",s,position_lat,"390325956",semicircles,position_long,"-1398151969",semicircles,distance,"6306.66",m,altitude,"13.200000000000045",m,speed,"2.323",m/s,unknown,"0",,unknown,"100",,heart_rate,"92",bpm,cadence,"0",rpm,fractional_cadence,"0.0",rpm,enhanced_altitude,"13.200000000000045",m,enhanced_speed,"2.323",m/s,,,,,,,,,,,,,,,,,,,,,,,,,,,,,,,,,,,,,,,,,,,,,,,,,,,,,,,,,,,,,,,,,,,,,,,,,,,,,,,,,,,,,,,,,,,,,,,,,,,,,,,,,,,,,,,,,,,,,,,,,,,,,,,,,,,,,,,,,,,,,,,,,,,,,,,,,,,,,,,,,,,
Data,12,record,timestamp,"944856812",s,position_lat,"390325759",semicircles,position_long,"-1398148407",semicircles,distance,"6334.73",m,altitude,"13.399999999999977",m,speed,"2.501",m/s,unknown,"0",,unknown,"100",,heart_rate,"92",bpm,cadence,"0",rpm,fractional_cadence,"0.0",rpm,enhanced_altitude,"13.399999999999977",m,enhanced_speed,"2.501",m/s,,,,,,,,,,,,,,,,,,,,,,,,,,,,,,,,,,,,,,,,,,,,,,,,,,,,,,,,,,,,,,,,,,,,,,,,,,,,,,,,,,,,,,,,,,,,,,,,,,,,,,,,,,,,,,,,,,,,,,,,,,,,,,,,,,,,,,,,,,,,,,,,,,,,,,,,,,,,,,,,,,,
Data,12,record,timestamp,"944856814",s,position_lat,"390325757",semicircles,position_long,"-1398147715",semicircles,distance,"6340.17",m,altitude,"13.399999999999977",m,speed,"2.575",m/s,unknown,"0",,unknown,"100",,heart_rate,"95",bpm,cadence,"0",rpm,fractional_cadence,"0.0",rpm,enhanced_altitude,"13.399999999999977",m,enhanced_speed,"2.575",m/s,,,,,,,,,,,,,,,,,,,,,,,,,,,,,,,,,,,,,,,,,,,,,,,,,,,,,,,,,,,,,,,,,,,,,,,,,,,,,,,,,,,,,,,,,,,,,,,,,,,,,,,,,,,,,,,,,,,,,,,,,,,,,,,,,,,,,,,,,,,,,,,,,,,,,,,,,,,,,,,,,,,
Data,12,record,timestamp,"944856817",s,position_lat,"390325814",semicircles,position_long,"-1398146610",semicircles,distance,"6348.86",m,altitude,"13.399999999999977",m,speed,"2.781",m/s,unknown,"0",,unknown,"100",,heart_rate,"98",bpm,cadence,"0",rpm,fractional_cadence,"0.0",rpm,enhanced_altitude,"13.399999999999977",m,enhanced_speed,"2.781",m/s,,,,,,,,,,,,,,,,,,,,,,,,,,,,,,,,,,,,,,,,,,,,,,,,,,,,,,,,,,,,,,,,,,,,,,,,,,,,,,,,,,,,,,,,,,,,,,,,,,,,,,,,,,,,,,,,,,,,,,,,,,,,,,,,,,,,,,,,,,,,,,,,,,,,,,,,,,,,,,,,,,,
Data,12,record,timestamp,"944856819",s,position_lat,"390325895",semicircles,position_long,"-1398145807",semicircles,distance,"6355.21",m,altitude,"13.399999999999977",m,speed,"2.921",m/s,unknown,"0",,unknown,"100",,heart_rate,"101",bpm,cadence,"0",rpm,fractional_cadence,"0.0",rpm,enhanced_altitude,"13.399999999999977",m,enhanced_speed,"2.921",m/s,,,,,,,,,,,,,,,,,,,,,,,,,,,,,,,,,,,,,,,,,,,,,,,,,,,,,,,,,,,,,,,,,,,,,,,,,,,,,,,,,,,,,,,,,,,,,,,,,,,,,,,,,,,,,,,,,,,,,,,,,,,,,,,,,,,,,,,,,,,,,,,,,,,,,,,,,,,,,,,,,,,
Data,12,record,timestamp,"944856825",s,position_lat,"390326202",semicircles,position_long,"-1398143477",semicircles,distance,"6373.7",m,altitude,"13.399999999999977",m,speed,"3.004",m/s,unknown,"0",,unknown,"100",,heart_rate,"101",bpm,cadence,"0",rpm,fractional_cadence,"0.0",rpm,enhanced_altitude,"13.399999999999977",m,enhanced_speed,"3.004",m/s,,,,,,,,,,,,,,,,,,,,,,,,,,,,,,,,,,,,,,,,,,,,,,,,,,,,,,,,,,,,,,,,,,,,,,,,,,,,,,,,,,,,,,,,,,,,,,,,,,,,,,,,,,,,,,,,,,,,,,,,,,,,,,,,,,,,,,,,,,,,,,,,,,,,,,,,,,,,,,,,,,,
Data,12,record,timestamp,"944856831",s,position_lat,"390326162",semicircles,position_long,"-1398141219",semicircles,distance,"6391.52",m,altitude,"13.399999999999977",m,speed,"2.986",m/s,unknown,"0",,unknown,"100",,heart_rate,"97",bpm,cadence,"0",rpm,fractional_cadence,"0.0",rpm,enhanced_altitude,"13.399999999999977",m,enhanced_speed,"2.986",m/s,,,,,,,,,,,,,,,,,,,,,,,,,,,,,,,,,,,,,,,,,,,,,,,,,,,,,,,,,,,,,,,,,,,,,,,,,,,,,,,,,,,,,,,,,,,,,,,,,,,,,,,,,,,,,,,,,,,,,,,,,,,,,,,,,,,,,,,,,,,,,,,,,,,,,,,,,,,,,,,,,,,
Data,12,record,timestamp,"944856836",s,position_lat,"390325911",semicircles,position_long,"-1398139177",semicircles,distance,"6407.74",m,altitude,"13.399999999999977",m,speed,"3.238",m/s,unknown,"0",,unknown,"100",,heart_rate,"97",bpm,cadence,"0",rpm,fractional_cadence,"0.0",rpm,enhanced_altitude,"13.399999999999977",m,enhanced_speed,"3.238",m/s,,,,,,,,,,,,,,,,,,,,,,,,,,,,,,,,,,,,,,,,,,,,,,,,,,,,,,,,,,,,,,,,,,,,,,,,,,,,,,,,,,,,,,,,,,,,,,,,,,,,,,,,,,,,,,,,,,,,,,,,,,,,,,,,,,,,,,,,,,,,,,,,,,,,,,,,,,,,,,,,,,,
Data,12,record,timestamp,"944856848",s,position_lat,"390325231",semicircles,position_long,"-1398134715",semicircles,distance,"6443.39",m,altitude,"13.399999999999977",m,speed,"2.958",m/s,unknown,"0",,unknown,"100",,heart_rate,"94",bpm,cadence,"0",rpm,fractional_cadence,"0.0",rpm,enhanced_altitude,"13.399999999999977",m,enhanced_speed,"2.958",m/s,,,,,,,,,,,,,,,,,,,,,,,,,,,,,,,,,,,,,,,,,,,,,,,,,,,,,,,,,,,,,,,,,,,,,,,,,,,,,,,,,,,,,,,,,,,,,,,,,,,,,,,,,,,,,,,,,,,,,,,,,,,,,,,,,,,,,,,,,,,,,,,,,,,,,,,,,,,,,,,,,,,
Data,12,record,timestamp,"944856850",s,position_lat,"390325071",semicircles,position_long,"-1398133939",semicircles,distance,"6449.67",m,altitude,"13.399999999999977",m,speed,"3.014",m/s,unknown,"0",,unknown,"100",,heart_rate,"92",bpm,cadence,"0",rpm,fractional_cadence,"0.0",rpm,enhanced_altitude,"13.399999999999977",m,enhanced_speed,"3.014",m/s,,,,,,,,,,,,,,,,,,,,,,,,,,,,,,,,,,,,,,,,,,,,,,,,,,,,,,,,,,,,,,,,,,,,,,,,,,,,,,,,,,,,,,,,,,,,,,,,,,,,,,,,,,,,,,,,,,,,,,,,,,,,,,,,,,,,,,,,,,,,,,,,,,,,,,,,,,,,,,,,,,,
Data,12,record,timestamp,"944856854",s,position_lat,"390324770",semicircles,position_long,"-1398132441",semicircles,distance,"6461.77",m,altitude,"13.399999999999977",m,speed,"2.939",m/s,unknown,"0",,unknown,"100",,heart_rate,"95",bpm,cadence,"0",rpm,fractional_cadence,"0.0",rpm,enhanced_altitude,"13.399999999999977",m,enhanced_speed,"2.939",m/s,,,,,,,,,,,,,,,,,,,,,,,,,,,,,,,,,,,,,,,,,,,,,,,,,,,,,,,,,,,,,,,,,,,,,,,,,,,,,,,,,,,,,,,,,,,,,,,,,,,,,,,,,,,,,,,,,,,,,,,,,,,,,,,,,,,,,,,,,,,,,,,,,,,,,,,,,,,,,,,,,,,
Data,12,record,timestamp,"944856863",s,position_lat,"390324248",semicircles,position_long,"-1398129027",semicircles,distance,"6489.04",m,altitude,"13.399999999999977",m,speed,"3.06",m/s,unknown,"0",,unknown,"100",,heart_rate,"92",bpm,cadence,"56",rpm,fractional_cadence,"0.5",rpm,enhanced_altitude,"13.399999999999977",m,enhanced_speed,"3.06",m/s,,,,,,,,,,,,,,,,,,,,,,,,,,,,,,,,,,,,,,,,,,,,,,,,,,,,,,,,,,,,,,,,,,,,,,,,,,,,,,,,,,,,,,,,,,,,,,,,,,,,,,,,,,,,,,,,,,,,,,,,,,,,,,,,,,,,,,,,,,,,,,,,,,,,,,,,,,,,,,,,,,,
Data,12,record,timestamp,"944856864",s,position_lat,"390324196",semicircles,position_long,"-1398128675",semicircles,distance,"6491.85",m,altitude,"13.399999999999977",m,speed,"2.939",m/s,unknown,"0",,unknown,"100",,heart_rate,"91",bpm,cadence,"56",rpm,fractional_cadence,"0.5",rpm,enhanced_altitude,"13.399999999999977",m,enhanced_speed,"2.939",m/s,,,,,,,,,,,,,,,,,,,,,,,,,,,,,,,,,,,,,,,,,,,,,,,,,,,,,,,,,,,,,,,,,,,,,,,,,,,,,,,,,,,,,,,,,,,,,,,,,,,,,,,,,,,,,,,,,,,,,,,,,,,,,,,,,,,,,,,,,,,,,,,,,,,,,,,,,,,,,,,,,,,
Data,12,record,timestamp,"944856878",s,position_lat,"390323380",semicircles,position_long,"-1398123842",semicircles,distance,"6530.57",m,altitude,"13.600000000000023",m,speed,"2.575",m/s,unknown,"0",,unknown,"100",,heart_rate,"91",bpm,cadence,"0",rpm,fractional_cadence,"0.0",rpm,enhanced_altitude,"13.600000000000023",m,enhanced_speed,"2.575",m/s,,,,,,,,,,,,,,,,,,,,,,,,,,,,,,,,,,,,,,,,,,,,,,,,,,,,,,,,,,,,,,,,,,,,,,,,,,,,,,,,,,,,,,,,,,,,,,,,,,,,,,,,,,,,,,,,,,,,,,,,,,,,,,,,,,,,,,,,,,,,,,,,,,,,,,,,,,,,,,,,,,,
Data,12,record,timestamp,"944856879",s,position_lat,"390323357",semicircles,position_long,"-1398123528",semicircles,distance,"6533.05",m,altitude,"13.600000000000023",m,speed,"2.575",m/s,unknown,"0",,unknown,"100",,heart_rate,"94",bpm,cadence,"0",rpm,fractional_cadence,"0.0",rpm,enhanced_altitude,"13.600000000000023",m,enhanced_speed,"2.575",m/s,,,,,,,,,,,,,,,,,,,,,,,,,,,,,,,,,,,,,,,,,,,,,,,,,,,,,,,,,,,,,,,,,,,,,,,,,,,,,,,,,,,,,,,,,,,,,,,,,,,,,,,,,,,,,,,,,,,,,,,,,,,,,,,,,,,,,,,,,,,,,,,,,,,,,,,,,,,,,,,,,,,
Data,12,record,timestamp,"944856880",s,position_lat,"390323326",semicircles,position_long,"-1398123196",semicircles,distance,"6535.68",m,altitude,"13.600000000000023",m,speed,"2.566",m/s,unknown,"0",,unknown,"100",,heart_rate,"91",bpm,cadence,"0",rpm,fractional_cadence,"0.0",rpm,enhanced_altitude,"13.600000000000023",m,enhanced_speed,"2.566",m/s,,,,,,,,,,,,,,,,,,,,,,,,,,,,,,,,,,,,,,,,,,,,,,,,,,,,,,,,,,,,,,,,,,,,,,,,,,,,,,,,,,,,,,,,,,,,,,,,,,,,,,,,,,,,,,,,,,,,,,,,,,,,,,,,,,,,,,,,,,,,,,,,,,,,,,,,,,,,,,,,,,,
Data,12,record,timestamp,"944856882",s,position_lat,"390323214",semicircles,position_long,"-1398122478",semicircles,distance,"6541.4",m,altitude,"13.600000000000023",m,speed,"2.734",m/s,unknown,"0",,unknown,"100",,heart_rate,"88",bpm,cadence,"0",rpm,fractional_cadence,"0.0",rpm,enhanced_altitude,"13.600000000000023",m,enhanced_speed,"2.734",m/s,,,,,,,,,,,,,,,,,,,,,,,,,,,,,,,,,,,,,,,,,,,,,,,,,,,,,,,,,,,,,,,,,,,,,,,,,,,,,,,,,,,,,,,,,,,,,,,,,,,,,,,,,,,,,,,,,,,,,,,,,,,,,,,,,,,,,,,,,,,,,,,,,,,,,,,,,,,,,,,,,,,
Data,12,record,timestamp,"944856888",s,position_lat,"390323030",semicircles,position_long,"-1398120287",semicircles,distance,"6558.71",m,altitude,"13.799999999999955",m,speed,"2.921",m/s,unknown,"0",,unknown,"100",,heart_rate,"92",bpm,cadence,"0",rpm,fractional_cadence,"0.0",rpm,enhanced_altitude,"13.799999999999955",m,enhanced_speed,"2.921",m/s,,,,,,,,,,,,,,,,,,,,,,,,,,,,,,,,,,,,,,,,,,,,,,,,,,,,,,,,,,,,,,,,,,,,,,,,,,,,,,,,,,,,,,,,,,,,,,,,,,,,,,,,,,,,,,,,,,,,,,,,,,,,,,,,,,,,,,,,,,,,,,,,,,,,,,,,,,,,,,,,,,,
Data,12,record,timestamp,"944856890",s,position_lat,"390323011",semicircles,position_long,"-1398119462",semicircles,distance,"6565.19",m,altitude,"13.799999999999955",m,speed,"3.088",m/s,unknown,"0",,unknown,"100",,heart_rate,"95",bpm,cadence,"0",rpm,fractional_cadence,"0.0",rpm,enhanced_altitude,"13.799999999999955",m,enhanced_speed,"3.088",m/s,,,,,,,,,,,,,,,,,,,,,,,,,,,,,,,,,,,,,,,,,,,,,,,,,,,,,,,,,,,,,,,,,,,,,,,,,,,,,,,,,,,,,,,,,,,,,,,,,,,,,,,,,,,,,,,,,,,,,,,,,,,,,,,,,,,,,,,,,,,,,,,,,,,,,,,,,,,,,,,,,,,
Data,12,record,timestamp,"944856896",s,position_lat,"390322872",semicircles,position_long,"-1398116852",semicircles,distance,"6585.74",m,altitude,"13.799999999999955",m,speed,"3.322",m/s,unknown,"0",,unknown,"100",,heart_rate,"99",bpm,cadence,"0",rpm,fractional_cadence,"0.0",rpm,enhanced_altitude,"13.799999999999955",m,enhanced_speed,"3.322",m/s,,,,,,,,,,,,,,,,,,,,,,,,,,,,,,,,,,,,,,,,,,,,,,,,,,,,,,,,,,,,,,,,,,,,,,,,,,,,,,,,,,,,,,,,,,,,,,,,,,,,,,,,,,,,,,,,,,,,,,,,,,,,,,,,,,,,,,,,,,,,,,,,,,,,,,,,,,,,,,,,,,,
Data,12,record,timestamp,"944856899",s,position_lat,"390322757",semicircles,position_long,"-1398115578",semicircles,distance,"6595.81",m,altitude,"13.799999999999955",m,speed,"3.284",m/s,unknown,"0",,unknown,"100",,heart_rate,"102",bpm,cadence,"0",rpm,fractional_cadence,"0.0",rpm,enhanced_altitude,"13.799999999999955",m,enhanced_speed,"3.284",m/s,,,,,,,,,,,,,,,,,,,,,,,,,,,,,,,,,,,,,,,,,,,,,,,,,,,,,,,,,,,,,,,,,,,,,,,,,,,,,,,,,,,,,,,,,,,,,,,,,,,,,,,,,,,,,,,,,,,,,,,,,,,,,,,,,,,,,,,,,,,,,,,,,,,,,,,,,,,,,,,,,,,
Data,12,record,timestamp,"944856904",s,position_lat,"390322524",semicircles,position_long,"-1398113493",semicircles,distance,"6612.33",m,altitude,"13.799999999999955",m,speed,"3.219",m/s,unknown,"0",,unknown,"300",,heart_rate,"101",bpm,cadence,"0",rpm,fractional_cadence,"0.0",rpm,enhanced_altitude,"13.799999999999955",m,enhanced_speed,"3.219",m/s,,,,,,,,,,,,,,,,,,,,,,,,,,,,,,,,,,,,,,,,,,,,,,,,,,,,,,,,,,,,,,,,,,,,,,,,,,,,,,,,,,,,,,,,,,,,,,,,,,,,,,,,,,,,,,,,,,,,,,,,,,,,,,,,,,,,,,,,,,,,,,,,,,,,,,,,,,,,,,,,,,,
Data,12,record,timestamp,"944856913",s,position_lat,"390321949",semicircles,position_long,"-1398109791",semicircles,distance,"6641.91",m,altitude,"13.600000000000023",m,speed,"3.247",m/s,unknown,"0",,unknown,"100",,heart_rate,"98",bpm,cadence,"0",rpm,fractional_cadence,"0.0",rpm,enhanced_altitude,"13.600000000000023",m,enhanced_speed,"3.247",m/s,,,,,,,,,,,,,,,,,,,,,,,,,,,,,,,,,,,,,,,,,,,,,,,,,,,,,,,,,,,,,,,,,,,,,,,,,,,,,,,,,,,,,,,,,,,,,,,,,,,,,,,,,,,,,,,,,,,,,,,,,,,,,,,,,,,,,,,,,,,,,,,,,,,,,,,,,,,,,,,,,,,
Data,12,record,timestamp,"944856919",s,position_lat,"390321682",semicircles,position_long,"-1398107241",semicircles,distance,"6662.12",m,altitude,"13.600000000000023",m,speed,"3.172",m/s,unknown,"0",,unknown,"100",,heart_rate,"98",bpm,cadence,"0",rpm,fractional_cadence,"0.0",rpm,enhanced_altitude,"13.600000000000023",m,enhanced_speed,"3.172",m/s,,,,,,,,,,,,,,,,,,,,,,,,,,,,,,,,,,,,,,,,,,,,,,,,,,,,,,,,,,,,,,,,,,,,,,,,,,,,,,,,,,,,,,,,,,,,,,,,,,,,,,,,,,,,,,,,,,,,,,,,,,,,,,,,,,,,,,,,,,,,,,,,,,,,,,,,,,,,,,,,,,,
Data,12,record,timestamp,"944856923",s,position_lat,"390321553",semicircles,position_long,"-1398105689",semicircles,distance,"6674.37",m,altitude,"13.600000000000023",m,speed,"3.079",m/s,unknown,"0",,unknown,"100",,heart_rate,"95",bpm,cadence,"0",rpm,fractional_cadence,"0.0",rpm,enhanced_altitude,"13.600000000000023",m,enhanced_speed,"3.079",m/s,,,,,,,,,,,,,,,,,,,,,,,,,,,,,,,,,,,,,,,,,,,,,,,,,,,,,,,,,,,,,,,,,,,,,,,,,,,,,,,,,,,,,,,,,,,,,,,,,,,,,,,,,,,,,,,,,,,,,,,,,,,,,,,,,,,,,,,,,,,,,,,,,,,,,,,,,,,,,,,,,,,
Data,12,record,timestamp,"944856934",s,position_lat,"390321134",semicircles,position_long,"-1398101685",semicircles,distance,"6706.09",m,altitude,"13.600000000000023",m,speed,"2.893",m/s,unknown,"0",,unknown,"100",,heart_rate,"94",bpm,cadence,"0",rpm,fractional_cadence,"0.0",rpm,enhanced_altitude,"13.600000000000023",m,enhanced_speed,"2.893",m/s,,,,,,,,,,,,,,,,,,,,,,,,,,,,,,,,,,,,,,,,,,,,,,,,,,,,,,,,,,,,,,,,,,,,,,,,,,,,,,,,,,,,,,,,,,,,,,,,,,,,,,,,,,,,,,,,,,,,,,,,,,,,,,,,,,,,,,,,,,,,,,,,,,,,,,,,,,,,,,,,,,,
Data,12,record,timestamp,"944856948",s,position_lat,"390320552",semicircles,position_long,"-1398096507",semicircles,distance,"6747.15",m,altitude,"13.600000000000023",m,speed,"2.79",m/s,unknown,"0",,unknown,"100",,heart_rate,"92",bpm,cadence,"0",rpm,fractional_cadence,"0.0",rpm,enhanced_altitude,"13.600000000000023",m,enhanced_speed,"2.79",m/s,,,,,,,,,,,,,,,,,,,,,,,,,,,,,,,,,,,,,,,,,,,,,,,,,,,,,,,,,,,,,,,,,,,,,,,,,,,,,,,,,,,,,,,,,,,,,,,,,,,,,,,,,,,,,,,,,,,,,,,,,,,,,,,,,,,,,,,,,,,,,,,,,,,,,,,,,,,,,,,,,,,
Data,12,record,timestamp,"944856952",s,position_lat,"390320374",semicircles,position_long,"-1398095035",semicircles,distance,"6758.83",m,altitude,"13.600000000000023",m,speed,"2.827",m/s,unknown,"0",,unknown,"100",,heart_rate,"89",bpm,cadence,"0",rpm,fractional_cadence,"0.0",rpm,enhanced_altitude,"13.600000000000023",m,enhanced_speed,"2.827",m/s,,,,,,,,,,,,,,,,,,,,,,,,,,,,,,,,,,,,,,,,,,,,,,,,,,,,,,,,,,,,,,,,,,,,,,,,,,,,,,,,,,,,,,,,,,,,,,,,,,,,,,,,,,,,,,,,,,,,,,,,,,,,,,,,,,,,,,,,,,,,,,,,,,,,,,,,,,,,,,,,,,,
Data,12,record,timestamp,"944856966",s,position_lat,"390319799",semicircles,position_long,"-1398090111",semicircles,distance,"6797.91",m,altitude,"14.0",m,speed,"2.631",m/s,unknown,"0",,unknown,"100",,heart_rate,"89",bpm,cadence,"0",rpm,fractional_cadence,"0.0",rpm,enhanced_altitude,"14.0",m,enhanced_speed,"2.631",m/s,,,,,,,,,,,,,,,,,,,,,,,,,,,,,,,,,,,,,,,,,,,,,,,,,,,,,,,,,,,,,,,,,,,,,,,,,,,,,,,,,,,,,,,,,,,,,,,,,,,,,,,,,,,,,,,,,,,,,,,,,,,,,,,,,,,,,,,,,,,,,,,,,,,,,,,,,,,,,,,,,,,
Data,12,record,timestamp,"944856976",s,position_lat,"390319634",semicircles,position_long,"-1398086741",semicircles,distance,"6824.44",m,altitude,"14.0",m,speed,"2.669",m/s,unknown,"0",,unknown,"100",,heart_rate,"86",bpm,cadence,"0",rpm,fractional_cadence,"0.0",rpm,enhanced_altitude,"14.0",m,enhanced_speed,"2.669",m/s,,,,,,,,,,,,,,,,,,,,,,,,,,,,,,,,,,,,,,,,,,,,,,,,,,,,,,,,,,,,,,,,,,,,,,,,,,,,,,,,,,,,,,,,,,,,,,,,,,,,,,,,,,,,,,,,,,,,,,,,,,,,,,,,,,,,,,,,,,,,,,,,,,,,,,,,,,,,,,,,,,,
Data,12,record,timestamp,"944856979",s,position_lat,"390319533",semicircles,position_long,"-1398085696",semicircles,distance,"6832.7",m,altitude,"14.0",m,speed,"2.734",m/s,unknown,"0",,unknown,"100",,heart_rate,"91",bpm,cadence,"0",rpm,fractional_cadence,"0.0",rpm,enhanced_altitude,"14.0",m,enhanced_speed,"2.734",m/s,,,,,,,,,,,,,,,,,,,,,,,,,,,,,,,,,,,,,,,,,,,,,,,,,,,,,,,,,,,,,,,,,,,,,,,,,,,,,,,,,,,,,,,,,,,,,,,,,,,,,,,,,,,,,,,,,,,,,,,,,,,,,,,,,,,,,,,,,,,,,,,,,,,,,,,,,,,,,,,,,,,
Data,12,record,timestamp,"944856981",s,position_lat,"390319508",semicircles,position_long,"-1398085014",semicircles,distance,"6838.06",m,altitude,"14.0",m,speed,"2.715",m/s,unknown,"0",,unknown,"100",,heart_rate,"94",bpm,cadence,"0",rpm,fractional_cadence,"0.0",rpm,enhanced_altitude,"14.0",m,enhanced_speed,"2.715",m/s,,,,,,,,,,,,,,,,,,,,,,,,,,,,,,,,,,,,,,,,,,,,,,,,,,,,,,,,,,,,,,,,,,,,,,,,,,,,,,,,,,,,,,,,,,,,,,,,,,,,,,,,,,,,,,,,,,,,,,,,,,,,,,,,,,,,,,,,,,,,,,,,,,,,,,,,,,,,,,,,,,,
Data,12,record,timestamp,"944856982",s,position_lat,"390319486",semicircles,position_long,"-1398084684",semicircles,distance,"6840.66",m,altitude,"14.0",m,speed,"2.678",m/s,unknown,"0",,unknown,"100",,heart_rate,"97",bpm,cadence,"0",rpm,fractional_cadence,"0.0",rpm,enhanced_altitude,"14.0",m,enhanced_speed,"2.678",m/s,,,,,,,,,,,,,,,,,,,,,,,,,,,,,,,,,,,,,,,,,,,,,,,,,,,,,,,,,,,,,,,,,,,,,,,,,,,,,,,,,,,,,,,,,,,,,,,,,,,,,,,,,,,,,,,,,,,,,,,,,,,,,,,,,,,,,,,,,,,,,,,,,,,,,,,,,,,,,,,,,,,
Data,12,record,timestamp,"944856994",s,position_lat,"390318843",semicircles,position_long,"-1398080988",semicircles,distance,"6870.33",m,altitude,"14.200000000000045",m,speed,"2.566",m/s,unknown,"0",,unknown,"100",,heart_rate,"96",bpm,cadence,"0",rpm,fractional_cadence,"0.0",rpm,enhanced_altitude,"14.200000000000045",m,enhanced_speed,"2.566",m/s,,,,,,,,,,,,,,,,,,,,,,,,,,,,,,,,,,,,,,,,,,,,,,,,,,,,,,,,,,,,,,,,,,,,,,,,,,,,,,,,,,,,,,,,,,,,,,,,,,,,,,,,,,,,,,,,,,,,,,,,,,,,,,,,,,,,,,,,,,,,,,,,,,,,,,,,,,,,,,,,,,,
Data,12,record,timestamp,"944857001",s,position_lat,"390318485",semicircles,position_long,"-1398078727",semicircles,distance,"6888.4",m,altitude,"14.399999999999977",m,speed,"2.594",m/s,unknown,"0",,unknown,"100",,heart_rate,"96",bpm,cadence,"0",rpm,fractional_cadence,"0.0",rpm,enhanced_altitude,"14.399999999999977",m,enhanced_speed,"2.594",m/s,,,,,,,,,,,,,,,,,,,,,,,,,,,,,,,,,,,,,,,,,,,,,,,,,,,,,,,,,,,,,,,,,,,,,,,,,,,,,,,,,,,,,,,,,,,,,,,,,,,,,,,,,,,,,,,,,,,,,,,,,,,,,,,,,,,,,,,,,,,,,,,,,,,,,,,,,,,,,,,,,,,
Data,12,record,timestamp,"944857006",s,position_lat,"390318422",semicircles,position_long,"-1398077066",semicircles,distance,"6901.46",m,altitude,"14.399999999999977",m,speed,"2.734",m/s,unknown,"0",,unknown,"100",,heart_rate,"92",bpm,cadence,"0",rpm,fractional_cadence,"0.0",rpm,enhanced_altitude,"14.399999999999977",m,enhanced_speed,"2.734",m/s,,,,,,,,,,,,,,,,,,,,,,,,,,,,,,,,,,,,,,,,,,,,,,,,,,,,,,,,,,,,,,,,,,,,,,,,,,,,,,,,,,,,,,,,,,,,,,,,,,,,,,,,,,,,,,,,,,,,,,,,,,,,,,,,,,,,,,,,,,,,,,,,,,,,,,,,,,,,,,,,,,,
Data,12,record,timestamp,"944857007",s,position_lat,"390318421",semicircles,position_long,"-1398076718",semicircles,distance,"6904.19",m,altitude,"14.399999999999977",m,speed,"2.762",m/s,unknown,"0",,unknown,"100",,heart_rate,"92",bpm,cadence,"0",rpm,fractional_cadence,"0.0",rpm,enhanced_altitude,"14.399999999999977",m,enhanced_speed,"2.762",m/s,,,,,,,,,,,,,,,,,,,,,,,,,,,,,,,,,,,,,,,,,,,,,,,,,,,,,,,,,,,,,,,,,,,,,,,,,,,,,,,,,,,,,,,,,,,,,,,,,,,,,,,,,,,,,,,,,,,,,,,,,,,,,,,,,,,,,,,,,,,,,,,,,,,,,,,,,,,,,,,,,,,
Data,12,record,timestamp,"944857019",s,position_lat,"390318278",semicircles,position_long,"-1398071993",semicircles,distance,"6941.37",m,altitude,"14.399999999999977",m,speed,"3.014",m/s,unknown,"0",,unknown,"100",,heart_rate,"92",bpm,cadence,"0",rpm,fractional_cadence,"0.0",rpm,enhanced_altitude,"14.399999999999977",m,enhanced_speed,"3.014",m/s,,,,,,,,,,,,,,,,,,,,,,,,,,,,,,,,,,,,,,,,,,,,,,,,,,,,,,,,,,,,,,,,,,,,,,,,,,,,,,,,,,,,,,,,,,,,,,,,,,,,,,,,,,,,,,,,,,,,,,,,,,,,,,,,,,,,,,,,,,,,,,,,,,,,,,,,,,,,,,,,,,,
Data,12,record,timestamp,"944857034",s,position_lat,"390317767",semicircles,position_long,"-1398066118",semicircles,distance,"6987.8",m,altitude,"14.200000000000045",m,speed,"2.948",m/s,unknown,"0",,unknown,"100",,heart_rate,"89",bpm,cadence,"0",rpm,fractional_cadence,"0.0",rpm,enhanced_altitude,"14.200000000000045",m,enhanced_speed,"2.948",m/s,,,,,,,,,,,,,,,,,,,,,,,,,,,,,,,,,,,,,,,,,,,,,,,,,,,,,,,,,,,,,,,,,,,,,,,,,,,,,,,,,,,,,,,,,,,,,,,,,,,,,,,,,,,,,,,,,,,,,,,,,,,,,,,,,,,,,,,,,,,,,,,,,,,,,,,,,,,,,,,,,,,
Data,12,record,timestamp,"944857035",s,position_lat,"390317773",semicircles,position_long,"-1398065683",semicircles,distance,"6991.21",m,altitude,"14.200000000000045",m,speed,"3.051",m/s,unknown,"0",,unknown,"100",,heart_rate,"89",bpm,cadence,"0",rpm,fractional_cadence,"0.0",rpm,enhanced_altitude,"14.200000000000045",m,enhanced_speed,"3.051",m/s,,,,,,,,,,,,,,,,,,,,,,,,,,,,,,,,,,,,,,,,,,,,,,,,,,,,,,,,,,,,,,,,,,,,,,,,,,,,,,,,,,,,,,,,,,,,,,,,,,,,,,,,,,,,,,,,,,,,,,,,,,,,,,,,,,,,,,,,,,,,,,,,,,,,,,,,,,,,,,,,,,,
Data,12,record,timestamp,"944857044",s,position_lat,"390317624",semicircles,position_long,"-1398062230",semicircles,distance,"7018.38",m,altitude,"14.399999999999977",m,speed,"2.846",m/s,unknown,"0",,unknown,"100",,heart_rate,"92",bpm,cadence,"0",rpm,fractional_cadence,"0.0",rpm,enhanced_altitude,"14.399999999999977",m,enhanced_speed,"2.846",m/s,,,,,,,,,,,,,,,,,,,,,,,,,,,,,,,,,,,,,,,,,,,,,,,,,,,,,,,,,,,,,,,,,,,,,,,,,,,,,,,,,,,,,,,,,,,,,,,,,,,,,,,,,,,,,,,,,,,,,,,,,,,,,,,,,,,,,,,,,,,,,,,,,,,,,,,,,,,,,,,,,,,
Data,12,record,timestamp,"944857045",s,position_lat,"390317562",semicircles,position_long,"-1398061877",semicircles,distance,"7021.19",m,altitude,"14.399999999999977",m,speed,"2.818",m/s,unknown,"0",,unknown,"100",,heart_rate,"95",bpm,cadence,"0",rpm,fractional_cadence,"0.0",rpm,enhanced_altitude,"14.399999999999977",m,enhanced_speed,"2.818",m/s,,,,,,,,,,,,,,,,,,,,,,,,,,,,,,,,,,,,,,,,,,,,,,,,,,,,,,,,,,,,,,,,,,,,,,,,,,,,,,,,,,,,,,,,,,,,,,,,,,,,,,,,,,,,,,,,,,,,,,,,,,,,,,,,,,,,,,,,,,,,,,,,,,,,,,,,,,,,,,,,,,,
Data,12,record,timestamp,"944857047",s,position_lat,"390317470",semicircles,position_long,"-1398061157",semicircles,distance,"7026.9",m,altitude,"14.200000000000045",m,speed,"2.93",m/s,unknown,"0",,unknown,"100",,heart_rate,"98",bpm,cadence,"0",rpm,fractional_cadence,"0.0",rpm,enhanced_altitude,"14.200000000000045",m,enhanced_speed,"2.93",m/s,,,,,,,,,,,,,,,,,,,,,,,,,,,,,,,,,,,,,,,,,,,,,,,,,,,,,,,,,,,,,,,,,,,,,,,,,,,,,,,,,,,,,,,,,,,,,,,,,,,,,,,,,,,,,,,,,,,,,,,,,,,,,,,,,,,,,,,,,,,,,,,,,,,,,,,,,,,,,,,,,,,
Data,12,record,timestamp,"944857057",s,position_lat,"390316969",semicircles,position_long,"-1398057526",semicircles,distance,"7055.75",m,altitude,"14.399999999999977",m,speed,"2.958",m/s,unknown,"0",,unknown,"100",,heart_rate,"99",bpm,cadence,"0",rpm,fractional_cadence,"0.0",rpm,enhanced_altitude,"14.399999999999977",m,enhanced_speed,"2.958",m/s,,,,,,,,,,,,,,,,,,,,,,,,,,,,,,,,,,,,,,,,,,,,,,,,,,,,,,,,,,,,,,,,,,,,,,,,,,,,,,,,,,,,,,,,,,,,,,,,,,,,,,,,,,,,,,,,,,,,,,,,,,,,,,,,,,,,,,,,,,,,,,,,,,,,,,,,,,,,,,,,,,,
Data,12,record,timestamp,"944857062",s,position_lat,"390316768",semicircles,position_long,"-1398055641",semicircles,distance,"7070.68",m,altitude,"14.399999999999977",m,speed,"2.986",m/s,unknown,"0",,unknown,"100",,heart_rate,"95",bpm,cadence,"0",rpm,fractional_cadence,"0.0",rpm,enhanced_altitude,"14.399999999999977",m,enhanced_speed,"2.986",m/s,,,,,,,,,,,,,,,,,,,,,,,,,,,,,,,,,,,,,,,,,,,,,,,,,,,,,,,,,,,,,,,,,,,,,,,,,,,,,,,,,,,,,,,,,,,,,,,,,,,,,,,,,,,,,,,,,,,,,,,,,,,,,,,,,,,,,,,,,,,,,,,,,,,,,,,,,,,,,,,,,,,
Data,12,record,timestamp,"944857070",s,position_lat,"390316505",semicircles,position_long,"-1398052900",semicircles,distance,"7092.37",m,altitude,"14.600000000000023",m,speed,"2.865",m/s,unknown,"0",,unknown,"100",,heart_rate,"96",bpm,cadence,"0",rpm,fractional_cadence,"0.0",rpm,enhanced_altitude,"14.600000000000023",m,enhanced_speed,"2.865",m/s,,,,,,,,,,,,,,,,,,,,,,,,,,,,,,,,,,,,,,,,,,,,,,,,,,,,,,,,,,,,,,,,,,,,,,,,,,,,,,,,,,,,,,,,,,,,,,,,,,,,,,,,,,,,,,,,,,,,,,,,,,,,,,,,,,,,,,,,,,,,,,,,,,,,,,,,,,,,,,,,,,,
Data,12,record,timestamp,"944857078",s,position_lat,"390316081",semicircles,position_long,"-1398050292",semicircles,distance,"7113.24",m,altitude,"14.600000000000023",m,speed,"2.585",m/s,unknown,"0",,unknown,"100",,heart_rate,"93",bpm,cadence,"0",rpm,fractional_cadence,"0.0",rpm,enhanced_altitude,"14.600000000000023",m,enhanced_speed,"2.585",m/s,,,,,,,,,,,,,,,,,,,,,,,,,,,,,,,,,,,,,,,,,,,,,,,,,,,,,,,,,,,,,,,,,,,,,,,,,,,,,,,,,,,,,,,,,,,,,,,,,,,,,,,,,,,,,,,,,,,,,,,,,,,,,,,,,,,,,,,,,,,,,,,,,,,,,,,,,,,,,,,,,,,
Data,12,record,timestamp,"944857081",s,position_lat,"390315684",semicircles,position_long,"-1398049438",semicircles,distance,"7120.85",m,altitude,"14.600000000000023",m,speed,"2.501",m/s,unknown,"0",,unknown,"100",,heart_rate,"97",bpm,cadence,"0",rpm,fractional_cadence,"0.0",rpm,enhanced_altitude,"14.600000000000023",m,enhanced_speed,"2.501",m/s,,,,,,,,,,,,,,,,,,,,,,,,,,,,,,,,,,,,,,,,,,,,,,,,,,,,,,,,,,,,,,,,,,,,,,,,,,,,,,,,,,,,,,,,,,,,,,,,,,,,,,,,,,,,,,,,,,,,,,,,,,,,,,,,,,,,,,,,,,,,,,,,,,,,,,,,,,,,,,,,,,,
Data,12,record,timestamp,"944857088",s,position_lat,"390314759",semicircles,position_long,"-1398048092",semicircles,distance,"7134.61",m,altitude,"14.799999999999955",m,speed,"2.043",m/s,unknown,"0",,unknown,"100",,heart_rate,"100",bpm,cadence,"0",rpm,fractional_cadence,"0.0",rpm,enhanced_altitude,"14.799999999999955",m,enhanced_speed,"2.043",m/s,,,,,,,,,,,,,,,,,,,,,,,,,,,,,,,,,,,,,,,,,,,,,,,,,,,,,,,,,,,,,,,,,,,,,,,,,,,,,,,,,,,,,,,,,,,,,,,,,,,,,,,,,,,,,,,,,,,,,,,,,,,,,,,,,,,,,,,,,,,,,,,,,,,,,,,,,,,,,,,,,,,
Data,12,record,timestamp,"944857089",s,position_lat,"390314599",semicircles,position_long,"-1398048010",semicircles,distance,"7136.13",m,altitude,"14.799999999999955",m,speed,"1.885",m/s,unknown,"0",,unknown,"100",,heart_rate,"100",bpm,cadence,"0",rpm,fractional_cadence,"0.0",rpm,enhanced_altitude,"14.799999999999955",m,enhanced_speed,"1.885",m/s,,,,,,,,,,,,,,,,,,,,,,,,,,,,,,,,,,,,,,,,,,,,,,,,,,,,,,,,,,,,,,,,,,,,,,,,,,,,,,,,,,,,,,,,,,,,,,,,,,,,,,,,,,,,,,,,,,,,,,,,,,,,,,,,,,,,,,,,,,,,,,,,,,,,,,,,,,,,,,,,,,,
Data,12,record,timestamp,"944857099",s,position_lat,"390312932",semicircles,position_long,"-1398047240",semicircles,distance,"7152.66",m,altitude,"14.799999999999955",m,speed,"1.68",m/s,unknown,"0",,unknown,"100",,heart_rate,"103",bpm,cadence,"0",rpm,fractional_cadence,"0.0",rpm,enhanced_altitude,"14.799999999999955",m,enhanced_speed,"1.68",m/s,,,,,,,,,,,,,,,,,,,,,,,,,,,,,,,,,,,,,,,,,,,,,,,,,,,,,,,,,,,,,,,,,,,,,,,,,,,,,,,,,,,,,,,,,,,,,,,,,,,,,,,,,,,,,,,,,,,,,,,,,,,,,,,,,,,,,,,,,,,,,,,,,,,,,,,,,,,,,,,,,,,
Data,12,record,timestamp,"944857100",s,position_lat,"390312724",semicircles,position_long,"-1398047222",semicircles,distance,"7154.56",m,altitude,"14.799999999999955",m,speed,"1.782",m/s,unknown,"0",,unknown,"100",,heart_rate,"102",bpm,cadence,"0",rpm,fractional_cadence,"0.0",rpm,enhanced_altitude,"14.799999999999955",m,enhanced_speed,"1.782",m/s,,,,,,,,,,,,,,,,,,,,,,,,,,,,,,,,,,,,,,,,,,,,,,,,,,,,,,,,,,,,,,,,,,,,,,,,,,,,,,,,,,,,,,,,,,,,,,,,,,,,,,,,,,,,,,,,,,,,,,,,,,,,,,,,,,,,,,,,,,,,,,,,,,,,,,,,,,,,,,,,,,,
Data,12,record,timestamp,"944857111",s,position_lat,"390310154",semicircles,position_long,"-1398047115",semicircles,distance,"7178.47",m,altitude,"14.600000000000023",m,speed,"2.202",m/s,unknown,"0",,unknown,"100",,heart_rate,"100",bpm,cadence,"0",rpm,fractional_cadence,"0.0",rpm,enhanced_altitude,"14.600000000000023",m,enhanced_speed,"2.202",m/s,,,,,,,,,,,,,,,,,,,,,,,,,,,,,,,,,,,,,,,,,,,,,,,,,,,,,,,,,,,,,,,,,,,,,,,,,,,,,,,,,,,,,,,,,,,,,,,,,,,,,,,,,,,,,,,,,,,,,,,,,,,,,,,,,,,,,,,,,,,,,,,,,,,,,,,,,,,,,,,,,,,
Data,12,record,timestamp,"944857123",s,position_lat,"390306837",semicircles,position_long,"-1398046878",semicircles,distance,"7209.37",m,altitude,"14.799999999999955",m,speed,"2.809",m/s,unknown,"0",,unknown,"100",,heart_rate,"99",bpm,cadence,"0",rpm,fractional_cadence,"0.0",rpm,enhanced_altitude,"14.799999999999955",m,enhanced_speed,"2.809",m/s,,,,,,,,,,,,,,,,,,,,,,,,,,,,,,,,,,,,,,,,,,,,,,,,,,,,,,,,,,,,,,,,,,,,,,,,,,,,,,,,,,,,,,,,,,,,,,,,,,,,,,,,,,,,,,,,,,,,,,,,,,,,,,,,,,,,,,,,,,,,,,,,,,,,,,,,,,,,,,,,,,,
Data,12,record,timestamp,"944857126",s,position_lat,"390305807",semicircles,position_long,"-1398046766",semicircles,distance,"7218.99",m,altitude,"14.799999999999955",m,speed,"3.042",m/s,unknown,"0",,unknown,"100",,heart_rate,"96",bpm,cadence,"0",rpm,fractional_cadence,"0.0",rpm,enhanced_altitude,"14.799999999999955",m,enhanced_speed,"3.042",m/s,,,,,,,,,,,,,,,,,,,,,,,,,,,,,,,,,,,,,,,,,,,,,,,,,,,,,,,,,,,,,,,,,,,,,,,,,,,,,,,,,,,,,,,,,,,,,,,,,,,,,,,,,,,,,,,,,,,,,,,,,,,,,,,,,,,,,,,,,,,,,,,,,,,,,,,,,,,,,,,,,,,
Data,12,record,timestamp,"944857136",s,position_lat,"390302411",semicircles,position_long,"-1398046163",semicircles,distance,"7250.92",m,altitude,"14.799999999999955",m,speed,"3.144",m/s,unknown,"0",,unknown,"100",,heart_rate,"97",bpm,cadence,"0",rpm,fractional_cadence,"0.0",rpm,enhanced_altitude,"14.799999999999955",m,enhanced_speed,"3.144",m/s,,,,,,,,,,,,,,,,,,,,,,,,,,,,,,,,,,,,,,,,,,,,,,,,,,,,,,,,,,,,,,,,,,,,,,,,,,,,,,,,,,,,,,,,,,,,,,,,,,,,,,,,,,,,,,,,,,,,,,,,,,,,,,,,,,,,,,,,,,,,,,,,,,,,,,,,,,,,,,,,,,,
Data,12,record,timestamp,"944857140",s,position_lat,"390301077",semicircles,position_long,"-1398045767",semicircles,distance,"7263.7",m,altitude,"14.799999999999955",m,speed,"3.079",m/s,unknown,"0",,unknown,"100",,heart_rate,"94",bpm,cadence,"0",rpm,fractional_cadence,"0.0",rpm,enhanced_altitude,"14.799999999999955",m,enhanced_speed,"3.079",m/s,,,,,,,,,,,,,,,,,,,,,,,,,,,,,,,,,,,,,,,,,,,,,,,,,,,,,,,,,,,,,,,,,,,,,,,,,,,,,,,,,,,,,,,,,,,,,,,,,,,,,,,,,,,,,,,,,,,,,,,,,,,,,,,,,,,,,,,,,,,,,,,,,,,,,,,,,,,,,,,,,,,
Data,12,record,timestamp,"944857150",s,position_lat,"390297807",semicircles,position_long,"-1398044689",semicircles,distance,"7295.27",m,altitude,"14.600000000000023",m,speed,"3.088",m/s,unknown,"0",,unknown,"100",,heart_rate,"92",bpm,cadence,"0",rpm,fractional_cadence,"0.0",rpm,enhanced_altitude,"14.600000000000023",m,enhanced_speed,"3.088",m/s,,,,,,,,,,,,,,,,,,,,,,,,,,,,,,,,,,,,,,,,,,,,,,,,,,,,,,,,,,,,,,,,,,,,,,,,,,,,,,,,,,,,,,,,,,,,,,,,,,,,,,,,,,,,,,,,,,,,,,,,,,,,,,,,,,,,,,,,,,,,,,,,,,,,,,,,,,,,,,,,,,,
Data,12,record,timestamp,"944857161",s,position_lat,"390294844",semicircles,position_long,"-1398042867",semicircles,distance,"7326.32",m,altitude,"14.200000000000045",m,speed,"2.678",m/s,unknown,"0",,unknown,"100",,heart_rate,"90",bpm,cadence,"56",rpm,fractional_cadence,"0.5",rpm,enhanced_altitude,"14.200000000000045",m,enhanced_speed,"2.678",m/s,,,,,,,,,,,,,,,,,,,,,,,,,,,,,,,,,,,,,,,,,,,,,,,,,,,,,,,,,,,,,,,,,,,,,,,,,,,,,,,,,,,,,,,,,,,,,,,,,,,,,,,,,,,,,,,,,,,,,,,,,,,,,,,,,,,,,,,,,,,,,,,,,,,,,,,,,,,,,,,,,,,
Data,12,record,timestamp,"944857165",s,position_lat,"390293891",semicircles,position_long,"-1398042204",semicircles,distance,"7336.6",m,altitude,"14.200000000000045",m,speed,"2.538",m/s,unknown,"0",,unknown,"100",,heart_rate,"93",bpm,cadence,"0",rpm,fractional_cadence,"0.0",rpm,enhanced_altitude,"14.200000000000045",m,enhanced_speed,"2.538",m/s,,,,,,,,,,,,,,,,,,,,,,,,,,,,,,,,,,,,,,,,,,,,,,,,,,,,,,,,,,,,,,,,,,,,,,,,,,,,,,,,,,,,,,,,,,,,,,,,,,,,,,,,,,,,,,,,,,,,,,,,,,,,,,,,,,,,,,,,,,,,,,,,,,,,,,,,,,,,,,,,,,,
Data,12,record,timestamp,"944857166",s,position_lat,"390293671",semicircles,position_long,"-1398042084",semicircles,distance,"7338.85",m,altitude,"14.200000000000045",m,speed,"2.445",m/s,unknown,"0",,unknown,"100",,heart_rate,"89",bpm,cadence,"0",rpm,fractional_cadence,"0.0",rpm,enhanced_altitude,"14.200000000000045",m,enhanced_speed,"2.445",m/s,,,,,,,,,,,,,,,,,,,,,,,,,,,,,,,,,,,,,,,,,,,,,,,,,,,,,,,,,,,,,,,,,,,,,,,,,,,,,,,,,,,,,,,,,,,,,,,,,,,,,,,,,,,,,,,,,,,,,,,,,,,,,,,,,,,,,,,,,,,,,,,,,,,,,,,,,,,,,,,,,,,
Data,12,record,timestamp,"944857171",s,position_lat,"390292388",semicircles,position_long,"-1398041383",semicircles,distance,"7351.99",m,altitude,"14.200000000000045",m,speed,"2.603",m/s,unknown,"0",,unknown,"100",,heart_rate,"93",bpm,cadence,"0",rpm,fractional_cadence,"0.0",rpm,enhanced_altitude,"14.200000000000045",m,enhanced_speed,"2.603",m/s,,,,,,,,,,,,,,,,,,,,,,,,,,,,,,,,,,,,,,,,,,,,,,,,,,,,,,,,,,,,,,,,,,,,,,,,,,,,,,,,,,,,,,,,,,,,,,,,,,,,,,,,,,,,,,,,,,,,,,,,,,,,,,,,,,,,,,,,,,,,,,,,,,,,,,,,,,,,,,,,,,,
Data,12,record,timestamp,"944857173",s,position_lat,"390291859",semicircles,position_long,"-1398041070",semicircles,distance,"7357.49",m,altitude,"14.200000000000045",m,speed,"2.641",m/s,unknown,"0",,unknown,"100",,heart_rate,"94",bpm,cadence,"0",rpm,fractional_cadence,"0.0",rpm,enhanced_altitude,"14.200000000000045",m,enhanced_speed,"2.641",m/s,,,,,,,,,,,,,,,,,,,,,,,,,,,,,,,,,,,,,,,,,,,,,,,,,,,,,,,,,,,,,,,,,,,,,,,,,,,,,,,,,,,,,,,,,,,,,,,,,,,,,,,,,,,,,,,,,,,,,,,,,,,,,,,,,,,,,,,,,,,,,,,,,,,,,,,,,,,,,,,,,,,
Data,12,record,timestamp,"944857177",s,position_lat,"390290758",semicircles,position_long,"-1398040540",semicircles,distance,"7368.54",m,altitude,"14.200000000000045",m,speed,"2.697",m/s,unknown,"0",,unknown,"100",,heart_rate,"97",bpm,cadence,"0",rpm,fractional_cadence,"0.0",rpm,enhanced_altitude,"14.200000000000045",m,enhanced_speed,"2.697",m/s,,,,,,,,,,,,,,,,,,,,,,,,,,,,,,,,,,,,,,,,,,,,,,,,,,,,,,,,,,,,,,,,,,,,,,,,,,,,,,,,,,,,,,,,,,,,,,,,,,,,,,,,,,,,,,,,,,,,,,,,,,,,,,,,,,,,,,,,,,,,,,,,,,,,,,,,,,,,,,,,,,,
Data,12,record,timestamp,"944857185",s,position_lat,"390288985",semicircles,position_long,"-1398039213",semicircles,distance,"7388.22",m,altitude,"14.200000000000045",m,speed,"2.454",m/s,unknown,"0",,unknown,"100",,heart_rate,"98",bpm,cadence,"0",rpm,fractional_cadence,"0.0",rpm,enhanced_altitude,"14.200000000000045",m,enhanced_speed,"2.454",m/s,,,,,,,,,,,,,,,,,,,,,,,,,,,,,,,,,,,,,,,,,,,,,,,,,,,,,,,,,,,,,,,,,,,,,,,,,,,,,,,,,,,,,,,,,,,,,,,,,,,,,,,,,,,,,,,,,,,,,,,,,,,,,,,,,,,,,,,,,,,,,,,,,,,,,,,,,,,,,,,,,,,
Data,12,record,timestamp,"944857193",s,position_lat,"390288270",semicircles,position_long,"-1398037332",semicircles,distance,"7404.56",m,altitude,"14.399999999999977",m,speed,"1.922",m/s,unknown,"0",,unknown,"100",,heart_rate,"100",bpm,cadence,"0",rpm,fractional_cadence,"0.0",rpm,enhanced_altitude,"14.399999999999977",m,enhanced_speed,"1.922",m/s,,,,,,,,,,,,,,,,,,,,,,,,,,,,,,,,,,,,,,,,,,,,,,,,,,,,,,,,,,,,,,,,,,,,,,,,,,,,,,,,,,,,,,,,,,,,,,,,,,,,,,,,,,,,,,,,,,,,,,,,,,,,,,,,,,,,,,,,,,,,,,,,,,,,,,,,,,,,,,,,,,,
Data,12,record,timestamp,"944857205",s,position_lat,"390287983",semicircles,position_long,"-1398034331",semicircles,distance,"7428.3",m,altitude,"14.200000000000045",m,speed,"1.95",m/s,unknown,"0",,unknown,"100",,heart_rate,"96",bpm,cadence,"0",rpm,fractional_cadence,"0.0",rpm,enhanced_altitude,"14.200000000000045",m,enhanced_speed,"1.95",m/s,,,,,,,,,,,,,,,,,,,,,,,,,,,,,,,,,,,,,,,,,,,,,,,,,,,,,,,,,,,,,,,,,,,,,,,,,,,,,,,,,,,,,,,,,,,,,,,,,,,,,,,,,,,,,,,,,,,,,,,,,,,,,,,,,,,,,,,,,,,,,,,,,,,,,,,,,,,,,,,,,,,
Data,12,record,timestamp,"944857206",s,position_lat,"390287995",semicircles,position_long,"-1398034096",semicircles,distance,"7430.14",m,altitude,"14.200000000000045",m,speed,"1.941",m/s,unknown,"0",,unknown,"100",,heart_rate,"98",bpm,cadence,"0",rpm,fractional_cadence,"0.0",rpm,enhanced_altitude,"14.200000000000045",m,enhanced_speed,"1.941",m/s,,,,,,,,,,,,,,,,,,,,,,,,,,,,,,,,,,,,,,,,,,,,,,,,,,,,,,,,,,,,,,,,,,,,,,,,,,,,,,,,,,,,,,,,,,,,,,,,,,,,,,,,,,,,,,,,,,,,,,,,,,,,,,,,,,,,,,,,,,,,,,,,,,,,,,,,,,,,,,,,,,,
Data,12,record,timestamp,"944857216",s,position_lat,"390288178",semicircles,position_long,"-1398031459",semicircles,distance,"7450.91",m,altitude,"14.0",m,speed,"2.314",m/s,unknown,"0",,unknown,"100",,heart_rate,"95",bpm,cadence,"0",rpm,fractional_cadence,"0.0",rpm,enhanced_altitude,"14.0",m,enhanced_speed,"2.314",m/s,,,,,,,,,,,,,,,,,,,,,,,,,,,,,,,,,,,,,,,,,,,,,,,,,,,,,,,,,,,,,,,,,,,,,,,,,,,,,,,,,,,,,,,,,,,,,,,,,,,,,,,,,,,,,,,,,,,,,,,,,,,,,,,,,,,,,,,,,,,,,,,,,,,,,,,,,,,,,,,,,,,
Data,12,record,timestamp,"944857220",s,position_lat,"390288369",semicircles,position_long,"-1398030230",semicircles,distance,"7460.73",m,altitude,"14.0",m,speed,"2.557",m/s,unknown,"0",,unknown,"100",,heart_rate,"95",bpm,cadence,"0",rpm,fractional_cadence,"0.0",rpm,enhanced_altitude,"14.0",m,enhanced_speed,"2.557",m/s,,,,,,,,,,,,,,,,,,,,,,,,,,,,,,,,,,,,,,,,,,,,,,,,,,,,,,,,,,,,,,,,,,,,,,,,,,,,,,,,,,,,,,,,,,,,,,,,,,,,,,,,,,,,,,,,,,,,,,,,,,,,,,,,,,,,,,,,,,,,,,,,,,,,,,,,,,,,,,,,,,,
Data,12,record,timestamp,"944857221",s,position_lat,"390288423",semicircles,position_long,"-1398029949",semicircles,distance,"7462.99",m,altitude,"14.0",m,speed,"2.501",m/s,unknown,"0",,unknown,"100",,heart_rate,"98",bpm,cadence,"0",rpm,fractional_cadence,"0.0",rpm,enhanced_altitude,"14.0",m,enhanced_speed,"2.501",m/s,,,,,,,,,,,,,,,,,,,,,,,,,,,,,,,,,,,,,,,,,,,,,,,,,,,,,,,,,,,,,,,,,,,,,,,,,,,,,,,,,,,,,,,,,,,,,,,,,,,,,,,,,,,,,,,,,,,,,,,,,,,,,,,,,,,,,,,,,,,,,,,,,,,,,,,,,,,,,,,,,,,
Data,12,record,timestamp,"944857227",s,position_lat,"390288928",semicircles,position_long,"-1398027706",semicircles,distance,"7481.21",m,altitude,"14.0",m,speed,"3.06",m/s,unknown,"0",,unknown,"100",,heart_rate,"101",bpm,cadence,"0",rpm,fractional_cadence,"0.0",rpm,enhanced_altitude,"14.0",m,enhanced_speed,"3.06",m/s,,,,,,,,,,,,,,,,,,,,,,,,,,,,,,,,,,,,,,,,,,,,,,,,,,,,,,,,,,,,,,,,,,,,,,,,,,,,,,,,,,,,,,,,,,,,,,,,,,,,,,,,,,,,,,,,,,,,,,,,,,,,,,,,,,,,,,,,,,,,,,,,,,,,,,,,,,,,,,,,,,,
Data,12,record,timestamp,"944857230",s,position_lat,"390289166",semicircles,position_long,"-1398026428",semicircles,distance,"7491.49",m,altitude,"14.0",m,speed,"3.294",m/s,unknown,"0",,unknown,"100",,heart_rate,"100",bpm,cadence,"0",rpm,fractional_cadence,"0.0",rpm,enhanced_altitude,"14.0",m,enhanced_speed,"3.294",m/s,,,,,,,,,,,,,,,,,,,,,,,,,,,,,,,,,,,,,,,,,,,,,,,,,,,,,,,,,,,,,,,,,,,,,,,,,,,,,,,,,,,,,,,,,,,,,,,,,,,,,,,,,,,,,,,,,,,,,,,,,,,,,,,,,,,,,,,,,,,,,,,,,,,,,,,,,,,,,,,,,,,
Data,12,record,timestamp,"944857235",s,position_lat,"390289650",semicircles,position_long,"-1398024273",semicircles,distance,"7509.02",m,altitude,"14.200000000000045",m,speed,"3.322",m/s,unknown,"0",,unknown,"100",,heart_rate,"97",bpm,cadence,"0",rpm,fractional_cadence,"0.0",rpm,enhanced_altitude,"14.200000000000045",m,enhanced_speed,"3.322",m/s,,,,,,,,,,,,,,,,,,,,,,,,,,,,,,,,,,,,,,,,,,,,,,,,,,,,,,,,,,,,,,,,,,,,,,,,,,,,,,,,,,,,,,,,,,,,,,,,,,,,,,,,,,,,,,,,,,,,,,,,,,,,,,,,,,,,,,,,,,,,,,,,,,,,,,,,,,,,,,,,,,,
Data,12,record,timestamp,"944857236",s,position_lat,"390289674",semicircles,position_long,"-1398023859",semicircles,distance,"7512.26",m,altitude,"14.200000000000045",m,speed,"3.2",m/s,unknown,"0",,unknown,"100",,heart_rate,"100",bpm,cadence,"0",rpm,fractional_cadence,"0.0",rpm,enhanced_altitude,"14.200000000000045",m,enhanced_speed,"3.2",m/s,,,,,,,,,,,,,,,,,,,,,,,,,,,,,,,,,,,,,,,,,,,,,,,,,,,,,,,,,,,,,,,,,,,,,,,,,,,,,,,,,,,,,,,,,,,,,,,,,,,,,,,,,,,,,,,,,,,,,,,,,,,,,,,,,,,,,,,,,,,,,,,,,,,,,,,,,,,,,,,,,,,
Data,12,record,timestamp,"944857240",s,position_lat,"390289599",semicircles,position_long,"-1398022299",semicircles,distance,"7524.5",m,altitude,"14.200000000000045",m,speed,"2.958",m/s,unknown,"0",,unknown,"100",,heart_rate,"100",bpm,cadence,"0",rpm,fractional_cadence,"0.0",rpm,enhanced_altitude,"14.200000000000045",m,enhanced_speed,"2.958",m/s,,,,,,,,,,,,,,,,,,,,,,,,,,,,,,,,,,,,,,,,,,,,,,,,,,,,,,,,,,,,,,,,,,,,,,,,,,,,,,,,,,,,,,,,,,,,,,,,,,,,,,,,,,,,,,,,,,,,,,,,,,,,,,,,,,,,,,,,,,,,,,,,,,,,,,,,,,,,,,,,,,,
Data,12,record,timestamp,"944857247",s,position_lat,"390288730",semicircles,position_long,"-1398020135",semicircles,distance,"7543.13",m,altitude,"14.399999999999977",m,speed,"2.417",m/s,unknown,"0",,unknown,"100",,heart_rate,"98",bpm,cadence,"0",rpm,fractional_cadence,"0.0",rpm,enhanced_altitude,"14.399999999999977",m,enhanced_speed,"2.417",m/s,,,,,,,,,,,,,,,,,,,,,,,,,,,,,,,,,,,,,,,,,,,,,,,,,,,,,,,,,,,,,,,,,,,,,,,,,,,,,,,,,,,,,,,,,,,,,,,,,,,,,,,,,,,,,,,,,,,,,,,,,,,,,,,,,,,,,,,,,,,,,,,,,,,,,,,,,,,,,,,,,,,
Data,12,record,timestamp,"944857248",s,position_lat,"390288581",semicircles,position_long,"-1398019934",semicircles,distance,"7545.21",m,altitude,"14.399999999999977",m,speed,"2.295",m/s,unknown,"0",,unknown,"100",,heart_rate,"101",bpm,cadence,"0",rpm,fractional_cadence,"0.0",rpm,enhanced_altitude,"14.399999999999977",m,enhanced_speed,"2.295",m/s,,,,,,,,,,,,,,,,,,,,,,,,,,,,,,,,,,,,,,,,,,,,,,,,,,,,,,,,,,,,,,,,,,,,,,,,,,,,,,,,,,,,,,,,,,,,,,,,,,,,,,,,,,,,,,,,,,,,,,,,,,,,,,,,,,,,,,,,,,,,,,,,,,,,,,,,,,,,,,,,,,,
Data,12,record,timestamp,"944857250",s,position_lat,"390288125",semicircles,position_long,"-1398019633",semicircles,distance,"7549.9",m,altitude,"14.399999999999977",m,speed,"2.183",m/s,unknown,"0",,unknown,"100",,heart_rate,"97",bpm,cadence,"0",rpm,fractional_cadence,"0.0",rpm,enhanced_altitude,"14.399999999999977",m,enhanced_speed,"2.183",m/s,,,,,,,,,,,,,,,,,,,,,,,,,,,,,,,,,,,,,,,,,,,,,,,,,,,,,,,,,,,,,,,,,,,,,,,,,,,,,,,,,,,,,,,,,,,,,,,,,,,,,,,,,,,,,,,,,,,,,,,,,,,,,,,,,,,,,,,,,,,,,,,,,,,,,,,,,,,,,,,,,,,
Data,12,record,timestamp,"944857254",s,position_lat,"390287308",semicircles,position_long,"-1398019147",semicircles,distance,"7558.39",m,altitude,"14.399999999999977",m,speed,"2.09",m/s,unknown,"0",,unknown,"100",,heart_rate,"97",bpm,cadence,"0",rpm,fractional_cadence,"0.0",rpm,enhanced_altitude,"14.399999999999977",m,enhanced_speed,"2.09",m/s,,,,,,,,,,,,,,,,,,,,,,,,,,,,,,,,,,,,,,,,,,,,,,,,,,,,,,,,,,,,,,,,,,,,,,,,,,,,,,,,,,,,,,,,,,,,,,,,,,,,,,,,,,,,,,,,,,,,,,,,,,,,,,,,,,,,,,,,,,,,,,,,,,,,,,,,,,,,,,,,,,,
Data,12,record,timestamp,"944857266",s,position_lat,"390284461",semicircles,position_long,"-1398017771",semicircles,distance,"7587.0",m,altitude,"14.399999999999977",m,speed,"2.547",m/s,unknown,"0",,unknown,"100",,heart_rate,"100",bpm,cadence,"0",rpm,fractional_cadence,"0.0",rpm,enhanced_altitude,"14.399999999999977",m,enhanced_speed,"2.547",m/s,,,,,,,,,,,,,,,,,,,,,,,,,,,,,,,,,,,,,,,,,,,,,,,,,,,,,,,,,,,,,,,,,,,,,,,,,,,,,,,,,,,,,,,,,,,,,,,,,,,,,,,,,,,,,,,,,,,,,,,,,,,,,,,,,,,,,,,,,,,,,,,,,,,,,,,,,,,,,,,,,,,
Data,12,record,timestamp,"944857267",s,position_lat,"390284191",semicircles,position_long,"-1398017638",semicircles,distance,"7589.71",m,altitude,"14.399999999999977",m,speed,"2.594",m/s,unknown,"0",,unknown,"100",,heart_rate,"100",bpm,cadence,"0",rpm,fractional_cadence,"0.0",rpm,enhanced_altitude,"14.399999999999977",m,enhanced_speed,"2.594",m/s,,,,,,,,,,,,,,,,,,,,,,,,,,,,,,,,,,,,,,,,,,,,,,,,,,,,,,,,,,,,,,,,,,,,,,,,,,,,,,,,,,,,,,,,,,,,,,,,,,,,,,,,,,,,,,,,,,,,,,,,,,,,,,,,,,,,,,,,,,,,,,,,,,,,,,,,,,,,,,,,,,,
Data,12,record,timestamp,"944857279",s,position_lat,"390280723",semicircles,position_long,"-1398016106",semicircles,distance,"7624.13",m,altitude,"14.399999999999977",m,speed,"2.79",m/s,unknown,"0",,unknown,"100",,heart_rate,"99",bpm,cadence,"0",rpm,fractional_cadence,"0.0",rpm,enhanced_altitude,"14.399999999999977",m,enhanced_speed,"2.79",m/s,,,,,,,,,,,,,,,,,,,,,,,,,,,,,,,,,,,,,,,,,,,,,,,,,,,,,,,,,,,,,,,,,,,,,,,,,,,,,,,,,,,,,,,,,,,,,,,,,,,,,,,,,,,,,,,,,,,,,,,,,,,,,,,,,,,,,,,,,,,,,,,,,,,,,,,,,,,,,,,,,,,
Data,12,record,timestamp,"944857283",s,position_lat,"390279562",semicircles,position_long,"-1398015605",semicircles,distance,"7635.63",m,altitude,"14.399999999999977",m,speed,"2.818",m/s,unknown,"0",,unknown,"100",,heart_rate,"102",bpm,cadence,"0",rpm,fractional_cadence,"0.0",rpm,enhanced_altitude,"14.399999999999977",m,enhanced_speed,"2.818",m/s,,,,,,,,,,,,,,,,,,,,,,,,,,,,,,,,,,,,,,,,,,,,,,,,,,,,,,,,,,,,,,,,,,,,,,,,,,,,,,,,,,,,,,,,,,,,,,,,,,,,,,,,,,,,,,,,,,,,,,,,,,,,,,,,,,,,,,,,,,,,,,,,,,,,,,,,,,,,,,,,,,,
Data,12,record,timestamp,"944857291",s,position_lat,"390277250",semicircles,position_long,"-1398014701",semicircles,distance,"7658.31",m,altitude,"14.399999999999977",m,speed,"2.93",m/s,unknown,"0",,unknown,"100",,heart_rate,"100",bpm,cadence,"0",rpm,fractional_cadence,"0.0",rpm,enhanced_altitude,"14.399999999999977",m,enhanced_speed,"2.93",m/s,,,,,,,,,,,,,,,,,,,,,,,,,,,,,,,,,,,,,,,,,,,,,,,,,,,,,,,,,,,,,,,,,,,,,,,,,,,,,,,,,,,,,,,,,,,,,,,,,,,,,,,,,,,,,,,,,,,,,,,,,,,,,,,,,,,,,,,,,,,,,,,,,,,,,,,,,,,,,,,,,,,
Data,12,record,timestamp,"944857301",s,position_lat,"390273586",semicircles,position_long,"-1398013840",semicircles,distance,"7693.07",m,altitude,"14.399999999999977",m,speed,"3.228",m/s,unknown,"0",,unknown,"100",,heart_rate,"99",bpm,cadence,"0",rpm,fractional_cadence,"0.0",rpm,enhanced_altitude,"14.399999999999977",m,enhanced_speed,"3.228",m/s,,,,,,,,,,,,,,,,,,,,,,,,,,,,,,,,,,,,,,,,,,,,,,,,,,,,,,,,,,,,,,,,,,,,,,,,,,,,,,,,,,,,,,,,,,,,,,,,,,,,,,,,,,,,,,,,,,,,,,,,,,,,,,,,,,,,,,,,,,,,,,,,,,,,,,,,,,,,,,,,,,,
Data,12,record,timestamp,"944857306",s,position_lat,"390271903",semicircles,position_long,"-1398013545",semicircles,distance,"7708.89",m,altitude,"14.399999999999977",m,speed,"3.107",m/s,unknown,"0",,unknown,"100",,heart_rate,"94",bpm,cadence,"0",rpm,fractional_cadence,"0.0",rpm,enhanced_altitude,"14.399999999999977",m,enhanced_speed,"3.107",m/s,,,,,,,,,,,,,,,,,,,,,,,,,,,,,,,,,,,,,,,,,,,,,,,,,,,,,,,,,,,,,,,,,,,,,,,,,,,,,,,,,,,,,,,,,,,,,,,,,,,,,,,,,,,,,,,,,,,,,,,,,,,,,,,,,,,,,,,,,,,,,,,,,,,,,,,,,,,,,,,,,,,
Data,12,record,timestamp,"944857309",s,position_lat,"390270952",semicircles,position_long,"-1398013292",semicircles,distance,"7717.96",m,altitude,"14.399999999999977",m,speed,"3.023",m/s,unknown,"0",,unknown,"100",,heart_rate,"97",bpm,cadence,"0",rpm,fractional_cadence,"0.0",rpm,enhanced_altitude,"14.399999999999977",m,enhanced_speed,"3.023",m/s,,,,,,,,,,,,,,,,,,,,,,,,,,,,,,,,,,,,,,,,,,,,,,,,,,,,,,,,,,,,,,,,,,,,,,,,,,,,,,,,,,,,,,,,,,,,,,,,,,,,,,,,,,,,,,,,,,,,,,,,,,,,,,,,,,,,,,,,,,,,,,,,,,,,,,,,,,,,,,,,,,,
Data,12,record,timestamp,"944857314",s,position_lat,"390269521",semicircles,position_long,"-1398012866",semicircles,distance,"7731.68",m,altitude,"14.600000000000023",m,speed,"2.809",m/s,unknown,"0",,unknown,"100",,heart_rate,"98",bpm,cadence,"0",rpm,fractional_cadence,"0.0",rpm,enhanced_altitude,"14.600000000000023",m,enhanced_speed,"2.809",m/s,,,,,,,,,,,,,,,,,,,,,,,,,,,,,,,,,,,,,,,,,,,,,,,,,,,,,,,,,,,,,,,,,,,,,,,,,,,,,,,,,,,,,,,,,,,,,,,,,,,,,,,,,,,,,,,,,,,,,,,,,,,,,,,,,,,,,,,,,,,,,,,,,,,,,,,,,,,,,,,,,,,
Data,12,record,timestamp,"944857327",s,position_lat,"390265873",semicircles,position_long,"-1398011464",semicircles,distance,"7767.34",m,altitude,"14.399999999999977",m,speed,"2.678",m/s,unknown,"0",,unknown,"100",,heart_rate,"98",bpm,cadence,"0",rpm,fractional_cadence,"0.0",rpm,enhanced_altitude,"14.399999999999977",m,enhanced_speed,"2.678",m/s,,,,,,,,,,,,,,,,,,,,,,,,,,,,,,,,,,,,,,,,,,,,,,,,,,,,,,,,,,,,,,,,,,,,,,,,,,,,,,,,,,,,,,,,,,,,,,,,,,,,,,,,,,,,,,,,,,,,,,,,,,,,,,,,,,,,,,,,,,,,,,,,,,,,,,,,,,,,,,,,,,,
Data,12,record,timestamp,"944857333",s,position_lat,"390264274",semicircles,position_long,"-1398010746",semicircles,distance,"7783.22",m,altitude,"14.399999999999977",m,speed,"2.725",m/s,unknown,"0",,unknown,"100",,heart_rate,"95",bpm,cadence,"0",rpm,fractional_cadence,"0.0",rpm,enhanced_altitude,"14.399999999999977",m,enhanced_speed,"2.725",m/s,,,,,,,,,,,,,,,,,,,,,,,,,,,,,,,,,,,,,,,,,,,,,,,,,,,,,,,,,,,,,,,,,,,,,,,,,,,,,,,,,,,,,,,,,,,,,,,,,,,,,,,,,,,,,,,,,,,,,,,,,,,,,,,,,,,,,,,,,,,,,,,,,,,,,,,,,,,,,,,,,,,
Data,12,record,timestamp,"944857342",s,position_lat,"390261738",semicircles,position_long,"-1398009643",semicircles,distance,"7808.35",m,altitude,"14.200000000000045",m,speed,"2.883",m/s,unknown,"0",,unknown,"100",,heart_rate,"94",bpm,cadence,"0",rpm,fractional_cadence,"0.0",rpm,enhanced_altitude,"14.200000000000045",m,enhanced_speed,"2.883",m/s,,,,,,,,,,,,,,,,,,,,,,,,,,,,,,,,,,,,,,,,,,,,,,,,,,,,,,,,,,,,,,,,,,,,,,,,,,,,,,,,,,,,,,,,,,,,,,,,,,,,,,,,,,,,,,,,,,,,,,,,,,,,,,,,,,,,,,,,,,,,,,,,,,,,,,,,,,,,,,,,,,,
Data,12,record,timestamp,"944857348",s,position_lat,"390259899",semicircles,position_long,"-1398008789",semicircles,distance,"7826.72",m,altitude,"14.399999999999977",m,speed,"3.07",m/s,unknown,"0",,unknown,"100",,heart_rate,"91",bpm,cadence,"0",rpm,fractional_cadence,"0.0",rpm,enhanced_altitude,"14.399999999999977",m,enhanced_speed,"3.07",m/s,,,,,,,,,,,,,,,,,,,,,,,,,,,,,,,,,,,,,,,,,,,,,,,,,,,,,,,,,,,,,,,,,,,,,,,,,,,,,,,,,,,,,,,,,,,,,,,,,,,,,,,,,,,,,,,,,,,,,,,,,,,,,,,,,,,,,,,,,,,,,,,,,,,,,,,,,,,,,,,,,,,
Data,12,record,timestamp,"944857356",s,position_lat,"390257396",semicircles,position_long,"-1398007707",semicircles,distance,"7851.5",m,altitude,"14.399999999999977",m,speed,"2.995",m/s,unknown,"0",,unknown,"100",,heart_rate,"90",bpm,cadence,"0",rpm,fractional_cadence,"0.0",rpm,enhanced_altitude,"14.399999999999977",m,enhanced_speed,"2.995",m/s,,,,,,,,,,,,,,,,,,,,,,,,,,,,,,,,,,,,,,,,,,,,,,,,,,,,,,,,,,,,,,,,,,,,,,,,,,,,,,,,,,,,,,,,,,,,,,,,,,,,,,,,,,,,,,,,,,,,,,,,,,,,,,,,,,,,,,,,,,,,,,,,,,,,,,,,,,,,,,,,,,,
Data,12,record,timestamp,"944857363",s,position_lat,"390255119",semicircles,position_long,"-1398006812",semicircles,distance,"7873.79",m,altitude,"14.200000000000045",m,speed,"3.135",m/s,unknown,"0",,unknown,"100",,heart_rate,"87",bpm,cadence,"0",rpm,fractional_cadence,"0.0",rpm,enhanced_altitude,"14.200000000000045",m,enhanced_speed,"3.135",m/s,,,,,,,,,,,,,,,,,,,,,,,,,,,,,,,,,,,,,,,,,,,,,,,,,,,,,,,,,,,,,,,,,,,,,,,,,,,,,,,,,,,,,,,,,,,,,,,,,,,,,,,,,,,,,,,,,,,,,,,,,,,,,,,,,,,,,,,,,,,,,,,,,,,,,,,,,,,,,,,,,,,
Data,12,record,timestamp,"944857370",s,position_lat,"390253089",semicircles,position_long,"-1398005877",semicircles,distance,"7894.03",m,altitude,"14.200000000000045",m,speed,"2.902",m/s,unknown,"0",,unknown,"100",,heart_rate,"90",bpm,cadence,"0",rpm,fractional_cadence,"0.0",rpm,enhanced_altitude,"14.200000000000045",m,enhanced_speed,"2.902",m/s,,,,,,,,,,,,,,,,,,,,,,,,,,,,,,,,,,,,,,,,,,,,,,,,,,,,,,,,,,,,,,,,,,,,,,,,,,,,,,,,,,,,,,,,,,,,,,,,,,,,,,,,,,,,,,,,,,,,,,,,,,,,,,,,,,,,,,,,,,,,,,,,,,,,,,,,,,,,,,,,,,,
Data,12,record,timestamp,"944857372",s,position_lat,"390252520",semicircles,position_long,"-1398005669",semicircles,distance,"7899.57",m,altitude,"14.200000000000045",m,speed,"2.79",m/s,unknown,"0",,unknown,"100",,heart_rate,"87",bpm,cadence,"0",rpm,fractional_cadence,"0.0",rpm,enhanced_altitude,"14.200000000000045",m,enhanced_speed,"2.79",m/s,,,,,,,,,,,,,,,,,,,,,,,,,,,,,,,,,,,,,,,,,,,,,,,,,,,,,,,,,,,,,,,,,,,,,,,,,,,,,,,,,,,,,,,,,,,,,,,,,,,,,,,,,,,,,,,,,,,,,,,,,,,,,,,,,,,,,,,,,,,,,,,,,,,,,,,,,,,,,,,,,,,
Data,12,record,timestamp,"944857376",s,position_lat,"390251393",semicircles,position_long,"-1398005185",semicircles,distance,"7910.72",m,altitude,"14.200000000000045",m,speed,"2.818",m/s,unknown,"0",,unknown,"100",,heart_rate,"91",bpm,cadence,"50",rpm,fractional_cadence,"0.5",rpm,enhanced_altitude,"14.200000000000045",m,enhanced_speed,"2.818",m/s,,,,,,,,,,,,,,,,,,,,,,,,,,,,,,,,,,,,,,,,,,,,,,,,,,,,,,,,,,,,,,,,,,,,,,,,,,,,,,,,,,,,,,,,,,,,,,,,,,,,,,,,,,,,,,,,,,,,,,,,,,,,,,,,,,,,,,,,,,,,,,,,,,,,,,,,,,,,,,,,,,,
Data,12,record,timestamp,"944857379",s,position_lat,"390250530",semicircles,position_long,"-1398004777",semicircles,distance,"7919.36",m,altitude,"14.200000000000045",m,speed,"2.837",m/s,unknown,"0",,unknown,"100",,heart_rate,"94",bpm,cadence,"0",rpm,fractional_cadence,"0.0",rpm,enhanced_altitude,"14.200000000000045",m,enhanced_speed,"2.837",m/s,,,,,,,,,,,,,,,,,,,,,,,,,,,,,,,,,,,,,,,,,,,,,,,,,,,,,,,,,,,,,,,,,,,,,,,,,,,,,,,,,,,,,,,,,,,,,,,,,,,,,,,,,,,,,,,,,,,,,,,,,,,,,,,,,,,,,,,,,,,,,,,,,,,,,,,,,,,,,,,,,,,
Data,12,record,timestamp,"944857383",s,position_lat,"390249413",semicircles,position_long,"-1398004236",semicircles,distance,"7930.57",m,altitude,"14.399999999999977",m,speed,"2.846",m/s,unknown,"0",,unknown,"100",,heart_rate,"97",bpm,cadence,"0",rpm,fractional_cadence,"0.0",rpm,enhanced_altitude,"14.399999999999977",m,enhanced_speed,"2.846",m/s,,,,,,,,,,,,,,,,,,,,,,,,,,,,,,,,,,,,,,,,,,,,,,,,,,,,,,,,,,,,,,,,,,,,,,,,,,,,,,,,,,,,,,,,,,,,,,,,,,,,,,,,,,,,,,,,,,,,,,,,,,,,,,,,,,,,,,,,,,,,,,,,,,,,,,,,,,,,,,,,,,,
Data,12,record,timestamp,"944857386",s,position_lat,"390248617",semicircles,position_long,"-1398003771",semicircles,distance,"7938.83",m,altitude,"14.200000000000045",m,speed,"2.762",m/s,unknown,"0",,unknown,"100",,heart_rate,"100",bpm,cadence,"0",rpm,fractional_cadence,"0.0",rpm,enhanced_altitude,"14.200000000000045",m,enhanced_speed,"2.762",m/s,,,,,,,,,,,,,,,,,,,,,,,,,,,,,,,,,,,,,,,,,,,,,,,,,,,,,,,,,,,,,,,,,,,,,,,,,,,,,,,,,,,,,,,,,,,,,,,,,,,,,,,,,,,,,,,,,,,,,,,,,,,,,,,,,,,,,,,,,,,,,,,,,,,,,,,,,,,,,,,,,,,
Data,12,record,timestamp,"944857388",s,position_lat,"390247995",semicircles,position_long,"-1398003480",semicircles,distance,"7945.04",m,altitude,"14.200000000000045",m,speed,"2.902",m/s,unknown,"0",,unknown,"100",,heart_rate,"97",bpm,cadence,"0",rpm,fractional_cadence,"0.0",rpm,enhanced_altitude,"14.200000000000045",m,enhanced_speed,"2.902",m/s,,,,,,,,,,,,,,,,,,,,,,,,,,,,,,,,,,,,,,,,,,,,,,,,,,,,,,,,,,,,,,,,,,,,,,,,,,,,,,,,,,,,,,,,,,,,,,,,,,,,,,,,,,,,,,,,,,,,,,,,,,,,,,,,,,,,,,,,,,,,,,,,,,,,,,,,,,,,,,,,,,,
Data,12,record,timestamp,"944857396",s,position_lat,"390245712",semicircles,position_long,"-1398002118",semicircles,distance,"7968.8",m,altitude,"14.399999999999977",m,speed,"2.799",m/s,unknown,"0",,unknown,"100",,heart_rate,"100",bpm,cadence,"0",rpm,fractional_cadence,"0.0",rpm,enhanced_altitude,"14.399999999999977",m,enhanced_speed,"2.799",m/s,,,,,,,,,,,,,,,,,,,,,,,,,,,,,,,,,,,,,,,,,,,,,,,,,,,,,,,,,,,,,,,,,,,,,,,,,,,,,,,,,,,,,,,,,,,,,,,,,,,,,,,,,,,,,,,,,,,,,,,,,,,,,,,,,,,,,,,,,,,,,,,,,,,,,,,,,,,,,,,,,,,
Data,12,record,timestamp,"944857398",s,position_lat,"390245163",semicircles,position_long,"-1398001768",semicircles,distance,"7974.59",m,altitude,"14.399999999999977",m,speed,"2.79",m/s,unknown,"0",,unknown,"300",,heart_rate,"103",bpm,cadence,"0",rpm,fractional_cadence,"0.0",rpm,enhanced_altitude,"14.399999999999977",m,enhanced_speed,"2.79",m/s,,,,,,,,,,,,,,,,,,,,,,,,,,,,,,,,,,,,,,,,,,,,,,,,,,,,,,,,,,,,,,,,,,,,,,,,,,,,,,,,,,,,,,,,,,,,,,,,,,,,,,,,,,,,,,,,,,,,,,,,,,,,,,,,,,,,,,,,,,,,,,,,,,,,,,,,,,,,,,,,,,,
Data,12,record,timestamp,"944857411",s,position_lat,"390241738",semicircles,position_long,"-1397999514",semicircles,distance,"8011.01",m,altitude,"14.200000000000045",m,speed,"2.575",m/s,unknown,"0",,unknown,"100",,heart_rate,"100",bpm,cadence,"0",rpm,fractional_cadence,"0.0",rpm,enhanced_altitude,"14.200000000000045",m,enhanced_speed,"2.575",m/s,,,,,,,,,,,,,,,,,,,,,,,,,,,,,,,,,,,,,,,,,,,,,,,,,,,,,,,,,,,,,,,,,,,,,,,,,,,,,,,,,,,,,,,,,,,,,,,,,,,,,,,,,,,,,,,,,,,,,,,,,,,,,,,,,,,,,,,,,,,,,,,,,,,,,,,,,,,,,,,,,,,
Data,12,record,timestamp,"944857415",s,position_lat,"390240773",semicircles,position_long,"-1397998866",semicircles,distance,"8021.34",m,altitude,"14.200000000000045",m,speed,"2.65",m/s,unknown,"0",,unknown,"300",,heart_rate,"100",bpm,cadence,"0",rpm,fractional_cadence,"0.0",rpm,enhanced_altitude,"14.200000000000045",m,enhanced_speed,"2.65",m/s,,,,,,,,,,,,,,,,,,,,,,,,,,,,,,,,,,,,,,,,,,,,,,,,,,,,,,,,,,,,,,,,,,,,,,,,,,,,,,,,,,,,,,,,,,,,,,,,,,,,,,,,,,,,,,,,,,,,,,,,,,,,,,,,,,,,,,,,,,,,,,,,,,,,,,,,,,,,,,,,,,,
Data,12,record,timestamp,"944857418",s,position_lat,"390240051",semicircles,position_long,"-1397998417",semicircles,distance,"8028.92",m,altitude,"14.200000000000045",m,speed,"2.491",m/s,unknown,"0",,unknown,"100",,heart_rate,"97",bpm,cadence,"0",rpm,fractional_cadence,"0.0",rpm,enhanced_altitude,"14.200000000000045",m,enhanced_speed,"2.491",m/s,,,,,,,,,,,,,,,,,,,,,,,,,,,,,,,,,,,,,,,,,,,,,,,,,,,,,,,,,,,,,,,,,,,,,,,,,,,,,,,,,,,,,,,,,,,,,,,,,,,,,,,,,,,,,,,,,,,,,,,,,,,,,,,,,,,,,,,,,,,,,,,,,,,,,,,,,,,,,,,,,,,
Data,12,record,timestamp,"944857428",s,position_lat,"390237685",semicircles,position_long,"-1397996722",semicircles,distance,"8054.65",m,altitude,"14.200000000000045",m,speed,"2.603",m/s,unknown,"0",,unknown,"100",,heart_rate,"100",bpm,cadence,"0",rpm,fractional_cadence,"0.0",rpm,enhanced_altitude,"14.200000000000045",m,enhanced_speed,"2.603",m/s,,,,,,,,,,,,,,,,,,,,,,,,,,,,,,,,,,,,,,,,,,,,,,,,,,,,,,,,,,,,,,,,,,,,,,,,,,,,,,,,,,,,,,,,,,,,,,,,,,,,,,,,,,,,,,,,,,,,,,,,,,,,,,,,,,,,,,,,,,,,,,,,,,,,,,,,,,,,,,,,,,,
Data,12,record,timestamp,"944857429",s,position_lat,"390237433",semicircles,position_long,"-1397996612",semicircles,distance,"8057.13",m,altitude,"14.200000000000045",m,speed,"2.566",m/s,unknown,"0",,unknown,"100",,heart_rate,"96",bpm,cadence,"0",rpm,fractional_cadence,"0.0",rpm,enhanced_altitude,"14.200000000000045",m,enhanced_speed,"2.566",m/s,,,,,,,,,,,,,,,,,,,,,,,,,,,,,,,,,,,,,,,,,,,,,,,,,,,,,,,,,,,,,,,,,,,,,,,,,,,,,,,,,,,,,,,,,,,,,,,,,,,,,,,,,,,,,,,,,,,,,,,,,,,,,,,,,,,,,,,,,,,,,,,,,,,,,,,,,,,,,,,,,,,
Data,12,record,timestamp,"944857441",s,position_lat,"390234588",semicircles,position_long,"-1397994428",semicircles,distance,"8089.18",m,altitude,"14.600000000000023",m,speed,"2.445",m/s,unknown,"0",,unknown,"100",,heart_rate,"95",bpm,cadence,"0",rpm,fractional_cadence,"0.0",rpm,enhanced_altitude,"14.600000000000023",m,enhanced_speed,"2.445",m/s,,,,,,,,,,,,,,,,,,,,,,,,,,,,,,,,,,,,,,,,,,,,,,,,,,,,,,,,,,,,,,,,,,,,,,,,,,,,,,,,,,,,,,,,,,,,,,,,,,,,,,,,,,,,,,,,,,,,,,,,,,,,,,,,,,,,,,,,,,,,,,,,,,,,,,,,,,,,,,,,,,,
Data,12,record,timestamp,"944857447",s,position_lat,"390234144",semicircles,position_long,"-1397992951",semicircles,distance,"8101.41",m,altitude,"14.600000000000023",m,speed,"2.155",m/s,unknown,"0",,unknown,"100",,heart_rate,"98",bpm,cadence,"0",rpm,fractional_cadence,"0.0",rpm,enhanced_altitude,"14.600000000000023",m,enhanced_speed,"2.155",m/s,,,,,,,,,,,,,,,,,,,,,,,,,,,,,,,,,,,,,,,,,,,,,,,,,,,,,,,,,,,,,,,,,,,,,,,,,,,,,,,,,,,,,,,,,,,,,,,,,,,,,,,,,,,,,,,,,,,,,,,,,,,,,,,,,,,,,,,,,,,,,,,,,,,,,,,,,,,,,,,,,,,
Data,12,record,timestamp,"944857450",s,position_lat,"390233931",semicircles,position_long,"-1397992165",semicircles,distance,"8107.9",m,altitude,"14.399999999999977",m,speed,"2.099",m/s,unknown,"0",,unknown,"100",,heart_rate,"97",bpm,cadence,"0",rpm,fractional_cadence,"0.0",rpm,enhanced_altitude,"14.399999999999977",m,enhanced_speed,"2.099",m/s,,,,,,,,,,,,,,,,,,,,,,,,,,,,,,,,,,,,,,,,,,,,,,,,,,,,,,,,,,,,,,,,,,,,,,,,,,,,,,,,,,,,,,,,,,,,,,,,,,,,,,,,,,,,,,,,,,,,,,,,,,,,,,,,,,,,,,,,,,,,,,,,,,,,,,,,,,,,,,,,,,,
Data,12,record,timestamp,"944857461",s,position_lat,"390233319",semicircles,position_long,"-1397989517",semicircles,distance,"8129.63",m,altitude,"14.399999999999977",m,speed,"1.969",m/s,unknown,"0",,unknown,"100",,heart_rate,"96",bpm,cadence,"0",rpm,fractional_cadence,"0.0",rpm,enhanced_altitude,"14.399999999999977",m,enhanced_speed,"1.969",m/s,,,,,,,,,,,,,,,,,,,,,,,,,,,,,,,,,,,,,,,,,,,,,,,,,,,,,,,,,,,,,,,,,,,,,,,,,,,,,,,,,,,,,,,,,,,,,,,,,,,,,,,,,,,,,,,,,,,,,,,,,,,,,,,,,,,,,,,,,,,,,,,,,,,,,,,,,,,,,,,,,,,
Data,12,record,timestamp,"944857474",s,position_lat,"390233481",semicircles,position_long,"-1397986124",semicircles,distance,"8156.49",m,altitude,"14.600000000000023",m,speed,"2.081",m/s,unknown,"0",,unknown,"100",,heart_rate,"94",bpm,cadence,"0",rpm,fractional_cadence,"0.0",rpm,enhanced_altitude,"14.600000000000023",m,enhanced_speed,"2.081",m/s,,,,,,,,,,,,,,,,,,,,,,,,,,,,,,,,,,,,,,,,,,,,,,,,,,,,,,,,,,,,,,,,,,,,,,,,,,,,,,,,,,,,,,,,,,,,,,,,,,,,,,,,,,,,,,,,,,,,,,,,,,,,,,,,,,,,,,,,,,,,,,,,,,,,,,,,,,,,,,,,,,,
Data,12,record,timestamp,"944857486",s,position_lat,"390234763",semicircles,position_long,"-1397983089",semicircles,distance,"8183.11",m,altitude,"14.600000000000023",m,speed,"2.249",m/s,unknown,"0",,unknown,"100",,heart_rate,"92",bpm,cadence,"0",rpm,fractional_cadence,"0.0",rpm,enhanced_altitude,"14.600000000000023",m,enhanced_speed,"2.249",m/s,,,,,,,,,,,,,,,,,,,,,,,,,,,,,,,,,,,,,,,,,,,,,,,,,,,,,,,,,,,,,,,,,,,,,,,,,,,,,,,,,,,,,,,,,,,,,,,,,,,,,,,,,,,,,,,,,,,,,,,,,,,,,,,,,,,,,,,,,,,,,,,,,,,,,,,,,,,,,,,,,,,
Data,12,record,timestamp,"944857497",s,position_lat,"390234966",semicircles,position_long,"-1397980247",semicircles,distance,"8205.74",m,altitude,"14.600000000000023",m,speed,"1.866",m/s,unknown,"0",,unknown,"100",,heart_rate,"91",bpm,cadence,"0",rpm,fractional_cadence,"0.0",rpm,enhanced_altitude,"14.600000000000023",m,enhanced_speed,"1.866",m/s,,,,,,,,,,,,,,,,,,,,,,,,,,,,,,,,,,,,,,,,,,,,,,,,,,,,,,,,,,,,,,,,,,,,,,,,,,,,,,,,,,,,,,,,,,,,,,,,,,,,,,,,,,,,,,,,,,,,,,,,,,,,,,,,,,,,,,,,,,,,,,,,,,,,,,,,,,,,,,,,,,,
Data,12,record,timestamp,"944857503",s,position_lat,"390234251",semicircles,position_long,"-1397979456",semicircles,distance,"8214.97",m,altitude,"14.799999999999955",m,speed,"1.642",m/s,unknown,"0",,unknown,"100",,heart_rate,"94",bpm,cadence,"0",rpm,fractional_cadence,"0.0",rpm,enhanced_altitude,"14.799999999999955",m,enhanced_speed,"1.642",m/s,,,,,,,,,,,,,,,,,,,,,,,,,,,,,,,,,,,,,,,,,,,,,,,,,,,,,,,,,,,,,,,,,,,,,,,,,,,,,,,,,,,,,,,,,,,,,,,,,,,,,,,,,,,,,,,,,,,,,,,,,,,,,,,,,,,,,,,,,,,,,,,,,,,,,,,,,,,,,,,,,,,
Data,12,record,timestamp,"944857504",s,position_lat,"390234098",semicircles,position_long,"-1397979346",semicircles,distance,"8216.63",m,altitude,"14.799999999999955",m,speed,"1.596",m/s,unknown,"0",,unknown,"100",,heart_rate,"94",bpm,cadence,"0",rpm,fractional_cadence,"0.0",rpm,enhanced_altitude,"14.799999999999955",m,enhanced_speed,"1.596",m/s,,,,,,,,,,,,,,,,,,,,,,,,,,,,,,,,,,,,,,,,,,,,,,,,,,,,,,,,,,,,,,,,,,,,,,,,,,,,,,,,,,,,,,,,,,,,,,,,,,,,,,,,,,,,,,,,,,,,,,,,,,,,,,,,,,,,,,,,,,,,,,,,,,,,,,,,,,,,,,,,,,,
Data,12,record,timestamp,"944857505",s,position_lat,"390233940",semicircles,position_long,"-1397979241",semicircles,distance,"8218.31",m,altitude,"14.799999999999955",m,speed,"1.605",m/s,unknown,"0",,unknown,"100",,heart_rate,"97",bpm,cadence,"0",rpm,fractional_cadence,"0.0",rpm,enhanced_altitude,"14.799999999999955",m,enhanced_speed,"1.605",m/s,,,,,,,,,,,,,,,,,,,,,,,,,,,,,,,,,,,,,,,,,,,,,,,,,,,,,,,,,,,,,,,,,,,,,,,,,,,,,,,,,,,,,,,,,,,,,,,,,,,,,,,,,,,,,,,,,,,,,,,,,,,,,,,,,,,,,,,,,,,,,,,,,,,,,,,,,,,,,,,,,,,
Data,12,record,timestamp,"944857506",s,position_lat,"390233758",semicircles,position_long,"-1397979151",semicircles,distance,"8220.13",m,altitude,"14.799999999999955",m,speed,"1.698",m/s,unknown,"0",,unknown,"100",,heart_rate,"94",bpm,cadence,"0",rpm,fractional_cadence,"0.0",rpm,enhanced_altitude,"14.799999999999955",m,enhanced_speed,"1.698",m/s,,,,,,,,,,,,,,,,,,,,,,,,,,,,,,,,,,,,,,,,,,,,,,,,,,,,,,,,,,,,,,,,,,,,,,,,,,,,,,,,,,,,,,,,,,,,,,,,,,,,,,,,,,,,,,,,,,,,,,,,,,,,,,,,,,,,,,,,,,,,,,,,,,,,,,,,,,,,,,,,,,,
Data,12,record,timestamp,"944857510",s,position_lat,"390232923",semicircles,position_long,"-1397978909",semicircles,distance,"8228.09",m,altitude,"14.799999999999955",m,speed,"1.969",m/s,unknown,"0",,unknown,"100",,heart_rate,"98",bpm,cadence,"0",rpm,fractional_cadence,"0.0",rpm,enhanced_altitude,"14.799999999999955",m,enhanced_speed,"1.969",m/s,,,,,,,,,,,,,,,,,,,,,,,,,,,,,,,,,,,,,,,,,,,,,,,,,,,,,,,,,,,,,,,,,,,,,,,,,,,,,,,,,,,,,,,,,,,,,,,,,,,,,,,,,,,,,,,,,,,,,,,,,,,,,,,,,,,,,,,,,,,,,,,,,,,,,,,,,,,,,,,,,,,
Data,12,record,timestamp,"944857514",s,position_lat,"390231833",semicircles,position_long,"-1397978871",semicircles,distance,"8238.18",m,altitude,"15.0",m,speed,"2.37",m/s,unknown,"0",,unknown,"100",,heart_rate,"100",bpm,cadence,"0",rpm,fractional_cadence,"0.0",rpm,enhanced_altitude,"15.0",m,enhanced_speed,"2.37",m/s,,,,,,,,,,,,,,,,,,,,,,,,,,,,,,,,,,,,,,,,,,,,,,,,,,,,,,,,,,,,,,,,,,,,,,,,,,,,,,,,,,,,,,,,,,,,,,,,,,,,,,,,,,,,,,,,,,,,,,,,,,,,,,,,,,,,,,,,,,,,,,,,,,,,,,,,,,,,,,,,,,,
Data,12,record,timestamp,"944857525",s,position_lat,"390228289",semicircles,position_long,"-1397978883",semicircles,distance,"8271.14",m,altitude,"15.0",m,speed,"3.079",m/s,unknown,"0",,unknown,"100",,heart_rate,"99",bpm,cadence,"0",rpm,fractional_cadence,"0.0",rpm,enhanced_altitude,"15.0",m,enhanced_speed,"3.079",m/s,,,,,,,,,,,,,,,,,,,,,,,,,,,,,,,,,,,,,,,,,,,,,,,,,,,,,,,,,,,,,,,,,,,,,,,,,,,,,,,,,,,,,,,,,,,,,,,,,,,,,,,,,,,,,,,,,,,,,,,,,,,,,,,,,,,,,,,,,,,,,,,,,,,,,,,,,,,,,,,,,,,
Data,12,record,timestamp,"944857534",s,position_lat,"390225064",semicircles,position_long,"-1397978598",semicircles,distance,"8301.22",m,altitude,"15.0",m,speed,"3.443",m/s,unknown,"0",,unknown,"100",,heart_rate,"95",bpm,cadence,"0",rpm,fractional_cadence,"0.0",rpm,enhanced_altitude,"15.0",m,enhanced_speed,"3.443",m/s,,,,,,,,,,,,,,,,,,,,,,,,,,,,,,,,,,,,,,,,,,,,,,,,,,,,,,,,,,,,,,,,,,,,,,,,,,,,,,,,,,,,,,,,,,,,,,,,,,,,,,,,,,,,,,,,,,,,,,,,,,,,,,,,,,,,,,,,,,,,,,,,,,,,,,,,,,,,,,,,,,,
Data,12,record,timestamp,"944857538",s,position_lat,"390223543",semicircles,position_long,"-1397978478",semicircles,distance,"8315.39",m,altitude,"14.799999999999955",m,speed,"3.471",m/s,unknown,"0",,unknown,"100",,heart_rate,"97",bpm,cadence,"0",rpm,fractional_cadence,"0.0",rpm,enhanced_altitude,"14.799999999999955",m,enhanced_speed,"3.471",m/s,,,,,,,,,,,,,,,,,,,,,,,,,,,,,,,,,,,,,,,,,,,,,,,,,,,,,,,,,,,,,,,,,,,,,,,,,,,,,,,,,,,,,,,,,,,,,,,,,,,,,,,,,,,,,,,,,,,,,,,,,,,,,,,,,,,,,,,,,,,,,,,,,,,,,,,,,,,,,,,,,,,
Data,12,record,timestamp,"944857543",s,position_lat,"390221768",semicircles,position_long,"-1397978379",semicircles,distance,"8331.91",m,altitude,"15.0",m,speed,"3.396",m/s,unknown,"0",,unknown,"100",,heart_rate,"93",bpm,cadence,"0",rpm,fractional_cadence,"0.0",rpm,enhanced_altitude,"15.0",m,enhanced_speed,"3.396",m/s,,,,,,,,,,,,,,,,,,,,,,,,,,,,,,,,,,,,,,,,,,,,,,,,,,,,,,,,,,,,,,,,,,,,,,,,,,,,,,,,,,,,,,,,,,,,,,,,,,,,,,,,,,,,,,,,,,,,,,,,,,,,,,,,,,,,,,,,,,,,,,,,,,,,,,,,,,,,,,,,,,,
Data,12,record,timestamp,"944857544",s,position_lat,"390221414",semicircles,position_long,"-1397978340",semicircles,distance,"8335.22",m,altitude,"14.799999999999955",m,speed,"3.443",m/s,unknown,"0",,unknown,"100",,heart_rate,"97",bpm,cadence,"0",rpm,fractional_cadence,"0.0",rpm,enhanced_altitude,"14.799999999999955",m,enhanced_speed,"3.443",m/s,,,,,,,,,,,,,,,,,,,,,,,,,,,,,,,,,,,,,,,,,,,,,,,,,,,,,,,,,,,,,,,,,,,,,,,,,,,,,,,,,,,,,,,,,,,,,,,,,,,,,,,,,,,,,,,,,,,,,,,,,,,,,,,,,,,,,,,,,,,,,,,,,,,,,,,,,,,,,,,,,,,
Data,12,record,timestamp,"944857547",s,position_lat,"390220191",semicircles,position_long,"-1397978113",semicircles,distance,"8346.71",m,altitude,"14.799999999999955",m,speed,"3.639",m/s,unknown,"0",,unknown,"100",,heart_rate,"94",bpm,cadence,"0",rpm,fractional_cadence,"0.0",rpm,enhanced_altitude,"14.799999999999955",m,enhanced_speed,"3.639",m/s,,,,,,,,,,,,,,,,,,,,,,,,,,,,,,,,,,,,,,,,,,,,,,,,,,,,,,,,,,,,,,,,,,,,,,,,,,,,,,,,,,,,,,,,,,,,,,,,,,,,,,,,,,,,,,,,,,,,,,,,,,,,,,,,,,,,,,,,,,,,,,,,,,,,,,,,,,,,,,,,,,,
Data,12,record,timestamp,"944857551",s,position_lat,"390218688",semicircles,position_long,"-1397977888",semicircles,distance,"8360.79",m,altitude,"14.799999999999955",m,speed,"3.48",m/s,unknown,"0",,unknown,"100",,heart_rate,"92",bpm,cadence,"0",rpm,fractional_cadence,"0.0",rpm,enhanced_altitude,"14.799999999999955",m,enhanced_speed,"3.48",m/s,,,,,,,,,,,,,,,,,,,,,,,,,,,,,,,,,,,,,,,,,,,,,,,,,,,,,,,,,,,,,,,,,,,,,,,,,,,,,,,,,,,,,,,,,,,,,,,,,,,,,,,,,,,,,,,,,,,,,,,,,,,,,,,,,,,,,,,,,,,,,,,,,,,,,,,,,,,,,,,,,,,
Data,12,record,timestamp,"944857566",s,position_lat,"390213103",semicircles,position_long,"-1397976646",semicircles,distance,"8413.78",m,altitude,"14.799999999999955",m,speed,"3.48",m/s,unknown,"0",,unknown,"100",,heart_rate,"91",bpm,cadence,"0",rpm,fractional_cadence,"0.0",rpm,enhanced_altitude,"14.799999999999955",m,enhanced_speed,"3.48",m/s,,,,,,,,,,,,,,,,,,,,,,,,,,,,,,,,,,,,,,,,,,,,,,,,,,,,,,,,,,,,,,,,,,,,,,,,,,,,,,,,,,,,,,,,,,,,,,,,,,,,,,,,,,,,,,,,,,,,,,,,,,,,,,,,,,,,,,,,,,,,,,,,,,,,,,,,,,,,,,,,,,,
Data,12,record,timestamp,"944857578",s,position_lat,"390208960",semicircles,position_long,"-1397974858",semicircles,distance,"8454.8",m,altitude,"14.799999999999955",m,speed,"3.387",m/s,unknown,"0",,unknown,"100",,heart_rate,"92",bpm,cadence,"0",rpm,fractional_cadence,"0.0",rpm,enhanced_altitude,"14.799999999999955",m,enhanced_speed,"3.387",m/s,,,,,,,,,,,,,,,,,,,,,,,,,,,,,,,,,,,,,,,,,,,,,,,,,,,,,,,,,,,,,,,,,,,,,,,,,,,,,,,,,,,,,,,,,,,,,,,,,,,,,,,,,,,,,,,,,,,,,,,,,,,,,,,,,,,,,,,,,,,,,,,,,,,,,,,,,,,,,,,,,,,
Data,12,record,timestamp,"944857579",s,position_lat,"390208632",semicircles,position_long,"-1397974696",semicircles,distance,"8458.1",m,altitude,"14.799999999999955",m,speed,"3.359",m/s,unknown,"0",,unknown,"100",,heart_rate,"88",bpm,cadence,"0",rpm,fractional_cadence,"0.0",rpm,enhanced_altitude,"14.799999999999955",m,enhanced_speed,"3.359",m/s,,,,,,,,,,,,,,,,,,,,,,,,,,,,,,,,,,,,,,,,,,,,,,,,,,,,,,,,,,,,,,,,,,,,,,,,,,,,,,,,,,,,,,,,,,,,,,,,,,,,,,,,,,,,,,,,,,,,,,,,,,,,,,,,,,,,,,,,,,,,,,,,,,,,,,,,,,,,,,,,,,,
Data,12,record,timestamp,"944857580",s,position_lat,"390208295",semicircles,position_long,"-1397974547",semicircles,distance,"8461.44",m,altitude,"14.799999999999955",m,speed,"3.34",m/s,unknown,"0",,unknown,"300",,heart_rate,"91",bpm,cadence,"0",rpm,fractional_cadence,"0.0",rpm,enhanced_altitude,"14.799999999999955",m,enhanced_speed,"3.34",m/s,,,,,,,,,,,,,,,,,,,,,,,,,,,,,,,,,,,,,,,,,,,,,,,,,,,,,,,,,,,,,,,,,,,,,,,,,,,,,,,,,,,,,,,,,,,,,,,,,,,,,,,,,,,,,,,,,,,,,,,,,,,,,,,,,,,,,,,,,,,,,,,,,,,,,,,,,,,,,,,,,,,
Data,12,record,timestamp,"944857592",s,position_lat,"390204336",semicircles,position_long,"-1397972823",semicircles,distance,"8500.7",m,altitude,"14.799999999999955",m,speed,"3.247",m/s,unknown,"0",,unknown,"100",,heart_rate,"89",bpm,cadence,"0",rpm,fractional_cadence,"0.0",rpm,enhanced_altitude,"14.799999999999955",m,enhanced_speed,"3.247",m/s,,,,,,,,,,,,,,,,,,,,,,,,,,,,,,,,,,,,,,,,,,,,,,,,,,,,,,,,,,,,,,,,,,,,,,,,,,,,,,,,,,,,,,,,,,,,,,,,,,,,,,,,,,,,,,,,,,,,,,,,,,,,,,,,,,,,,,,,,,,,,,,,,,,,,,,,,,,,,,,,,,,
Data,12,record,timestamp,"944857605",s,position_lat,"390200281",semicircles,position_long,"-1397970955",semicircles,distance,"8541.21",m,altitude,"14.799999999999955",m,speed,"2.995",m/s,unknown,"0",,unknown,"100",,heart_rate,"90",bpm,cadence,"0",rpm,fractional_cadence,"0.0",rpm,enhanced_altitude,"14.799999999999955",m,enhanced_speed,"2.995",m/s,,,,,,,,,,,,,,,,,,,,,,,,,,,,,,,,,,,,,,,,,,,,,,,,,,,,,,,,,,,,,,,,,,,,,,,,,,,,,,,,,,,,,,,,,,,,,,,,,,,,,,,,,,,,,,,,,,,,,,,,,,,,,,,,,,,,,,,,,,,,,,,,,,,,,,,,,,,,,,,,,,,
Data,12,record,timestamp,"944857611",s,position_lat,"390198316",semicircles,position_long,"-1397970257",semicircles,distance,"8560.32",m,altitude,"14.799999999999955",m,speed,"3.107",m/s,unknown,"0",,unknown,"100",,heart_rate,"86",bpm,cadence,"0",rpm,fractional_cadence,"0.0",rpm,enhanced_altitude,"14.799999999999955",m,enhanced_speed,"3.107",m/s,,,,,,,,,,,,,,,,,,,,,,,,,,,,,,,,,,,,,,,,,,,,,,,,,,,,,,,,,,,,,,,,,,,,,,,,,,,,,,,,,,,,,,,,,,,,,,,,,,,,,,,,,,,,,,,,,,,,,,,,,,,,,,,,,,,,,,,,,,,,,,,,,,,,,,,,,,,,,,,,,,,
Data,12,record,timestamp,"944857617",s,position_lat,"390196372",semicircles,position_long,"-1397969717",semicircles,distance,"8578.87",m,altitude,"14.799999999999955",m,speed,"3.098",m/s,unknown,"0",,unknown,"100",,heart_rate,"87",bpm,cadence,"0",rpm,fractional_cadence,"0.0",rpm,enhanced_altitude,"14.799999999999955",m,enhanced_speed,"3.098",m/s,,,,,,,,,,,,,,,,,,,,,,,,,,,,,,,,,,,,,,,,,,,,,,,,,,,,,,,,,,,,,,,,,,,,,,,,,,,,,,,,,,,,,,,,,,,,,,,,,,,,,,,,,,,,,,,,,,,,,,,,,,,,,,,,,,,,,,,,,,,,,,,,,,,,,,,,,,,,,,,,,,,
Data,12,record,timestamp,"944857621",s,position_lat,"390195092",semicircles,position_long,"-1397969348",semicircles,distance,"8591.13",m,altitude,"14.600000000000023",m,speed,"3.07",m/s,unknown,"0",,unknown,"300",,heart_rate,"90",bpm,cadence,"0",rpm,fractional_cadence,"0.0",rpm,enhanced_altitude,"14.600000000000023",m,enhanced_speed,"3.07",m/s,,,,,,,,,,,,,,,,,,,,,,,,,,,,,,,,,,,,,,,,,,,,,,,,,,,,,,,,,,,,,,,,,,,,,,,,,,,,,,,,,,,,,,,,,,,,,,,,,,,,,,,,,,,,,,,,,,,,,,,,,,,,,,,,,,,,,,,,,,,,,,,,,,,,,,,,,,,,,,,,,,,
Data,12,record,timestamp,"944857625",s,position_lat,"390193745",semicircles,position_long,"-1397968975",semicircles,distance,"8603.98",m,altitude,"14.600000000000023",m,speed,"3.182",m/s,unknown,"0",,unknown,"100",,heart_rate,"93",bpm,cadence,"0",rpm,fractional_cadence,"0.0",rpm,enhanced_altitude,"14.600000000000023",m,enhanced_speed,"3.182",m/s,,,,,,,,,,,,,,,,,,,,,,,,,,,,,,,,,,,,,,,,,,,,,,,,,,,,,,,,,,,,,,,,,,,,,,,,,,,,,,,,,,,,,,,,,,,,,,,,,,,,,,,,,,,,,,,,,,,,,,,,,,,,,,,,,,,,,,,,,,,,,,,,,,,,,,,,,,,,,,,,,,,
Data,12,record,timestamp,"944857627",s,position_lat,"390193120",semicircles,position_long,"-1397968808",semicircles,distance,"8609.95",m,altitude,"14.600000000000023",m,speed,"3.107",m/s,unknown,"0",,unknown,"100",,heart_rate,"97",bpm,cadence,"0",rpm,fractional_cadence,"0.0",rpm,enhanced_altitude,"14.600000000000023",m,enhanced_speed,"3.107",m/s,,,,,,,,,,,,,,,,,,,,,,,,,,,,,,,,,,,,,,,,,,,,,,,,,,,,,,,,,,,,,,,,,,,,,,,,,,,,,,,,,,,,,,,,,,,,,,,,,,,,,,,,,,,,,,,,,,,,,,,,,,,,,,,,,,,,,,,,,,,,,,,,,,,,,,,,,,,,,,,,,,,
Data,12,record,timestamp,"944857630",s,position_lat,"390192210",semicircles,position_long,"-1397968452",semicircles,distance,"8618.85",m,altitude,"14.399999999999977",m,speed,"3.051",m/s,unknown,"0",,unknown,"100",,heart_rate,"100",bpm,cadence,"0",rpm,fractional_cadence,"0.0",rpm,enhanced_altitude,"14.399999999999977",m,enhanced_speed,"3.051",m/s,,,,,,,,,,,,,,,,,,,,,,,,,,,,,,,,,,,,,,,,,,,,,,,,,,,,,,,,,,,,,,,,,,,,,,,,,,,,,,,,,,,,,,,,,,,,,,,,,,,,,,,,,,,,,,,,,,,,,,,,,,,,,,,,,,,,,,,,,,,,,,,,,,,,,,,,,,,,,,,,,,,
Data,12,record,timestamp,"944857631",s,position_lat,"390191947",semicircles,position_long,"-1397968291",semicircles,distance,"8621.59",m,altitude,"14.399999999999977",m,speed,"2.958",m/s,unknown,"0",,unknown,"100",,heart_rate,"99",bpm,cadence,"0",rpm,fractional_cadence,"0.0",rpm,enhanced_altitude,"14.399999999999977",m,enhanced_speed,"2.958",m/s,,,,,,,,,,,,,,,,,,,,,,,,,,,,,,,,,,,,,,,,,,,,,,,,,,,,,,,,,,,,,,,,,,,,,,,,,,,,,,,,,,,,,,,,,,,,,,,,,,,,,,,,,,,,,,,,,,,,,,,,,,,,,,,,,,,,,,,,,,,,,,,,,,,,,,,,,,,,,,,,,,,
Data,12,record,timestamp,"944857634",s,position_lat,"390191253",semicircles,position_long,"-1397967655",semicircles,distance,"8629.67",m,altitude,"14.399999999999977",m,speed,"2.837",m/s,unknown,"0",,unknown,"100",,heart_rate,"103",bpm,cadence,"0",rpm,fractional_cadence,"0.0",rpm,enhanced_altitude,"14.399999999999977",m,enhanced_speed,"2.837",m/s,,,,,,,,,,,,,,,,,,,,,,,,,,,,,,,,,,,,,,,,,,,,,,,,,,,,,,,,,,,,,,,,,,,,,,,,,,,,,,,,,,,,,,,,,,,,,,,,,,,,,,,,,,,,,,,,,,,,,,,,,,,,,,,,,,,,,,,,,,,,,,,,,,,,,,,,,,,,,,,,,,,
Data,12,record,timestamp,"944857638",s,position_lat,"390190697",semicircles,position_long,"-1397966740",semicircles,distance,"8638.43",m,altitude,"14.399999999999977",m,speed,"2.258",m/s,unknown,"0",,unknown,"100",,heart_rate,"106",bpm,cadence,"0",rpm,fractional_cadence,"0.0",rpm,enhanced_altitude,"14.399999999999977",m,enhanced_speed,"2.258",m/s,,,,,,,,,,,,,,,,,,,,,,,,,,,,,,,,,,,,,,,,,,,,,,,,,,,,,,,,,,,,,,,,,,,,,,,,,,,,,,,,,,,,,,,,,,,,,,,,,,,,,,,,,,,,,,,,,,,,,,,,,,,,,,,,,,,,,,,,,,,,,,,,,,,,,,,,,,,,,,,,,,,
Data,12,record,timestamp,"944857648",s,position_lat,"390189224",semicircles,position_long,"-1397964935",semicircles,distance,"8658.65",m,altitude,"14.399999999999977",m,speed,"2.006",m/s,unknown,"0",,unknown,"100",,heart_rate,"105",bpm,cadence,"0",rpm,fractional_cadence,"0.0",rpm,enhanced_altitude,"14.399999999999977",m,enhanced_speed,"2.006",m/s,,,,,,,,,,,,,,,,,,,,,,,,,,,,,,,,,,,,,,,,,,,,,,,,,,,,,,,,,,,,,,,,,,,,,,,,,,,,,,,,,,,,,,,,,,,,,,,,,,,,,,,,,,,,,,,,,,,,,,,,,,,,,,,,,,,,,,,,,,,,,,,,,,,,,,,,,,,,,,,,,,,
Data,12,record,timestamp,"944857650",s,position_lat,"390188780",semicircles,position_long,"-1397964698",semicircles,distance,"8663.19",m,altitude,"14.399999999999977",m,speed,"2.071",m/s,unknown,"0",,unknown,"300",,heart_rate,"109",bpm,cadence,"0",rpm,fractional_cadence,"0.0",rpm,enhanced_altitude,"14.399999999999977",m,enhanced_speed,"2.071",m/s,,,,,,,,,,,,,,,,,,,,,,,,,,,,,,,,,,,,,,,,,,,,,,,,,,,,,,,,,,,,,,,,,,,,,,,,,,,,,,,,,,,,,,,,,,,,,,,,,,,,,,,,,,,,,,,,,,,,,,,,,,,,,,,,,,,,,,,,,,,,,,,,,,,,,,,,,,,,,,,,,,,
Data,12,record,timestamp,"944857659",s,position_lat,"390186476",semicircles,position_long,"-1397963850",semicircles,distance,"8685.6",m,altitude,"14.399999999999977",m,speed,"2.435",m/s,unknown,"0",,unknown,"100",,heart_rate,"110",bpm,cadence,"0",rpm,fractional_cadence,"0.0",rpm,enhanced_altitude,"14.399999999999977",m,enhanced_speed,"2.435",m/s,,,,,,,,,,,,,,,,,,,,,,,,,,,,,,,,,,,,,,,,,,,,,,,,,,,,,,,,,,,,,,,,,,,,,,,,,,,,,,,,,,,,,,,,,,,,,,,,,,,,,,,,,,,,,,,,,,,,,,,,,,,,,,,,,,,,,,,,,,,,,,,,,,,,,,,,,,,,,,,,,,,
Data,12,record,timestamp,"944857673",s,position_lat,"390182881",semicircles,position_long,"-1397962598",semicircles,distance,"8720.45",m,altitude,"14.399999999999977",m,speed,"2.575",m/s,unknown,"0",,unknown,"100",,heart_rate,"111",bpm,cadence,"0",rpm,fractional_cadence,"0.0",rpm,enhanced_altitude,"14.399999999999977",m,enhanced_speed,"2.575",m/s,,,,,,,,,,,,,,,,,,,,,,,,,,,,,,,,,,,,,,,,,,,,,,,,,,,,,,,,,,,,,,,,,,,,,,,,,,,,,,,,,,,,,,,,,,,,,,,,,,,,,,,,,,,,,,,,,,,,,,,,,,,,,,,,,,,,,,,,,,,,,,,,,,,,,,,,,,,,,,,,,,,
Data,12,record,timestamp,"944857683",s,position_lat,"390180325",semicircles,position_long,"-1397961688",semicircles,distance,"8745.28",m,altitude,"14.399999999999977",m,speed,"2.519",m/s,unknown,"0",,unknown,"100",,heart_rate,"107",bpm,cadence,"0",rpm,fractional_cadence,"0.0",rpm,enhanced_altitude,"14.399999999999977",m,enhanced_speed,"2.519",m/s,,,,,,,,,,,,,,,,,,,,,,,,,,,,,,,,,,,,,,,,,,,,,,,,,,,,,,,,,,,,,,,,,,,,,,,,,,,,,,,,,,,,,,,,,,,,,,,,,,,,,,,,,,,,,,,,,,,,,,,,,,,,,,,,,,,,,,,,,,,,,,,,,,,,,,,,,,,,,,,,,,,
Data,12,record,timestamp,"944857687",s,position_lat,"390179382",semicircles,position_long,"-1397961169",semicircles,distance,"8754.93",m,altitude,"14.399999999999977",m,speed,"2.426",m/s,unknown,"0",,unknown,"100",,heart_rate,"107",bpm,cadence,"0",rpm,fractional_cadence,"0.0",rpm,enhanced_altitude,"14.399999999999977",m,enhanced_speed,"2.426",m/s,,,,,,,,,,,,,,,,,,,,,,,,,,,,,,,,,,,,,,,,,,,,,,,,,,,,,,,,,,,,,,,,,,,,,,,,,,,,,,,,,,,,,,,,,,,,,,,,,,,,,,,,,,,,,,,,,,,,,,,,,,,,,,,,,,,,,,,,,,,,,,,,,,,,,,,,,,,,,,,,,,,
Data,12,record,timestamp,"944857693",s,position_lat,"390177962",semicircles,position_long,"-1397960283",semicircles,distance,"8769.85",m,altitude,"14.200000000000045",m,speed,"2.547",m/s,unknown,"0",,unknown,"100",,heart_rate,"104",bpm,cadence,"0",rpm,fractional_cadence,"0.0",rpm,enhanced_altitude,"14.200000000000045",m,enhanced_speed,"2.547",m/s,,,,,,,,,,,,,,,,,,,,,,,,,,,,,,,,,,,,,,,,,,,,,,,,,,,,,,,,,,,,,,,,,,,,,,,,,,,,,,,,,,,,,,,,,,,,,,,,,,,,,,,,,,,,,,,,,,,,,,,,,,,,,,,,,,,,,,,,,,,,,,,,,,,,,,,,,,,,,,,,,,,
Data,12,record,timestamp,"944857696",s,position_lat,"390177168",semicircles,position_long,"-1397959774",semicircles,distance,"8778.25",m,altitude,"14.200000000000045",m,speed,"2.781",m/s,unknown,"0",,unknown,"100",,heart_rate,"107",bpm,cadence,"0",rpm,fractional_cadence,"0.0",rpm,enhanced_altitude,"14.200000000000045",m,enhanced_speed,"2.781",m/s,,,,,,,,,,,,,,,,,,,,,,,,,,,,,,,,,,,,,,,,,,,,,,,,,,,,,,,,,,,,,,,,,,,,,,,,,,,,,,,,,,,,,,,,,,,,,,,,,,,,,,,,,,,,,,,,,,,,,,,,,,,,,,,,,,,,,,,,,,,,,,,,,,,,,,,,,,,,,,,,,,,
Data,12,record,timestamp,"944857700",s,position_lat,"390176213",semicircles,position_long,"-1397959141",semicircles,distance,"8788.41",m,altitude,"14.200000000000045",m,speed,"2.622",m/s,unknown,"0",,unknown,"100",,heart_rate,"106",bpm,cadence,"0",rpm,fractional_cadence,"0.0",rpm,enhanced_altitude,"14.200000000000045",m,enhanced_speed,"2.622",m/s,,,,,,,,,,,,,,,,,,,,,,,,,,,,,,,,,,,,,,,,,,,,,,,,,,,,,,,,,,,,,,,,,,,,,,,,,,,,,,,,,,,,,,,,,,,,,,,,,,,,,,,,,,,,,,,,,,,,,,,,,,,,,,,,,,,,,,,,,,,,,,,,,,,,,,,,,,,,,,,,,,,
Data,12,record,timestamp,"944857703",s,position_lat,"390175510",semicircles,position_long,"-1397958720",semicircles,distance,"8795.74",m,altitude,"14.0",m,speed,"2.491",m/s,unknown,"0",,unknown,"100",,heart_rate,"109",bpm,cadence,"0",rpm,fractional_cadence,"0.0",rpm,enhanced_altitude,"14.0",m,enhanced_speed,"2.491",m/s,,,,,,,,,,,,,,,,,,,,,,,,,,,,,,,,,,,,,,,,,,,,,,,,,,,,,,,,,,,,,,,,,,,,,,,,,,,,,,,,,,,,,,,,,,,,,,,,,,,,,,,,,,,,,,,,,,,,,,,,,,,,,,,,,,,,,,,,,,,,,,,,,,,,,,,,,,,,,,,,,,,
Data,12,record,timestamp,"944857713",s,position_lat,"390173424",semicircles,position_long,"-1397957284",semicircles,distance,"8818.19",m,altitude,"14.200000000000045",m,speed,"2.267",m/s,unknown,"0",,unknown,"100",,heart_rate,"112",bpm,cadence,"0",rpm,fractional_cadence,"0.0",rpm,enhanced_altitude,"14.200000000000045",m,enhanced_speed,"2.267",m/s,,,,,,,,,,,,,,,,,,,,,,,,,,,,,,,,,,,,,,,,,,,,,,,,,,,,,,,,,,,,,,,,,,,,,,,,,,,,,,,,,,,,,,,,,,,,,,,,,,,,,,,,,,,,,,,,,,,,,,,,,,,,,,,,,,,,,,,,,,,,,,,,,,,,,,,,,,,,,,,,,,,
Data,12,record,timestamp,"944857716",s,position_lat,"390172816",semicircles,position_long,"-1397956909",semicircles,distance,"8824.56",m,altitude,"14.200000000000045",m,speed,"2.221",m/s,unknown,"0",,unknown,"100",,heart_rate,"115",bpm,cadence,"0",rpm,fractional_cadence,"0.0",rpm,enhanced_altitude,"14.200000000000045",m,enhanced_speed,"2.221",m/s,,,,,,,,,,,,,,,,,,,,,,,,,,,,,,,,,,,,,,,,,,,,,,,,,,,,,,,,,,,,,,,,,,,,,,,,,,,,,,,,,,,,,,,,,,,,,,,,,,,,,,,,,,,,,,,,,,,,,,,,,,,,,,,,,,,,,,,,,,,,,,,,,,,,,,,,,,,,,,,,,,,
Data,12,record,timestamp,"944857723",s,position_lat,"390171265",semicircles,position_long,"-1397956031",semicircles,distance,"8840.53",m,altitude,"14.0",m,speed,"2.305",m/s,unknown,"0",,unknown,"100",,heart_rate,"112",bpm,cadence,"0",rpm,fractional_cadence,"0.0",rpm,enhanced_altitude,"14.0",m,enhanced_speed,"2.305",m/s,,,,,,,,,,,,,,,,,,,,,,,,,,,,,,,,,,,,,,,,,,,,,,,,,,,,,,,,,,,,,,,,,,,,,,,,,,,,,,,,,,,,,,,,,,,,,,,,,,,,,,,,,,,,,,,,,,,,,,,,,,,,,,,,,,,,,,,,,,,,,,,,,,,,,,,,,,,,,,,,,,,
Data,12,record,timestamp,"944857726",s,position_lat,"390170631",semicircles,position_long,"-1397955488",semicircles,distance,"8847.8",m,altitude,"14.0",m,speed,"2.445",m/s,unknown,"0",,unknown,"100",,heart_rate,"112",bpm,cadence,"0",rpm,fractional_cadence,"0.0",rpm,enhanced_altitude,"14.0",m,enhanced_speed,"2.445",m/s,,,,,,,,,,,,,,,,,,,,,,,,,,,,,,,,,,,,,,,,,,,,,,,,,,,,,,,,,,,,,,,,,,,,,,,,,,,,,,,,,,,,,,,,,,,,,,,,,,,,,,,,,,,,,,,,,,,,,,,,,,,,,,,,,,,,,,,,,,,,,,,,,,,,,,,,,,,,,,,,,,,
Data,12,record,timestamp,"944857734",s,position_lat,"390169784",semicircles,position_long,"-1397953451",semicircles,distance,"8865.73",m,altitude,"14.0",m,speed,"2.081",m/s,unknown,"0",,unknown,"100",,heart_rate,"113",bpm,cadence,"0",rpm,fractional_cadence,"0.0",rpm,enhanced_altitude,"14.0",m,enhanced_speed,"2.081",m/s,,,,,,,,,,,,,,,,,,,,,,,,,,,,,,,,,,,,,,,,,,,,,,,,,,,,,,,,,,,,,,,,,,,,,,,,,,,,,,,,,,,,,,,,,,,,,,,,,,,,,,,,,,,,,,,,,,,,,,,,,,,,,,,,,,,,,,,,,,,,,,,,,,,,,,,,,,,,,,,,,,,
Data,12,record,timestamp,"944857744",s,position_lat,"390168680",semicircles,position_long,"-1397951316",semicircles,distance,"8885.76",m,altitude,"14.200000000000045",m,speed,"1.95",m/s,unknown,"0",,unknown,"100",,heart_rate,"114",bpm,cadence,"0",rpm,fractional_cadence,"0.0",rpm,enhanced_altitude,"14.200000000000045",m,enhanced_speed,"1.95",m/s,,,,,,,,,,,,,,,,,,,,,,,,,,,,,,,,,,,,,,,,,,,,,,,,,,,,,,,,,,,,,,,,,,,,,,,,,,,,,,,,,,,,,,,,,,,,,,,,,,,,,,,,,,,,,,,,,,,,,,,,,,,,,,,,,,,,,,,,,,,,,,,,,,,,,,,,,,,,,,,,,,,
Data,12,record,timestamp,"944857754",s,position_lat,"390166516",semicircles,position_long,"-1397949679",semicircles,distance,"8909.7",m,altitude,"14.0",m,speed,"2.501",m/s,unknown,"0",,unknown,"100",,heart_rate,"114",bpm,cadence,"0",rpm,fractional_cadence,"0.0",rpm,enhanced_altitude,"14.0",m,enhanced_speed,"2.501",m/s,,,,,,,,,,,,,,,,,,,,,,,,,,,,,,,,,,,,,,,,,,,,,,,,,,,,,,,,,,,,,,,,,,,,,,,,,,,,,,,,,,,,,,,,,,,,,,,,,,,,,,,,,,,,,,,,,,,,,,,,,,,,,,,,,,,,,,,,,,,,,,,,,,,,,,,,,,,,,,,,,,,
Data,12,record,timestamp,"944857764",s,position_lat,"390164185",semicircles,position_long,"-1397947864",semicircles,distance,"8935.79",m,altitude,"13.799999999999955",m,speed,"2.631",m/s,unknown,"0",,unknown,"100",,heart_rate,"117",bpm,cadence,"0",rpm,fractional_cadence,"0.0",rpm,enhanced_altitude,"13.799999999999955",m,enhanced_speed,"2.631",m/s,,,,,,,,,,,,,,,,,,,,,,,,,,,,,,,,,,,,,,,,,,,,,,,,,,,,,,,,,,,,,,,,,,,,,,,,,,,,,,,,,,,,,,,,,,,,,,,,,,,,,,,,,,,,,,,,,,,,,,,,,,,,,,,,,,,,,,,,,,,,,,,,,,,,,,,,,,,,,,,,,,,
Data,12,record,timestamp,"944857767",s,position_lat,"390163955",semicircles,position_long,"-1397947133",semicircles,distance,"8941.61",m,altitude,"13.799999999999955",m,speed,"2.333",m/s,unknown,"0",,unknown,"100",,heart_rate,"115",bpm,cadence,"0",rpm,fractional_cadence,"0.0",rpm,enhanced_altitude,"13.799999999999955",m,enhanced_speed,"2.333",m/s,,,,,,,,,,,,,,,,,,,,,,,,,,,,,,,,,,,,,,,,,,,,,,,,,,,,,,,,,,,,,,,,,,,,,,,,,,,,,,,,,,,,,,,,,,,,,,,,,,,,,,,,,,,,,,,,,,,,,,,,,,,,,,,,,,,,,,,,,,,,,,,,,,,,,,,,,,,,,,,,,,,
Data,12,record,timestamp,"944857776",s,position_lat,"390161714",semicircles,position_long,"-1397945609",semicircles,distance,"8965.79",m,altitude,"13.799999999999955",m,speed,"2.603",m/s,unknown,"0",,unknown,"100",,heart_rate,"116",bpm,cadence,"53",rpm,fractional_cadence,"0.0",rpm,enhanced_altitude,"13.799999999999955",m,enhanced_speed,"2.603",m/s,,,,,,,,,,,,,,,,,,,,,,,,,,,,,,,,,,,,,,,,,,,,,,,,,,,,,,,,,,,,,,,,,,,,,,,,,,,,,,,,,,,,,,,,,,,,,,,,,,,,,,,,,,,,,,,,,,,,,,,,,,,,,,,,,,,,,,,,,,,,,,,,,,,,,,,,,,,,,,,,,,,
Data,12,record,timestamp,"944857778",s,position_lat,"390161086",semicircles,position_long,"-1397945432",semicircles,distance,"8971.79",m,altitude,"14.0",m,speed,"2.846",m/s,unknown,"0",,unknown,"100",,heart_rate,"113",bpm,cadence,"0",rpm,fractional_cadence,"0.0",rpm,enhanced_altitude,"14.0",m,enhanced_speed,"2.846",m/s,,,,,,,,,,,,,,,,,,,,,,,,,,,,,,,,,,,,,,,,,,,,,,,,,,,,,,,,,,,,,,,,,,,,,,,,,,,,,,,,,,,,,,,,,,,,,,,,,,,,,,,,,,,,,,,,,,,,,,,,,,,,,,,,,,,,,,,,,,,,,,,,,,,,,,,,,,,,,,,,,,,
Data,12,record,timestamp,"944857779",s,position_lat,"390160754",semicircles,position_long,"-1397945378",semicircles,distance,"8974.89",m,altitude,"14.0",m,speed,"2.911",m/s,unknown,"0",,unknown,"100",,heart_rate,"116",bpm,cadence,"0",rpm,fractional_cadence,"0.0",rpm,enhanced_altitude,"14.0",m,enhanced_speed,"2.911",m/s,,,,,,,,,,,,,,,,,,,,,,,,,,,,,,,,,,,,,,,,,,,,,,,,,,,,,,,,,,,,,,,,,,,,,,,,,,,,,,,,,,,,,,,,,,,,,,,,,,,,,,,,,,,,,,,,,,,,,,,,,,,,,,,,,,,,,,,,,,,,,,,,,,,,,,,,,,,,,,,,,,,
Data,12,record,timestamp,"944857785",s,position_lat,"390158714",semicircles,position_long,"-1397944844",semicircles,distance,"8994.34",m,altitude,"14.0",m,speed,"3.163",m/s,unknown,"0",,unknown,"100",,heart_rate,"116",bpm,cadence,"0",rpm,fractional_cadence,"0.0",rpm,enhanced_altitude,"14.0",m,enhanced_speed,"3.163",m/s,,,,,,,,,,,,,,,,,,,,,,,,,,,,,,,,,,,,,,,,,,,,,,,,,,,,,,,,,,,,,,,,,,,,,,,,,,,,,,,,,,,,,,,,,,,,,,,,,,,,,,,,,,,,,,,,,,,,,,,,,,,,,,,,,,,,,,,,,,,,,,,,,,,,,,,,,,,,,,,,,,,
Data,12,record,timestamp,"944857790",s,position_lat,"390157379",semicircles,position_long,"-1397943726",semicircles,distance,"9009.65",m,altitude,"14.0",m,speed,"3.154",m/s,unknown,"0",,unknown,"100",,heart_rate,"113",bpm,cadence,"0",rpm,fractional_cadence,"0.0",rpm,enhanced_altitude,"14.0",m,enhanced_speed,"3.154",m/s,,,,,,,,,,,,,,,,,,,,,,,,,,,,,,,,,,,,,,,,,,,,,,,,,,,,,,,,,,,,,,,,,,,,,,,,,,,,,,,,,,,,,,,,,,,,,,,,,,,,,,,,,,,,,,,,,,,,,,,,,,,,,,,,,,,,,,,,,,,,,,,,,,,,,,,,,,,,,,,,,,,
Data,12,record,timestamp,"944857792",s,position_lat,"390157030",semicircles,position_long,"-1397943123",semicircles,distance,"9015.33",m,altitude,"14.0",m,speed,"2.958",m/s,unknown,"0",,unknown,"100",,heart_rate,"115",bpm,cadence,"0",rpm,fractional_cadence,"0.0",rpm,enhanced_altitude,"14.0",m,enhanced_speed,"2.958",m/s,,,,,,,,,,,,,,,,,,,,,,,,,,,,,,,,,,,,,,,,,,,,,,,,,,,,,,,,,,,,,,,,,,,,,,,,,,,,,,,,,,,,,,,,,,,,,,,,,,,,,,,,,,,,,,,,,,,,,,,,,,,,,,,,,,,,,,,,,,,,,,,,,,,,,,,,,,,,,,,,,,,
Data,12,record,timestamp,"944857799",s,position_lat,"390156714",semicircles,position_long,"-1397940964",semicircles,distance,"9032.43",m,altitude,"14.0",m,speed,"2.435",m/s,unknown,"0",,unknown,"100",,heart_rate,"114",bpm,cadence,"0",rpm,fractional_cadence,"0.0",rpm,enhanced_altitude,"14.0",m,enhanced_speed,"2.435",m/s,,,,,,,,,,,,,,,,,,,,,,,,,,,,,,,,,,,,,,,,,,,,,,,,,,,,,,,,,,,,,,,,,,,,,,,,,,,,,,,,,,,,,,,,,,,,,,,,,,,,,,,,,,,,,,,,,,,,,,,,,,,,,,,,,,,,,,,,,,,,,,,,,,,,,,,,,,,,,,,,,,,
Data,12,record,timestamp,"944857808",s,position_lat,"390157246",semicircles,position_long,"-1397937295",semicircles,distance,"9061.42",m,altitude,"13.799999999999955",m,speed,"3.228",m/s,unknown,"0",,unknown,"100",,heart_rate,"114",bpm,cadence,"0",rpm,fractional_cadence,"0.0",rpm,enhanced_altitude,"13.799999999999955",m,enhanced_speed,"3.228",m/s,,,,,,,,,,,,,,,,,,,,,,,,,,,,,,,,,,,,,,,,,,,,,,,,,,,,,,,,,,,,,,,,,,,,,,,,,,,,,,,,,,,,,,,,,,,,,,,,,,,,,,,,,,,,,,,,,,,,,,,,,,,,,,,,,,,,,,,,,,,,,,,,,,,,,,,,,,,,,,,,,,,
Data,12,record,timestamp,"944857818",s,position_lat,"390157949",semicircles,position_long,"-1397933011",semicircles,distance,"9095.8",m,altitude,"14.0",m,speed,"3.247",m/s,unknown,"0",,unknown,"100",,heart_rate,"113",bpm,cadence,"0",rpm,fractional_cadence,"0.0",rpm,enhanced_altitude,"14.0",m,enhanced_speed,"3.247",m/s,,,,,,,,,,,,,,,,,,,,,,,,,,,,,,,,,,,,,,,,,,,,,,,,,,,,,,,,,,,,,,,,,,,,,,,,,,,,,,,,,,,,,,,,,,,,,,,,,,,,,,,,,,,,,,,,,,,,,,,,,,,,,,,,,,,,,,,,,,,,,,,,,,,,,,,,,,,,,,,,,,,
Data,12,record,timestamp,"944857830",s,position_lat,"390157760",semicircles,position_long,"-1397928465",semicircles,distance,"9131.66",m,altitude,"14.0",m,speed,"2.846",m/s,unknown,"0",,unknown,"100",,heart_rate,"114",bpm,cadence,"0",rpm,fractional_cadence,"0.0",rpm,enhanced_altitude,"14.0",m,enhanced_speed,"2.846",m/s,,,,,,,,,,,,,,,,,,,,,,,,,,,,,,,,,,,,,,,,,,,,,,,,,,,,,,,,,,,,,,,,,,,,,,,,,,,,,,,,,,,,,,,,,,,,,,,,,,,,,,,,,,,,,,,,,,,,,,,,,,,,,,,,,,,,,,,,,,,,,,,,,,,,,,,,,,,,,,,,,,,
Data,12,record,timestamp,"944857842",s,position_lat,"390157484",semicircles,position_long,"-1397924280",semicircles,distance,"9164.74",m,altitude,"13.799999999999955",m,speed,"2.809",m/s,unknown,"0",,unknown,"300",,heart_rate,"110",bpm,cadence,"0",rpm,fractional_cadence,"0.0",rpm,enhanced_altitude,"13.799999999999955",m,enhanced_speed,"2.809",m/s,,,,,,,,,,,,,,,,,,,,,,,,,,,,,,,,,,,,,,,,,,,,,,,,,,,,,,,,,,,,,,,,,,,,,,,,,,,,,,,,,,,,,,,,,,,,,,,,,,,,,,,,,,,,,,,,,,,,,,,,,,,,,,,,,,,,,,,,,,,,,,,,,,,,,,,,,,,,,,,,,,,
Data,12,record,timestamp,"944857855",s,position_lat,"390157835",semicircles,position_long,"-1397919590",semicircles,distance,"9201.82",m,altitude,"14.0",m,speed,"2.958",m/s,unknown,"0",,unknown,"300",,heart_rate,"108",bpm,cadence,"0",rpm,fractional_cadence,"0.0",rpm,enhanced_altitude,"14.0",m,enhanced_speed,"2.958",m/s,,,,,,,,,,,,,,,,,,,,,,,,,,,,,,,,,,,,,,,,,,,,,,,,,,,,,,,,,,,,,,,,,,,,,,,,,,,,,,,,,,,,,,,,,,,,,,,,,,,,,,,,,,,,,,,,,,,,,,,,,,,,,,,,,,,,,,,,,,,,,,,,,,,,,,,,,,,,,,,,,,,
Data,12,record,timestamp,"944857865",s,position_lat,"390158781",semicircles,position_long,"-1397915697",semicircles,distance,"9233.64",m,altitude,"14.200000000000045",m,speed,"3.266",m/s,unknown,"0",,unknown,"300",,heart_rate,"105",bpm,cadence,"0",rpm,fractional_cadence,"0.0",rpm,enhanced_altitude,"14.200000000000045",m,enhanced_speed,"3.266",m/s,,,,,,,,,,,,,,,,,,,,,,,,,,,,,,,,,,,,,,,,,,,,,,,,,,,,,,,,,,,,,,,,,,,,,,,,,,,,,,,,,,,,,,,,,,,,,,,,,,,,,,,,,,,,,,,,,,,,,,,,,,,,,,,,,,,,,,,,,,,,,,,,,,,,,,,,,,,,,,,,,,,
Data,12,record,timestamp,"944857869",s,position_lat,"390159369",semicircles,position_long,"-1397913968",semicircles,distance,"9248.22",m,altitude,"14.200000000000045",m,speed,"3.527",m/s,unknown,"0",,unknown,"300",,heart_rate,"104",bpm,cadence,"0",rpm,fractional_cadence,"0.0",rpm,enhanced_altitude,"14.200000000000045",m,enhanced_speed,"3.527",m/s,,,,,,,,,,,,,,,,,,,,,,,,,,,,,,,,,,,,,,,,,,,,,,,,,,,,,,,,,,,,,,,,,,,,,,,,,,,,,,,,,,,,,,,,,,,,,,,,,,,,,,,,,,,,,,,,,,,,,,,,,,,,,,,,,,,,,,,,,,,,,,,,,,,,,,,,,,,,,,,,,,,
Data,12,record,timestamp,"944857876",s,position_lat,"390159946",semicircles,position_long,"-1397910836",semicircles,distance,"9273.44",m,altitude,"14.200000000000045",m,speed,"3.499",m/s,unknown,"0",,unknown,"100",,heart_rate,"100",bpm,cadence,"0",rpm,fractional_cadence,"0.0",rpm,enhanced_altitude,"14.200000000000045",m,enhanced_speed,"3.499",m/s,,,,,,,,,,,,,,,,,,,,,,,,,,,,,,,,,,,,,,,,,,,,,,,,,,,,,,,,,,,,,,,,,,,,,,,,,,,,,,,,,,,,,,,,,,,,,,,,,,,,,,,,,,,,,,,,,,,,,,,,,,,,,,,,,,,,,,,,,,,,,,,,,,,,,,,,,,,,,,,,,,,
Data,12,record,timestamp,"944857882",s,position_lat,"390160460",semicircles,position_long,"-1397908060",semicircles,distance,"9295.76",m,altitude,"14.200000000000045",m,speed,"3.686",m/s,unknown,"0",,unknown,"100",,heart_rate,"98",bpm,cadence,"0",rpm,fractional_cadence,"0.0",rpm,enhanced_altitude,"14.200000000000045",m,enhanced_speed,"3.686",m/s,,,,,,,,,,,,,,,,,,,,,,,,,,,,,,,,,,,,,,,,,,,,,,,,,,,,,,,,,,,,,,,,,,,,,,,,,,,,,,,,,,,,,,,,,,,,,,,,,,,,,,,,,,,,,,,,,,,,,,,,,,,,,,,,,,,,,,,,,,,,,,,,,,,,,,,,,,,,,,,,,,,
Data,12,record,timestamp,"944857894",s,position_lat,"390161246",semicircles,position_long,"-1397902538",semicircles,distance,"9339.79",m,altitude,"14.0",m,speed,"3.443",m/s,unknown,"0",,unknown,"100",,heart_rate,"95",bpm,cadence,"0",rpm,fractional_cadence,"0.0",rpm,enhanced_altitude,"14.0",m,enhanced_speed,"3.443",m/s,,,,,,,,,,,,,,,,,,,,,,,,,,,,,,,,,,,,,,,,,,,,,,,,,,,,,,,,,,,,,,,,,,,,,,,,,,,,,,,,,,,,,,,,,,,,,,,,,,,,,,,,,,,,,,,,,,,,,,,,,,,,,,,,,,,,,,,,,,,,,,,,,,,,,,,,,,,,,,,,,,,
Data,12,record,timestamp,"944857896",s,position_lat,"390161307",semicircles,position_long,"-1397901705",semicircles,distance,"9346.36",m,altitude,"14.0",m,speed,"3.331",m/s,unknown,"0",,unknown,"100",,heart_rate,"96",bpm,cadence,"0",rpm,fractional_cadence,"0.0",rpm,enhanced_altitude,"14.0",m,enhanced_speed,"3.331",m/s,,,,,,,,,,,,,,,,,,,,,,,,,,,,,,,,,,,,,,,,,,,,,,,,,,,,,,,,,,,,,,,,,,,,,,,,,,,,,,,,,,,,,,,,,,,,,,,,,,,,,,,,,,,,,,,,,,,,,,,,,,,,,,,,,,,,,,,,,,,,,,,,,,,,,,,,,,,,,,,,,,,
Data,12,record,timestamp,"944857899",s,position_lat,"390161472",semicircles,position_long,"-1397900438",semicircles,distance,"9356.42",m,altitude,"14.0",m,speed,"3.312",m/s,unknown,"0",,unknown,"100",,heart_rate,"92",bpm,cadence,"0",rpm,fractional_cadence,"0.0",rpm,enhanced_altitude,"14.0",m,enhanced_speed,"3.312",m/s,,,,,,,,,,,,,,,,,,,,,,,,,,,,,,,,,,,,,,,,,,,,,,,,,,,,,,,,,,,,,,,,,,,,,,,,,,,,,,,,,,,,,,,,,,,,,,,,,,,,,,,,,,,,,,,,,,,,,,,,,,,,,,,,,,,,,,,,,,,,,,,,,,,,,,,,,,,,,,,,,,,
Data,12,record,timestamp,"944857900",s,position_lat,"390161513",semicircles,position_long,"-1397900018",semicircles,distance,"9359.75",m,altitude,"14.0",m,speed,"3.359",m/s,unknown,"0",,unknown,"100",,heart_rate,"95",bpm,cadence,"0",rpm,fractional_cadence,"0.0",rpm,enhanced_altitude,"14.0",m,enhanced_speed,"3.359",m/s,,,,,,,,,,,,,,,,,,,,,,,,,,,,,,,,,,,,,,,,,,,,,,,,,,,,,,,,,,,,,,,,,,,,,,,,,,,,,,,,,,,,,,,,,,,,,,,,,,,,,,,,,,,,,,,,,,,,,,,,,,,,,,,,,,,,,,,,,,,,,,,,,,,,,,,,,,,,,,,,,,,
Data,12,record,timestamp,"944857912",s,position_lat,"390162232",semicircles,position_long,"-1397894716",semicircles,distance,"9401.96",m,altitude,"14.200000000000045",m,speed,"3.462",m/s,unknown,"0",,unknown,"100",,heart_rate,"94",bpm,cadence,"0",rpm,fractional_cadence,"0.0",rpm,enhanced_altitude,"14.200000000000045",m,enhanced_speed,"3.462",m/s,,,,,,,,,,,,,,,,,,,,,,,,,,,,,,,,,,,,,,,,,,,,,,,,,,,,,,,,,,,,,,,,,,,,,,,,,,,,,,,,,,,,,,,,,,,,,,,,,,,,,,,,,,,,,,,,,,,,,,,,,,,,,,,,,,,,,,,,,,,,,,,,,,,,,,,,,,,,,,,,,,,
Data,12,record,timestamp,"944857915",s,position_lat,"390162300",semicircles,position_long,"-1397893397",semicircles,distance,"9412.34",m,altitude,"14.200000000000045",m,speed,"3.518",m/s,unknown,"0",,unknown,"100",,heart_rate,"91",bpm,cadence,"0",rpm,fractional_cadence,"0.0",rpm,enhanced_altitude,"14.200000000000045",m,enhanced_speed,"3.518",m/s,,,,,,,,,,,,,,,,,,,,,,,,,,,,,,,,,,,,,,,,,,,,,,,,,,,,,,,,,,,,,,,,,,,,,,,,,,,,,,,,,,,,,,,,,,,,,,,,,,,,,,,,,,,,,,,,,,,,,,,,,,,,,,,,,,,,,,,,,,,,,,,,,,,,,,,,,,,,,,,,,,,
Data,12,record,timestamp,"944857926",s,position_lat,"390162621",semicircles,position_long,"-1397888361",semicircles,distance,"9452.05",m,altitude,"14.200000000000045",m,speed,"3.564",m/s,unknown,"0",,unknown,"100",,heart_rate,"88",bpm,cadence,"0",rpm,fractional_cadence,"0.0",rpm,enhanced_altitude,"14.200000000000045",m,enhanced_speed,"3.564",m/s,,,,,,,,,,,,,,,,,,,,,,,,,,,,,,,,,,,,,,,,,,,,,,,,,,,,,,,,,,,,,,,,,,,,,,,,,,,,,,,,,,,,,,,,,,,,,,,,,,,,,,,,,,,,,,,,,,,,,,,,,,,,,,,,,,,,,,,,,,,,,,,,,,,,,,,,,,,,,,,,,,,
Data,12,record,timestamp,"944857928",s,position_lat,"390162571",semicircles,position_long,"-1397887510",semicircles,distance,"9458.72",m,altitude,"14.200000000000045",m,speed,"3.312",m/s,unknown,"0",,unknown,"100",,heart_rate,"91",bpm,cadence,"0",rpm,fractional_cadence,"0.0",rpm,enhanced_altitude,"14.200000000000045",m,enhanced_speed,"3.312",m/s,,,,,,,,,,,,,,,,,,,,,,,,,,,,,,,,,,,,,,,,,,,,,,,,,,,,,,,,,,,,,,,,,,,,,,,,,,,,,,,,,,,,,,,,,,,,,,,,,,,,,,,,,,,,,,,,,,,,,,,,,,,,,,,,,,,,,,,,,,,,,,,,,,,,,,,,,,,,,,,,,,,
Data,12,record,timestamp,"944857932",s,position_lat,"390162120",semicircles,position_long,"-1397886152",semicircles,distance,"9469.93",m,altitude,"14.200000000000045",m,speed,"2.622",m/s,unknown,"0",,unknown,"100",,heart_rate,"94",bpm,cadence,"0",rpm,fractional_cadence,"0.0",rpm,enhanced_altitude,"14.200000000000045",m,enhanced_speed,"2.622",m/s,,,,,,,,,,,,,,,,,,,,,,,,,,,,,,,,,,,,,,,,,,,,,,,,,,,,,,,,,,,,,,,,,,,,,,,,,,,,,,,,,,,,,,,,,,,,,,,,,,,,,,,,,,,,,,,,,,,,,,,,,,,,,,,,,,,,,,,,,,,,,,,,,,,,,,,,,,,,,,,,,,,
Data,12,record,timestamp,"944857933",s,position_lat,"390161859",semicircles,position_long,"-1397885809",semicircles,distance,"9473.35",m,altitude,"14.200000000000045",m,speed,"2.79",m/s,unknown,"0",,unknown,"100",,heart_rate,"94",bpm,cadence,"0",rpm,fractional_cadence,"0.0",rpm,enhanced_altitude,"14.200000000000045",m,enhanced_speed,"2.79",m/s,,,,,,,,,,,,,,,,,,,,,,,,,,,,,,,,,,,,,,,,,,,,,,,,,,,,,,,,,,,,,,,,,,,,,,,,,,,,,,,,,,,,,,,,,,,,,,,,,,,,,,,,,,,,,,,,,,,,,,,,,,,,,,,,,,,,,,,,,,,,,,,,,,,,,,,,,,,,,,,,,,,
Data,12,record,timestamp,"944857937",s,position_lat,"390161071",semicircles,position_long,"-1397884891",semicircles,distance,"9483.48",m,altitude,"14.600000000000023",m,speed,"2.351",m/s,unknown,"0",,unknown,"100",,heart_rate,"97",bpm,cadence,"0",rpm,fractional_cadence,"0.0",rpm,enhanced_altitude,"14.600000000000023",m,enhanced_speed,"2.351",m/s,,,,,,,,,,,,,,,,,,,,,,,,,,,,,,,,,,,,,,,,,,,,,,,,,,,,,,,,,,,,,,,,,,,,,,,,,,,,,,,,,,,,,,,,,,,,,,,,,,,,,,,,,,,,,,,,,,,,,,,,,,,,,,,,,,,,,,,,,,,,,,,,,,,,,,,,,,,,,,,,,,,
Data,12,record,timestamp,"944857940",s,position_lat,"390160223",semicircles,position_long,"-1397884430",semicircles,distance,"9491.94",m,altitude,"14.600000000000023",m,speed,"2.585",m/s,unknown,"0",,unknown,"100",,heart_rate,"95",bpm,cadence,"0",rpm,fractional_cadence,"0.0",rpm,enhanced_altitude,"14.600000000000023",m,enhanced_speed,"2.585",m/s,,,,,,,,,,,,,,,,,,,,,,,,,,,,,,,,,,,,,,,,,,,,,,,,,,,,,,,,,,,,,,,,,,,,,,,,,,,,,,,,,,,,,,,,,,,,,,,,,,,,,,,,,,,,,,,,,,,,,,,,,,,,,,,,,,,,,,,,,,,,,,,,,,,,,,,,,,,,,,,,,,,
Data,12,record,timestamp,"944857942",s,position_lat,"390159688",semicircles,position_long,"-1397884127",semicircles,distance,"9497.43",m,altitude,"14.600000000000023",m,speed,"2.669",m/s,unknown,"0",,unknown,"100",,heart_rate,"98",bpm,cadence,"0",rpm,fractional_cadence,"0.0",rpm,enhanced_altitude,"14.600000000000023",m,enhanced_speed,"2.669",m/s,,,,,,,,,,,,,,,,,,,,,,,,,,,,,,,,,,,,,,,,,,,,,,,,,,,,,,,,,,,,,,,,,,,,,,,,,,,,,,,,,,,,,,,,,,,,,,,,,,,,,,,,,,,,,,,,,,,,,,,,,,,,,,,,,,,,,,,,,,,,,,,,,,,,,,,,,,,,,,,,,,,
Data,12,record,timestamp,"944857945",s,position_lat,"390158844",semicircles,position_long,"-1397883636",semicircles,distance,"9506.17",m,altitude,"14.600000000000023",m,speed,"2.883",m/s,unknown,"0",,unknown,"100",,heart_rate,"101",bpm,cadence,"0",rpm,fractional_cadence,"0.0",rpm,enhanced_altitude,"14.600000000000023",m,enhanced_speed,"2.883",m/s,,,,,,,,,,,,,,,,,,,,,,,,,,,,,,,,,,,,,,,,,,,,,,,,,,,,,,,,,,,,,,,,,,,,,,,,,,,,,,,,,,,,,,,,,,,,,,,,,,,,,,,,,,,,,,,,,,,,,,,,,,,,,,,,,,,,,,,,,,,,,,,,,,,,,,,,,,,,,,,,,,,
Data,12,record,timestamp,"944857948",s,position_lat,"390157915",semicircles,position_long,"-1397883164",semicircles,distance,"9515.55",m,altitude,"14.600000000000023",m,speed,"2.948",m/s,unknown,"0",,unknown,"100",,heart_rate,"98",bpm,cadence,"0",rpm,fractional_cadence,"0.0",rpm,enhanced_altitude,"14.600000000000023",m,enhanced_speed,"2.948",m/s,,,,,,,,,,,,,,,,,,,,,,,,,,,,,,,,,,,,,,,,,,,,,,,,,,,,,,,,,,,,,,,,,,,,,,,,,,,,,,,,,,,,,,,,,,,,,,,,,,,,,,,,,,,,,,,,,,,,,,,,,,,,,,,,,,,,,,,,,,,,,,,,,,,,,,,,,,,,,,,,,,,
Data,12,record,timestamp,"944857951",s,position_lat,"390156980",semicircles,position_long,"-1397882696",semicircles,distance,"9524.98",m,altitude,"14.600000000000023",m,speed,"3.172",m/s,unknown,"0",,unknown,"100",,heart_rate,"101",bpm,cadence,"0",rpm,fractional_cadence,"0.0",rpm,enhanced_altitude,"14.600000000000023",m,enhanced_speed,"3.172",m/s,,,,,,,,,,,,,,,,,,,,,,,,,,,,,,,,,,,,,,,,,,,,,,,,,,,,,,,,,,,,,,,,,,,,,,,,,,,,,,,,,,,,,,,,,,,,,,,,,,,,,,,,,,,,,,,,,,,,,,,,,,,,,,,,,,,,,,,,,,,,,,,,,,,,,,,,,,,,,,,,,,,
Data,12,record,timestamp,"944857952",s,position_lat,"390156706",semicircles,position_long,"-1397882547",semicircles,distance,"9527.78",m,altitude,"14.600000000000023",m,speed,"3.144",m/s,unknown,"0",,unknown,"100",,heart_rate,"100",bpm,cadence,"0",rpm,fractional_cadence,"0.0",rpm,enhanced_altitude,"14.600000000000023",m,enhanced_speed,"3.144",m/s,,,,,,,,,,,,,,,,,,,,,,,,,,,,,,,,,,,,,,,,,,,,,,,,,,,,,,,,,,,,,,,,,,,,,,,,,,,,,,,,,,,,,,,,,,,,,,,,,,,,,,,,,,,,,,,,,,,,,,,,,,,,,,,,,,,,,,,,,,,,,,,,,,,,,,,,,,,,,,,,,,,
Data,12,record,timestamp,"944857955",s,position_lat,"390155701",semicircles,position_long,"-1397882039",semicircles,distance,"9537.93",m,altitude,"14.600000000000023",m,speed,"3.182",m/s,unknown,"0",,unknown,"100",,heart_rate,"103",bpm,cadence,"0",rpm,fractional_cadence,"0.0",rpm,enhanced_altitude,"14.600000000000023",m,enhanced_speed,"3.182",m/s,,,,,,,,,,,,,,,,,,,,,,,,,,,,,,,,,,,,,,,,,,,,,,,,,,,,,,,,,,,,,,,,,,,,,,,,,,,,,,,,,,,,,,,,,,,,,,,,,,,,,,,,,,,,,,,,,,,,,,,,,,,,,,,,,,,,,,,,,,,,,,,,,,,,,,,,,,,,,,,,,,,
Data,12,record,timestamp,"944857962",s,position_lat,"390153407",semicircles,position_long,"-1397880997",semicircles,distance,"9560.78",m,altitude,"14.600000000000023",m,speed,"3.238",m/s,unknown,"0",,unknown,"100",,heart_rate,"99",bpm,cadence,"0",rpm,fractional_cadence,"0.0",rpm,enhanced_altitude,"14.600000000000023",m,enhanced_speed,"3.238",m/s,,,,,,,,,,,,,,,,,,,,,,,,,,,,,,,,,,,,,,,,,,,,,,,,,,,,,,,,,,,,,,,,,,,,,,,,,,,,,,,,,,,,,,,,,,,,,,,,,,,,,,,,,,,,,,,,,,,,,,,,,,,,,,,,,,,,,,,,,,,,,,,,,,,,,,,,,,,,,,,,,,,
Data,12,record,timestamp,"944857964",s,position_lat,"390152705",semicircles,position_long,"-1397880729",semicircles,distance,"9567.64",m,altitude,"14.600000000000023",m,speed,"3.284",m/s,unknown,"0",,unknown,"100",,heart_rate,"101",bpm,cadence,"0",rpm,fractional_cadence,"0.0",rpm,enhanced_altitude,"14.600000000000023",m,enhanced_speed,"3.284",m/s,,,,,,,,,,,,,,,,,,,,,,,,,,,,,,,,,,,,,,,,,,,,,,,,,,,,,,,,,,,,,,,,,,,,,,,,,,,,,,,,,,,,,,,,,,,,,,,,,,,,,,,,,,,,,,,,,,,,,,,,,,,,,,,,,,,,,,,,,,,,,,,,,,,,,,,,,,,,,,,,,,,
Data,12,record,timestamp,"944857975",s,position_lat,"390148749",semicircles,position_long,"-1397879403",semicircles,distance,"9605.88",m,altitude,"14.600000000000023",m,speed,"3.443",m/s,unknown,"0",,unknown,"100",,heart_rate,"100",bpm,cadence,"0",rpm,fractional_cadence,"0.0",rpm,enhanced_altitude,"14.600000000000023",m,enhanced_speed,"3.443",m/s,,,,,,,,,,,,,,,,,,,,,,,,,,,,,,,,,,,,,,,,,,,,,,,,,,,,,,,,,,,,,,,,,,,,,,,,,,,,,,,,,,,,,,,,,,,,,,,,,,,,,,,,,,,,,,,,,,,,,,,,,,,,,,,,,,,,,,,,,,,,,,,,,,,,,,,,,,,,,,,,,,,
Data,12,record,timestamp,"944857987",s,position_lat,"390144616",semicircles,position_long,"-1397877833",semicircles,distance,"9646.27",m,altitude,"14.399999999999977",m,speed,"3.34",m/s,unknown,"0",,unknown,"100",,heart_rate,"100",bpm,cadence,"0",rpm,fractional_cadence,"0.0",rpm,enhanced_altitude,"14.399999999999977",m,enhanced_speed,"3.34",m/s,,,,,,,,,,,,,,,,,,,,,,,,,,,,,,,,,,,,,,,,,,,,,,,,,,,,,,,,,,,,,,,,,,,,,,,,,,,,,,,,,,,,,,,,,,,,,,,,,,,,,,,,,,,,,,,,,,,,,,,,,,,,,,,,,,,,,,,,,,,,,,,,,,,,,,,,,,,,,,,,,,,
Data,12,record,timestamp,"944857998",s,position_lat,"390140942",semicircles,position_long,"-1397876254",semicircles,distance,"9682.61",m,altitude,"14.399999999999977",m,speed,"3.322",m/s,unknown,"0",,unknown,"300",,heart_rate,"103",bpm,cadence,"0",rpm,fractional_cadence,"0.0",rpm,enhanced_altitude,"14.399999999999977",m,enhanced_speed,"3.322",m/s,,,,,,,,,,,,,,,,,,,,,,,,,,,,,,,,,,,,,,,,,,,,,,,,,,,,,,,,,,,,,,,,,,,,,,,,,,,,,,,,,,,,,,,,,,,,,,,,,,,,,,,,,,,,,,,,,,,,,,,,,,,,,,,,,,,,,,,,,,,,,,,,,,,,,,,,,,,,,,,,,,,
Data,12,record,timestamp,"944858002",s,position_lat,"390139703",semicircles,position_long,"-1397875610",semicircles,distance,"9695.21",m,altitude,"14.200000000000045",m,speed,"3.144",m/s,unknown,"0",,unknown,"100",,heart_rate,"105",bpm,cadence,"0",rpm,fractional_cadence,"0.0",rpm,enhanced_altitude,"14.200000000000045",m,enhanced_speed,"3.144",m/s,,,,,,,,,,,,,,,,,,,,,,,,,,,,,,,,,,,,,,,,,,,,,,,,,,,,,,,,,,,,,,,,,,,,,,,,,,,,,,,,,,,,,,,,,,,,,,,,,,,,,,,,,,,,,,,,,,,,,,,,,,,,,,,,,,,,,,,,,,,,,,,,,,,,,,,,,,,,,,,,,,,
Data,12,record,timestamp,"944858009",s,position_lat,"390138577",semicircles,position_long,"-1397873617",semicircles,distance,"9714.05",m,altitude,"14.200000000000045",m,speed,"2.566",m/s,unknown,"0",,unknown,"100",,heart_rate,"108",bpm,cadence,"0",rpm,fractional_cadence,"0.0",rpm,enhanced_altitude,"14.200000000000045",m,enhanced_speed,"2.566",m/s,,,,,,,,,,,,,,,,,,,,,,,,,,,,,,,,,,,,,,,,,,,,,,,,,,,,,,,,,,,,,,,,,,,,,,,,,,,,,,,,,,,,,,,,,,,,,,,,,,,,,,,,,,,,,,,,,,,,,,,,,,,,,,,,,,,,,,,,,,,,,,,,,,,,,,,,,,,,,,,,,,,
Data,12,record,timestamp,"944858012",s,position_lat,"390138457",semicircles,position_long,"-1397872689",semicircles,distance,"9721.26",m,altitude,"14.399999999999977",m,speed,"2.426",m/s,unknown,"0",,unknown,"100",,heart_rate,"105",bpm,cadence,"0",rpm,fractional_cadence,"0.0",rpm,enhanced_altitude,"14.399999999999977",m,enhanced_speed,"2.426",m/s,,,,,,,,,,,,,,,,,,,,,,,,,,,,,,,,,,,,,,,,,,,,,,,,,,,,,,,,,,,,,,,,,,,,,,,,,,,,,,,,,,,,,,,,,,,,,,,,,,,,,,,,,,,,,,,,,,,,,,,,,,,,,,,,,,,,,,,,,,,,,,,,,,,,,,,,,,,,,,,,,,,
Data,12,record,timestamp,"944858015",s,position_lat,"390138418",semicircles,position_long,"-1397871758",semicircles,distance,"9728.56",m,altitude,"14.399999999999977",m,speed,"2.426",m/s,unknown,"0",,unknown,"100",,heart_rate,"102",bpm,cadence,"0",rpm,fractional_cadence,"0.0",rpm,enhanced_altitude,"14.399999999999977",m,enhanced_speed,"2.426",m/s,,,,,,,,,,,,,,,,,,,,,,,,,,,,,,,,,,,,,,,,,,,,,,,,,,,,,,,,,,,,,,,,,,,,,,,,,,,,,,,,,,,,,,,,,,,,,,,,,,,,,,,,,,,,,,,,,,,,,,,,,,,,,,,,,,,,,,,,,,,,,,,,,,,,,,,,,,,,,,,,,,,
Data,12,record,timestamp,"944858016",s,position_lat,"390138392",semicircles,position_long,"-1397871405",semicircles,distance,"9731.35",m,altitude,"14.399999999999977",m,speed,"2.519",m/s,unknown,"0",,unknown,"100",,heart_rate,"105",bpm,cadence,"0",rpm,fractional_cadence,"0.0",rpm,enhanced_altitude,"14.399999999999977",m,enhanced_speed,"2.519",m/s,,,,,,,,,,,,,,,,,,,,,,,,,,,,,,,,,,,,,,,,,,,,,,,,,,,,,,,,,,,,,,,,,,,,,,,,,,,,,,,,,,,,,,,,,,,,,,,,,,,,,,,,,,,,,,,,,,,,,,,,,,,,,,,,,,,,,,,,,,,,,,,,,,,,,,,,,,,,,,,,,,,
Data,12,record,timestamp,"944858017",s,position_lat,"390138388",semicircles,position_long,"-1397871058",semicircles,distance,"9734.06",m,altitude,"14.399999999999977",m,speed,"2.51",m/s,unknown,"0",,unknown,"100",,heart_rate,"105",bpm,cadence,"0",rpm,fractional_cadence,"0.0",rpm,enhanced_altitude,"14.399999999999977",m,enhanced_speed,"2.51",m/s,,,,,,,,,,,,,,,,,,,,,,,,,,,,,,,,,,,,,,,,,,,,,,,,,,,,,,,,,,,,,,,,,,,,,,,,,,,,,,,,,,,,,,,,,,,,,,,,,,,,,,,,,,,,,,,,,,,,,,,,,,,,,,,,,,,,,,,,,,,,,,,,,,,,,,,,,,,,,,,,,,,
Data,12,record,timestamp,"944858019",s,position_lat,"390138503",semicircles,position_long,"-1397870401",semicircles,distance,"9739.28",m,altitude,"14.600000000000023",m,speed,"2.463",m/s,unknown,"0",,unknown,"100",,heart_rate,"108",bpm,cadence,"0",rpm,fractional_cadence,"0.0",rpm,enhanced_altitude,"14.600000000000023",m,enhanced_speed,"2.463",m/s,,,,,,,,,,,,,,,,,,,,,,,,,,,,,,,,,,,,,,,,,,,,,,,,,,,,,,,,,,,,,,,,,,,,,,,,,,,,,,,,,,,,,,,,,,,,,,,,,,,,,,,,,,,,,,,,,,,,,,,,,,,,,,,,,,,,,,,,,,,,,,,,,,,,,,,,,,,,,,,,,,,
Data,12,record,timestamp,"944858022",s,position_lat,"390138702",semicircles,position_long,"-1397869318",semicircles,distance,"9747.97",m,altitude,"14.600000000000023",m,speed,"2.622",m/s,unknown,"0",,unknown,"100",,heart_rate,"105",bpm,cadence,"0",rpm,fractional_cadence,"0.0",rpm,enhanced_altitude,"14.600000000000023",m,enhanced_speed,"2.622",m/s,,,,,,,,,,,,,,,,,,,,,,,,,,,,,,,,,,,,,,,,,,,,,,,,,,,,,,,,,,,,,,,,,,,,,,,,,,,,,,,,,,,,,,,,,,,,,,,,,,,,,,,,,,,,,,,,,,,,,,,,,,,,,,,,,,,,,,,,,,,,,,,,,,,,,,,,,,,,,,,,,,,
Data,12,record,timestamp,"944858026",s,position_lat,"390139069",semicircles,position_long,"-1397867915",semicircles,distance,"9759.48",m,altitude,"14.600000000000023",m,speed,"2.715",m/s,unknown,"0",,unknown,"100",,heart_rate,"104",bpm,cadence,"0",rpm,fractional_cadence,"0.0",rpm,enhanced_altitude,"14.600000000000023",m,enhanced_speed,"2.715",m/s,,,,,,,,,,,,,,,,,,,,,,,,,,,,,,,,,,,,,,,,,,,,,,,,,,,,,,,,,,,,,,,,,,,,,,,,,,,,,,,,,,,,,,,,,,,,,,,,,,,,,,,,,,,,,,,,,,,,,,,,,,,,,,,,,,,,,,,,,,,,,,,,,,,,,,,,,,,,,,,,,,,
Data,12,record,timestamp,"944858038",s,position_lat,"390139827",semicircles,position_long,"-1397864018",semicircles,distance,"9790.94",m,altitude,"14.600000000000023",m,speed,"2.622",m/s,unknown,"0",,unknown,"100",,heart_rate,"104",bpm,cadence,"0",rpm,fractional_cadence,"0.0",rpm,enhanced_altitude,"14.600000000000023",m,enhanced_speed,"2.622",m/s,,,,,,,,,,,,,,,,,,,,,,,,,,,,,,,,,,,,,,,,,,,,,,,,,,,,,,,,,,,,,,,,,,,,,,,,,,,,,,,,,,,,,,,,,,,,,,,,,,,,,,,,,,,,,,,,,,,,,,,,,,,,,,,,,,,,,,,,,,,,,,,,,,,,,,,,,,,,,,,,,,,
Data,12,record,timestamp,"944858040",s,position_lat,"390139925",semicircles,position_long,"-1397863365",semicircles,distance,"9796.15",m,altitude,"14.600000000000023",m,speed,"2.557",m/s,unknown,"0",,unknown,"100",,heart_rate,"107",bpm,cadence,"0",rpm,fractional_cadence,"0.0",rpm,enhanced_altitude,"14.600000000000023",m,enhanced_speed,"2.557",m/s,,,,,,,,,,,,,,,,,,,,,,,,,,,,,,,,,,,,,,,,,,,,,,,,,,,,,,,,,,,,,,,,,,,,,,,,,,,,,,,,,,,,,,,,,,,,,,,,,,,,,,,,,,,,,,,,,,,,,,,,,,,,,,,,,,,,,,,,,,,,,,,,,,,,,,,,,,,,,,,,,,,
Data,12,record,timestamp,"944858044",s,position_lat,"390139905",semicircles,position_long,"-1397862168",semicircles,distance,"9805.53",m,altitude,"14.399999999999977",m,speed,"2.174",m/s,unknown,"0",,unknown,"100",,heart_rate,"104",bpm,cadence,"0",rpm,fractional_cadence,"0.0",rpm,enhanced_altitude,"14.399999999999977",m,enhanced_speed,"2.174",m/s,,,,,,,,,,,,,,,,,,,,,,,,,,,,,,,,,,,,,,,,,,,,,,,,,,,,,,,,,,,,,,,,,,,,,,,,,,,,,,,,,,,,,,,,,,,,,,,,,,,,,,,,,,,,,,,,,,,,,,,,,,,,,,,,,,,,,,,,,,,,,,,,,,,,,,,,,,,,,,,,,,,
Data,12,record,timestamp,"944858048",s,position_lat,"390139744",semicircles,position_long,"-1397861085",semicircles,distance,"9814.13",m,altitude,"14.399999999999977",m,speed,"2.062",m/s,unknown,"0",,unknown,"100",,heart_rate,"104",bpm,cadence,"0",rpm,fractional_cadence,"0.0",rpm,enhanced_altitude,"14.399999999999977",m,enhanced_speed,"2.062",m/s,,,,,,,,,,,,,,,,,,,,,,,,,,,,,,,,,,,,,,,,,,,,,,,,,,,,,,,,,,,,,,,,,,,,,,,,,,,,,,,,,,,,,,,,,,,,,,,,,,,,,,,,,,,,,,,,,,,,,,,,,,,,,,,,,,,,,,,,,,,,,,,,,,,,,,,,,,,,,,,,,,,
Data,12,record,timestamp,"944858054",s,position_lat,"390138991",semicircles,position_long,"-1397859840",semicircles,distance,"9826.0",m,altitude,"14.399999999999977",m,speed,"1.717",m/s,unknown,"0",,unknown,"100",,heart_rate,"107",bpm,cadence,"0",rpm,fractional_cadence,"0.0",rpm,enhanced_altitude,"14.399999999999977",m,enhanced_speed,"1.717",m/s,,,,,,,,,,,,,,,,,,,,,,,,,,,,,,,,,,,,,,,,,,,,,,,,,,,,,,,,,,,,,,,,,,,,,,,,,,,,,,,,,,,,,,,,,,,,,,,,,,,,,,,,,,,,,,,,,,,,,,,,,,,,,,,,,,,,,,,,,,,,,,,,,,,,,,,,,,,,,,,,,,,
Data,12,record,timestamp,"944858056",s,position_lat,"390138635",semicircles,position_long,"-1397859565",semicircles,distance,"9829.9",m,altitude,"14.600000000000023",m,speed,"1.764",m/s,unknown,"0",,unknown,"100",,heart_rate,"106",bpm,cadence,"0",rpm,fractional_cadence,"0.0",rpm,enhanced_altitude,"14.600000000000023",m,enhanced_speed,"1.764",m/s,,,,,,,,,,,,,,,,,,,,,,,,,,,,,,,,,,,,,,,,,,,,,,,,,,,,,,,,,,,,,,,,,,,,,,,,,,,,,,,,,,,,,,,,,,,,,,,,,,,,,,,,,,,,,,,,,,,,,,,,,,,,,,,,,,,,,,,,,,,,,,,,,,,,,,,,,,,,,,,,,,,
Data,12,record,timestamp,"944858057",s,position_lat,"390138432",semicircles,position_long,"-1397859448",semicircles,distance,"9831.97",m,altitude,"14.600000000000023",m,speed,"1.857",m/s,unknown,"0",,unknown,"100",,heart_rate,"103",bpm,cadence,"0",rpm,fractional_cadence,"0.0",rpm,enhanced_altitude,"14.600000000000023",m,enhanced_speed,"1.857",m/s,,,,,,,,,,,,,,,,,,,,,,,,,,,,,,,,,,,,,,,,,,,,,,,,,,,,,,,,,,,,,,,,,,,,,,,,,,,,,,,,,,,,,,,,,,,,,,,,,,,,,,,,,,,,,,,,,,,,,,,,,,,,,,,,,,,,,,,,,,,,,,,,,,,,,,,,,,,,,,,,,,,
Data,12,record,timestamp,"944858061",s,position_lat,"390137235",semicircles,position_long,"-1397858845",semicircles,distance,"9844.04",m,altitude,"14.799999999999955",m,speed,"2.529",m/s,unknown,"0",,unknown,"100",,heart_rate,"107",bpm,cadence,"0",rpm,fractional_cadence,"0.0",rpm,enhanced_altitude,"14.799999999999955",m,enhanced_speed,"2.529",m/s,,,,,,,,,,,,,,,,,,,,,,,,,,,,,,,,,,,,,,,,,,,,,,,,,,,,,,,,,,,,,,,,,,,,,,,,,,,,,,,,,,,,,,,,,,,,,,,,,,,,,,,,,,,,,,,,,,,,,,,,,,,,,,,,,,,,,,,,,,,,,,,,,,,,,,,,,,,,,,,,,,,
Data,12,record,timestamp,"944858064",s,position_lat,"390136330",semicircles,position_long,"-1397858557",semicircles,distance,"9852.75",m,altitude,"14.799999999999955",m,speed,"2.547",m/s,unknown,"0",,unknown,"100",,heart_rate,"107",bpm,cadence,"0",rpm,fractional_cadence,"0.0",rpm,enhanced_altitude,"14.799999999999955",m,enhanced_speed,"2.547",m/s,,,,,,,,,,,,,,,,,,,,,,,,,,,,,,,,,,,,,,,,,,,,,,,,,,,,,,,,,,,,,,,,,,,,,,,,,,,,,,,,,,,,,,,,,,,,,,,,,,,,,,,,,,,,,,,,,,,,,,,,,,,,,,,,,,,,,,,,,,,,,,,,,,,,,,,,,,,,,,,,,,,
Data,12,record,timestamp,"944858069",s,position_lat,"390134916",semicircles,position_long,"-1397858107",semicircles,distance,"9866.36",m,altitude,"15.200000000000045",m,speed,"2.575",m/s,unknown,"0",,unknown,"300",,heart_rate,"103",bpm,cadence,"0",rpm,fractional_cadence,"0.0",rpm,enhanced_altitude,"15.200000000000045",m,enhanced_speed,"2.575",m/s,,,,,,,,,,,,,,,,,,,,,,,,,,,,,,,,,,,,,,,,,,,,,,,,,,,,,,,,,,,,,,,,,,,,,,,,,,,,,,,,,,,,,,,,,,,,,,,,,,,,,,,,,,,,,,,,,,,,,,,,,,,,,,,,,,,,,,,,,,,,,,,,,,,,,,,,,,,,,,,,,,,
Data,12,record,timestamp,"944858074",s,position_lat,"390133501",semicircles,position_long,"-1397857765",semicircles,distance,"9879.78",m,altitude,"15.399999999999977",m,speed,"2.463",m/s,unknown,"0",,unknown,"100",,heart_rate,"101",bpm,cadence,"50",rpm,fractional_cadence,"0.5",rpm,enhanced_altitude,"15.399999999999977",m,enhanced_speed,"2.463",m/s,,,,,,,,,,,,,,,,,,,,,,,,,,,,,,,,,,,,,,,,,,,,,,,,,,,,,,,,,,,,,,,,,,,,,,,,,,,,,,,,,,,,,,,,,,,,,,,,,,,,,,,,,,,,,,,,,,,,,,,,,,,,,,,,,,,,,,,,,,,,,,,,,,,,,,,,,,,,,,,,,,,
Data,12,record,timestamp,"944858077",s,position_lat,"390132697",semicircles,position_long,"-1397857576",semicircles,distance,"9887.4",m,altitude,"15.399999999999977",m,speed,"2.51",m/s,unknown,"0",,unknown,"100",,heart_rate,"101",bpm,cadence,"0",rpm,fractional_cadence,"0.0",rpm,enhanced_altitude,"15.399999999999977",m,enhanced_speed,"2.51",m/s,,,,,,,,,,,,,,,,,,,,,,,,,,,,,,,,,,,,,,,,,,,,,,,,,,,,,,,,,,,,,,,,,,,,,,,,,,,,,,,,,,,,,,,,,,,,,,,,,,,,,,,,,,,,,,,,,,,,,,,,,,,,,,,,,,,,,,,,,,,,,,,,,,,,,,,,,,,,,,,,,,,
Data,12,record,timestamp,"944858083",s,position_lat,"390130923",semicircles,position_long,"-1397857030",semicircles,distance,"9904.45",m,altitude,"15.399999999999977",m,speed,"2.781",m/s,unknown,"0",,unknown,"100",,heart_rate,"104",bpm,cadence,"67",rpm,fractional_cadence,"0.0",rpm,enhanced_altitude,"15.399999999999977",m,enhanced_speed,"2.781",m/s,,,,,,,,,,,,,,,,,,,,,,,,,,,,,,,,,,,,,,,,,,,,,,,,,,,,,,,,,,,,,,,,,,,,,,,,,,,,,,,,,,,,,,,,,,,,,,,,,,,,,,,,,,,,,,,,,,,,,,,,,,,,,,,,,,,,,,,,,,,,,,,,,,,,,,,,,,,,,,,,,,,
Data,12,record,timestamp,"944858085",s,position_lat,"390130329",semicircles,position_long,"-1397856848",semicircles,distance,"9910.15",m,altitude,"15.399999999999977",m,speed,"2.79",m/s,unknown,"0",,unknown,"100",,heart_rate,"101",bpm,cadence,"0",rpm,fractional_cadence,"0.0",rpm,enhanced_altitude,"15.399999999999977",m,enhanced_speed,"2.79",m/s,,,,,,,,,,,,,,,,,,,,,,,,,,,,,,,,,,,,,,,,,,,,,,,,,,,,,,,,,,,,,,,,,,,,,,,,,,,,,,,,,,,,,,,,,,,,,,,,,,,,,,,,,,,,,,,,,,,,,,,,,,,,,,,,,,,,,,,,,,,,,,,,,,,,,,,,,,,,,,,,,,,
Data,12,record,timestamp,"944858090",s,position_lat,"390128847",semicircles,position_long,"-1397856312",semicircles,distance,"9924.57",m,altitude,"15.200000000000045",m,speed,"2.902",m/s,unknown,"0",,unknown,"100",,heart_rate,"101",bpm,cadence,"0",rpm,fractional_cadence,"0.0",rpm,enhanced_altitude,"15.200000000000045",m,enhanced_speed,"2.902",m/s,,,,,,,,,,,,,,,,,,,,,,,,,,,,,,,,,,,,,,,,,,,,,,,,,,,,,,,,,,,,,,,,,,,,,,,,,,,,,,,,,,,,,,,,,,,,,,,,,,,,,,,,,,,,,,,,,,,,,,,,,,,,,,,,,,,,,,,,,,,,,,,,,,,,,,,,,,,,,,,,,,,
Data,12,record,timestamp,"944858098",s,position_lat,"390126473",semicircles,position_long,"-1397855523",semicircles,distance,"9947.5",m,altitude,"15.0",m,speed,"2.846",m/s,unknown,"0",,unknown,"100",,heart_rate,"104",bpm,cadence,"0",rpm,fractional_cadence,"0.0",rpm,enhanced_altitude,"15.0",m,enhanced_speed,"2.846",m/s,,,,,,,,,,,,,,,,,,,,,,,,,,,,,,,,,,,,,,,,,,,,,,,,,,,,,,,,,,,,,,,,,,,,,,,,,,,,,,,,,,,,,,,,,,,,,,,,,,,,,,,,,,,,,,,,,,,,,,,,,,,,,,,,,,,,,,,,,,,,,,,,,,,,,,,,,,,,,,,,,,,
Data,12,record,timestamp,"944858105",s,position_lat,"390124341",semicircles,position_long,"-1397854933",semicircles,distance,"9967.85",m,altitude,"15.0",m,speed,"2.883",m/s,unknown,"0",,unknown,"100",,heart_rate,"100",bpm,cadence,"0",rpm,fractional_cadence,"0.0",rpm,enhanced_altitude,"15.0",m,enhanced_speed,"2.883",m/s,,,,,,,,,,,,,,,,,,,,,,,,,,,,,,,,,,,,,,,,,,,,,,,,,,,,,,,,,,,,,,,,,,,,,,,,,,,,,,,,,,,,,,,,,,,,,,,,,,,,,,,,,,,,,,,,,,,,,,,,,,,,,,,,,,,,,,,,,,,,,,,,,,,,,,,,,,,,,,,,,,,
Data,12,record,timestamp,"944858106",s,position_lat,"390124082",semicircles,position_long,"-1397854808",semicircles,distance,"9970.44",m,altitude,"15.0",m,speed,"2.818",m/s,unknown,"0",,unknown,"100",,heart_rate,"100",bpm,cadence,"0",rpm,fractional_cadence,"0.0",rpm,enhanced_altitude,"15.0",m,enhanced_speed,"2.818",m/s,,,,,,,,,,,,,,,,,,,,,,,,,,,,,,,,,,,,,,,,,,,,,,,,,,,,,,,,,,,,,,,,,,,,,,,,,,,,,,,,,,,,,,,,,,,,,,,,,,,,,,,,,,,,,,,,,,,,,,,,,,,,,,,,,,,,,,,,,,,,,,,,,,,,,,,,,,,,,,,,,,,
Data,12,record,timestamp,"944858112",s,position_lat,"390122366",semicircles,position_long,"-1397853903",semicircles,distance,"9987.9",m,altitude,"15.0",m,speed,"2.883",m/s,unknown,"0",,unknown,"100",,heart_rate,"97",bpm,cadence,"0",rpm,fractional_cadence,"0.0",rpm,enhanced_altitude,"15.0",m,enhanced_speed,"2.883",m/s,,,,,,,,,,,,,,,,,,,,,,,,,,,,,,,,,,,,,,,,,,,,,,,,,,,,,,,,,,,,,,,,,,,,,,,,,,,,,,,,,,,,,,,,,,,,,,,,,,,,,,,,,,,,,,,,,,,,,,,,,,,,,,,,,,,,,,,,,,,,,,,,,,,,,,,,,,,,,,,,,,,
Data,12,record,timestamp,"944858113",s,position_lat,"390122115",semicircles,position_long,"-1397853702",semicircles,distance,"9990.71",m,altitude,"15.0",m,speed,"2.865",m/s,unknown,"0",,unknown,"100",,heart_rate,"100",bpm,cadence,"0",rpm,fractional_cadence,"0.0",rpm,enhanced_altitude,"15.0",m,enhanced_speed,"2.865",m/s,,,,,,,,,,,,,,,,,,,,,,,,,,,,,,,,,,,,,,,,,,,,,,,,,,,,,,,,,,,,,,,,,,,,,,,,,,,,,,,,,,,,,,,,,,,,,,,,,,,,,,,,,,,,,,,,,,,,,,,,,,,,,,,,,,,,,,,,,,,,,,,,,,,,,,,,,,,,,,,,,,,
Data,12,record,timestamp,"944858114",s,position_lat,"390121874",semicircles,position_long,"-1397853507",semicircles,distance,"9993.41",m,altitude,"14.799999999999955",m,speed,"2.809",m/s,unknown,"0",,unknown,"300",,heart_rate,"97",bpm,cadence,"0",rpm,fractional_cadence,"0.0",rpm,enhanced_altitude,"14.799999999999955",m,enhanced_speed,"2.809",m/s,,,,,,,,,,,,,,,,,,,,,,,,,,,,,,,,,,,,,,,,,,,,,,,,,,,,,,,,,,,,,,,,,,,,,,,,,,,,,,,,,,,,,,,,,,,,,,,,,,,,,,,,,,,,,,,,,,,,,,,,,,,,,,,,,,,,,,,,,,,,,,,,,,,,,,,,,,,,,,,,,,,
Data,12,record,timestamp,"944858117",s,position_lat,"390121279",semicircles,position_long,"-1397852935",semicircles,distance,"10000.5",m,altitude,"14.799999999999955",m,speed,"2.575",m/s,unknown,"0",,unknown,"100",,heart_rate,"98",bpm,cadence,"0",rpm,fractional_cadence,"0.0",rpm,enhanced_altitude,"14.799999999999955",m,enhanced_speed,"2.575",m/s,,,,,,,,,,,,,,,,,,,,,,,,,,,,,,,,,,,,,,,,,,,,,,,,,,,,,,,,,,,,,,,,,,,,,,,,,,,,,,,,,,,,,,,,,,,,,,,,,,,,,,,,,,,,,,,,,,,,,,,,,,,,,,,,,,,,,,,,,,,,,,,,,,,,,,,,,,,,,,,,,,,
Data,12,record,timestamp,"944858125",s,position_lat,"390119592",semicircles,position_long,"-1397851534",semicircles,distance,"10019.68",m,altitude,"14.799999999999955",m,speed,"2.463",m/s,unknown,"0",,unknown,"100",,heart_rate,"101",bpm,cadence,"0",rpm,fractional_cadence,"0.0",rpm,enhanced_altitude,"14.799999999999955",m,enhanced_speed,"2.463",m/s,,,,,,,,,,,,,,,,,,,,,,,,,,,,,,,,,,,,,,,,,,,,,,,,,,,,,,,,,,,,,,,,,,,,,,,,,,,,,,,,,,,,,,,,,,,,,,,,,,,,,,,,,,,,,,,,,,,,,,,,,,,,,,,,,,,,,,,,,,,,,,,,,,,,,,,,,,,,,,,,,,,
Data,12,record,timestamp,"944858128",s,position_lat,"390118886",semicircles,position_long,"-1397851077",semicircles,distance,"10027.17",m,altitude,"14.600000000000023",m,speed,"2.482",m/s,unknown,"0",,unknown,"100",,heart_rate,"98",bpm,cadence,"0",rpm,fractional_cadence,"0.0",rpm,enhanced_altitude,"14.600000000000023",m,enhanced_speed,"2.482",m/s,,,,,,,,,,,,,,,,,,,,,,,,,,,,,,,,,,,,,,,,,,,,,,,,,,,,,,,,,,,,,,,,,,,,,,,,,,,,,,,,,,,,,,,,,,,,,,,,,,,,,,,,,,,,,,,,,,,,,,,,,,,,,,,,,,,,,,,,,,,,,,,,,,,,,,,,,,,,,,,,,,,
Data,12,record,timestamp,"944858131",s,position_lat,"390118100",semicircles,position_long,"-1397850612",semicircles,distance,"10035.34",m,altitude,"14.600000000000023",m,speed,"2.575",m/s,unknown,"0",,unknown,"100",,heart_rate,"100",bpm,cadence,"0",rpm,fractional_cadence,"0.0",rpm,enhanced_altitude,"14.600000000000023",m,enhanced_speed,"2.575",m/s,,,,,,,,,,,,,,,,,,,,,,,,,,,,,,,,,,,,,,,,,,,,,,,,,,,,,,,,,,,,,,,,,,,,,,,,,,,,,,,,,,,,,,,,,,,,,,,,,,,,,,,,,,,,,,,,,,,,,,,,,,,,,,,,,,,,,,,,,,,,,,,,,,,,,,,,,,,,,,,,,,,
Data,12,record,timestamp,"944858135",s,position_lat,"390117107",semicircles,position_long,"-1397850019",semicircles,distance,"10045.68",m,altitude,"14.600000000000023",m,speed,"2.538",m/s,unknown,"0",,unknown,"300",,heart_rate,"97",bpm,cadence,"0",rpm,fractional_cadence,"0.0",rpm,enhanced_altitude,"14.600000000000023",m,enhanced_speed,"2.538",m/s,,,,,,,,,,,,,,,,,,,,,,,,,,,,,,,,,,,,,,,,,,,,,,,,,,,,,,,,,,,,,,,,,,,,,,,,,,,,,,,,,,,,,,,,,,,,,,,,,,,,,,,,,,,,,,,,,,,,,,,,,,,,,,,,,,,,,,,,,,,,,,,,,,,,,,,,,,,,,,,,,,,
Data,12,record,timestamp,"944858144",s,position_lat,"390114817",semicircles,position_long,"-1397848875",semicircles,distance,"10068.8",m,altitude,"14.399999999999977",m,speed,"2.519",m/s,unknown,"0",,unknown,"100",,heart_rate,"95",bpm,cadence,"0",rpm,fractional_cadence,"0.0",rpm,enhanced_altitude,"14.399999999999977",m,enhanced_speed,"2.519",m/s,,,,,,,,,,,,,,,,,,,,,,,,,,,,,,,,,,,,,,,,,,,,,,,,,,,,,,,,,,,,,,,,,,,,,,,,,,,,,,,,,,,,,,,,,,,,,,,,,,,,,,,,,,,,,,,,,,,,,,,,,,,,,,,,,,,,,,,,,,,,,,,,,,,,,,,,,,,,,,,,,,,
Data,12,record,timestamp,"944858152",s,position_lat,"390112560",semicircles,position_long,"-1397847872",semicircles,distance,"10091.21",m,altitude,"14.399999999999977",m,speed,"2.883",m/s,unknown,"0",,unknown,"100",,heart_rate,"98",bpm,cadence,"0",rpm,fractional_cadence,"0.0",rpm,enhanced_altitude,"14.399999999999977",m,enhanced_speed,"2.883",m/s,,,,,,,,,,,,,,,,,,,,,,,,,,,,,,,,,,,,,,,,,,,,,,,,,,,,,,,,,,,,,,,,,,,,,,,,,,,,,,,,,,,,,,,,,,,,,,,,,,,,,,,,,,,,,,,,,,,,,,,,,,,,,,,,,,,,,,,,,,,,,,,,,,,,,,,,,,,,,,,,,,,
Data,12,record,timestamp,"944858153",s,position_lat,"390112303",semicircles,position_long,"-1397847754",semicircles,distance,"10093.77",m,altitude,"14.399999999999977",m,speed,"2.855",m/s,unknown,"0",,unknown,"100",,heart_rate,"95",bpm,cadence,"0",rpm,fractional_cadence,"0.0",rpm,enhanced_altitude,"14.399999999999977",m,enhanced_speed,"2.855",m/s,,,,,,,,,,,,,,,,,,,,,,,,,,,,,,,,,,,,,,,,,,,,,,,,,,,,,,,,,,,,,,,,,,,,,,,,,,,,,,,,,,,,,,,,,,,,,,,,,,,,,,,,,,,,,,,,,,,,,,,,,,,,,,,,,,,,,,,,,,,,,,,,,,,,,,,,,,,,,,,,,,,
Data,12,record,timestamp,"944858156",s,position_lat,"390111639",semicircles,position_long,"-1397847138",semicircles,distance,"10101.56",m,altitude,"14.399999999999977",m,speed,"2.715",m/s,unknown,"0",,unknown,"100",,heart_rate,"94",bpm,cadence,"0",rpm,fractional_cadence,"0.0",rpm,enhanced_altitude,"14.399999999999977",m,enhanced_speed,"2.715",m/s,,,,,,,,,,,,,,,,,,,,,,,,,,,,,,,,,,,,,,,,,,,,,,,,,,,,,,,,,,,,,,,,,,,,,,,,,,,,,,,,,,,,,,,,,,,,,,,,,,,,,,,,,,,,,,,,,,,,,,,,,,,,,,,,,,,,,,,,,,,,,,,,,,,,,,,,,,,,,,,,,,,
Data,12,record,timestamp,"944858162",s,position_lat,"390111069",semicircles,position_long,"-1397845306",semicircles,distance,"10116.73",m,altitude,"14.399999999999977",m,speed,"2.585",m/s,unknown,"0",,unknown,"100",,heart_rate,"95",bpm,cadence,"0",rpm,fractional_cadence,"0.0",rpm,enhanced_altitude,"14.399999999999977",m,enhanced_speed,"2.585",m/s,,,,,,,,,,,,,,,,,,,,,,,,,,,,,,,,,,,,,,,,,,,,,,,,,,,,,,,,,,,,,,,,,,,,,,,,,,,,,,,,,,,,,,,,,,,,,,,,,,,,,,,,,,,,,,,,,,,,,,,,,,,,,,,,,,,,,,,,,,,,,,,,,,,,,,,,,,,,,,,,,,,
Data,12,record,timestamp,"944858169",s,position_lat,"390110927",semicircles,position_long,"-1397842978",semicircles,distance,"10134.96",m,altitude,"14.399999999999977",m,speed,"2.669",m/s,unknown,"0",,unknown,"100",,heart_rate,"98",bpm,cadence,"0",rpm,fractional_cadence,"0.0",rpm,enhanced_altitude,"14.399999999999977",m,enhanced_speed,"2.669",m/s,,,,,,,,,,,,,,,,,,,,,,,,,,,,,,,,,,,,,,,,,,,,,,,,,,,,,,,,,,,,,,,,,,,,,,,,,,,,,,,,,,,,,,,,,,,,,,,,,,,,,,,,,,,,,,,,,,,,,,,,,,,,,,,,,,,,,,,,,,,,,,,,,,,,,,,,,,,,,,,,,,,
Data,12,record,timestamp,"944858172",s,position_lat,"390110953",semicircles,position_long,"-1397841865",semicircles,distance,"10143.65",m,altitude,"14.399999999999977",m,speed,"2.799",m/s,unknown,"0",,unknown,"100",,heart_rate,"95",bpm,cadence,"0",rpm,fractional_cadence,"0.0",rpm,enhanced_altitude,"14.399999999999977",m,enhanced_speed,"2.799",m/s,,,,,,,,,,,,,,,,,,,,,,,,,,,,,,,,,,,,,,,,,,,,,,,,,,,,,,,,,,,,,,,,,,,,,,,,,,,,,,,,,,,,,,,,,,,,,,,,,,,,,,,,,,,,,,,,,,,,,,,,,,,,,,,,,,,,,,,,,,,,,,,,,,,,,,,,,,,,,,,,,,,
Data,12,record,timestamp,"944858173",s,position_lat,"390110933",semicircles,position_long,"-1397841489",semicircles,distance,"10146.61",m,altitude,"14.399999999999977",m,speed,"2.846",m/s,unknown,"0",,unknown,"100",,heart_rate,"96",bpm,cadence,"0",rpm,fractional_cadence,"0.0",rpm,enhanced_altitude,"14.399999999999977",m,enhanced_speed,"2.846",m/s,,,,,,,,,,,,,,,,,,,,,,,,,,,,,,,,,,,,,,,,,,,,,,,,,,,,,,,,,,,,,,,,,,,,,,,,,,,,,,,,,,,,,,,,,,,,,,,,,,,,,,,,,,,,,,,,,,,,,,,,,,,,,,,,,,,,,,,,,,,,,,,,,,,,,,,,,,,,,,,,,,,
Data,12,record,timestamp,"944858175",s,position_lat,"390110951",semicircles,position_long,"-1397840720",semicircles,distance,"10152.65",m,altitude,"14.399999999999977",m,speed,"2.837",m/s,unknown,"0",,unknown,"100",,heart_rate,"93",bpm,cadence,"0",rpm,fractional_cadence,"0.0",rpm,enhanced_altitude,"14.399999999999977",m,enhanced_speed,"2.837",m/s,,,,,,,,,,,,,,,,,,,,,,,,,,,,,,,,,,,,,,,,,,,,,,,,,,,,,,,,,,,,,,,,,,,,,,,,,,,,,,,,,,,,,,,,,,,,,,,,,,,,,,,,,,,,,,,,,,,,,,,,,,,,,,,,,,,,,,,,,,,,,,,,,,,,,,,,,,,,,,,,,,,
Data,12,record,timestamp,"944858177",s,position_lat,"390110970",semicircles,position_long,"-1397839921",semicircles,distance,"10158.93",m,altitude,"14.399999999999977",m,speed,"2.911",m/s,unknown,"0",,unknown,"100",,heart_rate,"96",bpm,cadence,"0",rpm,fractional_cadence,"0.0",rpm,enhanced_altitude,"14.399999999999977",m,enhanced_speed,"2.911",m/s,,,,,,,,,,,,,,,,,,,,,,,,,,,,,,,,,,,,,,,,,,,,,,,,,,,,,,,,,,,,,,,,,,,,,,,,,,,,,,,,,,,,,,,,,,,,,,,,,,,,,,,,,,,,,,,,,,,,,,,,,,,,,,,,,,,,,,,,,,,,,,,,,,,,,,,,,,,,,,,,,,,
Data,12,record,timestamp,"944858180",s,position_lat,"390111157",semicircles,position_long,"-1397838718",semicircles,distance,"10168.48",m,altitude,"14.399999999999977",m,speed,"3.079",m/s,unknown,"0",,unknown,"100",,heart_rate,"93",bpm,cadence,"0",rpm,fractional_cadence,"0.0",rpm,enhanced_altitude,"14.399999999999977",m,enhanced_speed,"3.079",m/s,,,,,,,,,,,,,,,,,,,,,,,,,,,,,,,,,,,,,,,,,,,,,,,,,,,,,,,,,,,,,,,,,,,,,,,,,,,,,,,,,,,,,,,,,,,,,,,,,,,,,,,,,,,,,,,,,,,,,,,,,,,,,,,,,,,,,,,,,,,,,,,,,,,,,,,,,,,,,,,,,,,
Data,12,record,timestamp,"944858185",s,position_lat,"390111379",semicircles,position_long,"-1397836657",semicircles,distance,"10184.8",m,altitude,"14.200000000000045",m,speed,"3.284",m/s,unknown,"0",,unknown,"100",,heart_rate,"94",bpm,cadence,"0",rpm,fractional_cadence,"0.0",rpm,enhanced_altitude,"14.200000000000045",m,enhanced_speed,"3.284",m/s,,,,,,,,,,,,,,,,,,,,,,,,,,,,,,,,,,,,,,,,,,,,,,,,,,,,,,,,,,,,,,,,,,,,,,,,,,,,,,,,,,,,,,,,,,,,,,,,,,,,,,,,,,,,,,,,,,,,,,,,,,,,,,,,,,,,,,,,,,,,,,,,,,,,,,,,,,,,,,,,,,,
Data,12,record,timestamp,"944858188",s,position_lat,"390111556",semicircles,position_long,"-1397835395",semicircles,distance,"10194.85",m,altitude,"14.399999999999977",m,speed,"3.322",m/s,unknown,"0",,unknown,"100",,heart_rate,"91",bpm,cadence,"0",rpm,fractional_cadence,"0.0",rpm,enhanced_altitude,"14.399999999999977",m,enhanced_speed,"3.322",m/s,,,,,,,,,,,,,,,,,,,,,,,,,,,,,,,,,,,,,,,,,,,,,,,,,,,,,,,,,,,,,,,,,,,,,,,,,,,,,,,,,,,,,,,,,,,,,,,,,,,,,,,,,,,,,,,,,,,,,,,,,,,,,,,,,,,,,,,,,,,,,,,,,,,,,,,,,,,,,,,,,,,
Data,12,record,timestamp,"944858198",s,position_lat,"390112174",semicircles,position_long,"-1397831065",semicircles,distance,"10229.38",m,altitude,"14.399999999999977",m,speed,"3.462",m/s,unknown,"0",,unknown,"100",,heart_rate,"92",bpm,cadence,"0",rpm,fractional_cadence,"0.0",rpm,enhanced_altitude,"14.399999999999977",m,enhanced_speed,"3.462",m/s,,,,,,,,,,,,,,,,,,,,,,,,,,,,,,,,,,,,,,,,,,,,,,,,,,,,,,,,,,,,,,,,,,,,,,,,,,,,,,,,,,,,,,,,,,,,,,,,,,,,,,,,,,,,,,,,,,,,,,,,,,,,,,,,,,,,,,,,,,,,,,,,,,,,,,,,,,,,,,,,,,,
Data,12,record,timestamp,"944858199",s,position_lat,"390112251",semicircles,position_long,"-1397830639",semicircles,distance,"10232.8",m,altitude,"14.399999999999977",m,speed,"3.452",m/s,unknown,"0",,unknown,"100",,heart_rate,"89",bpm,cadence,"0",rpm,fractional_cadence,"0.0",rpm,enhanced_altitude,"14.399999999999977",m,enhanced_speed,"3.452",m/s,,,,,,,,,,,,,,,,,,,,,,,,,,,,,,,,,,,,,,,,,,,,,,,,,,,,,,,,,,,,,,,,,,,,,,,,,,,,,,,,,,,,,,,,,,,,,,,,,,,,,,,,,,,,,,,,,,,,,,,,,,,,,,,,,,,,,,,,,,,,,,,,,,,,,,,,,,,,,,,,,,,
Data,12,record,timestamp,"944858209",s,position_lat,"390113440",semicircles,position_long,"-1397826406",semicircles,distance,"10267.87",m,altitude,"14.399999999999977",m,speed,"3.536",m/s,unknown,"0",,unknown,"100",,heart_rate,"86",bpm,cadence,"0",rpm,fractional_cadence,"0.0",rpm,enhanced_altitude,"14.399999999999977",m,enhanced_speed,"3.536",m/s,,,,,,,,,,,,,,,,,,,,,,,,,,,,,,,,,,,,,,,,,,,,,,,,,,,,,,,,,,,,,,,,,,,,,,,,,,,,,,,,,,,,,,,,,,,,,,,,,,,,,,,,,,,,,,,,,,,,,,,,,,,,,,,,,,,,,,,,,,,,,,,,,,,,,,,,,,,,,,,,,,,
Data,12,record,timestamp,"944858211",s,position_lat,"390113750",semicircles,position_long,"-1397825500",semicircles,distance,"10275.55",m,altitude,"14.399999999999977",m,speed,"3.667",m/s,unknown,"0",,unknown,"100",,heart_rate,"87",bpm,cadence,"0",rpm,fractional_cadence,"0.0",rpm,enhanced_altitude,"14.399999999999977",m,enhanced_speed,"3.667",m/s,,,,,,,,,,,,,,,,,,,,,,,,,,,,,,,,,,,,,,,,,,,,,,,,,,,,,,,,,,,,,,,,,,,,,,,,,,,,,,,,,,,,,,,,,,,,,,,,,,,,,,,,,,,,,,,,,,,,,,,,,,,,,,,,,,,,,,,,,,,,,,,,,,,,,,,,,,,,,,,,,,,
Data,12,record,timestamp,"944858218",s,position_lat,"390114458",semicircles,position_long,"-1397822249",semicircles,distance,"10301.93",m,altitude,"14.399999999999977",m,speed,"3.658",m/s,unknown,"0",,unknown,"100",,heart_rate,"84",bpm,cadence,"0",rpm,fractional_cadence,"0.0",rpm,enhanced_altitude,"14.399999999999977",m,enhanced_speed,"3.658",m/s,,,,,,,,,,,,,,,,,,,,,,,,,,,,,,,,,,,,,,,,,,,,,,,,,,,,,,,,,,,,,,,,,,,,,,,,,,,,,,,,,,,,,,,,,,,,,,,,,,,,,,,,,,,,,,,,,,,,,,,,,,,,,,,,,,,,,,,,,,,,,,,,,,,,,,,,,,,,,,,,,,,
Data,12,record,timestamp,"944858223",s,position_lat,"390114927",semicircles,position_long,"-1397820006",semicircles,distance,"10320.1",m,altitude,"14.600000000000023",m,speed,"3.62",m/s,unknown,"0",,unknown,"100",,heart_rate,"85",bpm,cadence,"0",rpm,fractional_cadence,"0.0",rpm,enhanced_altitude,"14.600000000000023",m,enhanced_speed,"3.62",m/s,,,,,,,,,,,,,,,,,,,,,,,,,,,,,,,,,,,,,,,,,,,,,,,,,,,,,,,,,,,,,,,,,,,,,,,,,,,,,,,,,,,,,,,,,,,,,,,,,,,,,,,,,,,,,,,,,,,,,,,,,,,,,,,,,,,,,,,,,,,,,,,,,,,,,,,,,,,,,,,,,,,
Data,12,record,timestamp,"944858231",s,position_lat,"390115356",semicircles,position_long,"-1397816323",semicircles,distance,"10349.28",m,altitude,"14.799999999999955",m,speed,"3.396",m/s,unknown,"0",,unknown,"100",,heart_rate,"88",bpm,cadence,"0",rpm,fractional_cadence,"0.0",rpm,enhanced_altitude,"14.799999999999955",m,enhanced_speed,"3.396",m/s,,,,,,,,,,,,,,,,,,,,,,,,,,,,,,,,,,,,,,,,,,,,,,,,,,,,,,,,,,,,,,,,,,,,,,,,,,,,,,,,,,,,,,,,,,,,,,,,,,,,,,,,,,,,,,,,,,,,,,,,,,,,,,,,,,,,,,,,,,,,,,,,,,,,,,,,,,,,,,,,,,,
Data,12,record,timestamp,"944858233",s,position_lat,"390115399",semicircles,position_long,"-1397815507",semicircles,distance,"10355.71",m,altitude,"14.799999999999955",m,speed,"3.135",m/s,unknown,"0",,unknown,"100",,heart_rate,"91",bpm,cadence,"92",rpm,fractional_cadence,"0.0",rpm,enhanced_altitude,"14.799999999999955",m,enhanced_speed,"3.135",m/s,,,,,,,,,,,,,,,,,,,,,,,,,,,,,,,,,,,,,,,,,,,,,,,,,,,,,,,,,,,,,,,,,,,,,,,,,,,,,,,,,,,,,,,,,,,,,,,,,,,,,,,,,,,,,,,,,,,,,,,,,,,,,,,,,,,,,,,,,,,,,,,,,,,,,,,,,,,,,,,,,,,
Data,12,record,timestamp,"944858235",s,position_lat,"390115240",semicircles,position_long,"-1397814787",semicircles,distance,"10361.45",m,altitude,"14.799999999999955",m,speed,"2.883",m/s,unknown,"0",,unknown,"100",,heart_rate,"91",bpm,cadence,"92",rpm,fractional_cadence,"0.0",rpm,enhanced_altitude,"14.799999999999955",m,enhanced_speed,"2.883",m/s,,,,,,,,,,,,,,,,,,,,,,,,,,,,,,,,,,,,,,,,,,,,,,,,,,,,,,,,,,,,,,,,,,,,,,,,,,,,,,,,,,,,,,,,,,,,,,,,,,,,,,,,,,,,,,,,,,,,,,,,,,,,,,,,,,,,,,,,,,,,,,,,,,,,,,,,,,,,,,,,,,,
Data,12,record,timestamp,"944858236",s,position_lat,"390115072",semicircles,position_long,"-1397814386",semicircles,distance,"10364.83",m,altitude,"14.799999999999955",m,speed,"2.986",m/s,unknown,"0",,unknown,"100",,heart_rate,"95",bpm,cadence,"0",rpm,fractional_cadence,"0.0",rpm,enhanced_altitude,"14.799999999999955",m,enhanced_speed,"2.986",m/s,,,,,,,,,,,,,,,,,,,,,,,,,,,,,,,,,,,,,,,,,,,,,,,,,,,,,,,,,,,,,,,,,,,,,,,,,,,,,,,,,,,,,,,,,,,,,,,,,,,,,,,,,,,,,,,,,,,,,,,,,,,,,,,,,,,,,,,,,,,,,,,,,,,,,,,,,,,,,,,,,,,
Data,12,record,timestamp,"944858241",s,position_lat,"390114001",semicircles,position_long,"-1397813055",semicircles,distance,"10378.73",m,altitude,"14.799999999999955",m,speed,"2.594",m/s,unknown,"0",,unknown,"100",,heart_rate,"94",bpm,cadence,"0",rpm,fractional_cadence,"0.0",rpm,enhanced_altitude,"14.799999999999955",m,enhanced_speed,"2.594",m/s,,,,,,,,,,,,,,,,,,,,,,,,,,,,,,,,,,,,,,,,,,,,,,,,,,,,,,,,,,,,,,,,,,,,,,,,,,,,,,,,,,,,,,,,,,,,,,,,,,,,,,,,,,,,,,,,,,,,,,,,,,,,,,,,,,,,,,,,,,,,,,,,,,,,,,,,,,,,,,,,,,,
Data,12,record,timestamp,"944858244",s,position_lat,"390113496",semicircles,position_long,"-1397812225",semicircles,distance,"10386.79",m,altitude,"14.799999999999955",m,speed,"2.613",m/s,unknown,"0",,unknown,"100",,heart_rate,"89",bpm,cadence,"79",rpm,fractional_cadence,"0.5",rpm,enhanced_altitude,"14.799999999999955",m,enhanced_speed,"2.613",m/s,,,,,,,,,,,,,,,,,,,,,,,,,,,,,,,,,,,,,,,,,,,,,,,,,,,,,,,,,,,,,,,,,,,,,,,,,,,,,,,,,,,,,,,,,,,,,,,,,,,,,,,,,,,,,,,,,,,,,,,,,,,,,,,,,,,,,,,,,,,,,,,,,,,,,,,,,,,,,,,,,,,
Data,12,record,timestamp,"944858245",s,position_lat,"390113342",semicircles,position_long,"-1397811943",semicircles,distance,"10389.43",m,altitude,"14.799999999999955",m,speed,"2.613",m/s,unknown,"0",,unknown,"100",,heart_rate,"92",bpm,cadence,"79",rpm,fractional_cadence,"0.5",rpm,enhanced_altitude,"14.799999999999955",m,enhanced_speed,"2.613",m/s,,,,,,,,,,,,,,,,,,,,,,,,,,,,,,,,,,,,,,,,,,,,,,,,,,,,,,,,,,,,,,,,,,,,,,,,,,,,,,,,,,,,,,,,,,,,,,,,,,,,,,,,,,,,,,,,,,,,,,,,,,,,,,,,,,,,,,,,,,,,,,,,,,,,,,,,,,,,,,,,,,,
Data,12,record,timestamp,"944858251",s,position_lat,"390112694",semicircles,position_long,"-1397810341",semicircles,distance,"10403.45",m,altitude,"15.0",m,speed,"2.342",m/s,unknown,"0",,unknown,"100",,heart_rate,"92",bpm,cadence,"0",rpm,fractional_cadence,"0.0",rpm,enhanced_altitude,"15.0",m,enhanced_speed,"2.342",m/s,,,,,,,,,,,,,,,,,,,,,,,,,,,,,,,,,,,,,,,,,,,,,,,,,,,,,,,,,,,,,,,,,,,,,,,,,,,,,,,,,,,,,,,,,,,,,,,,,,,,,,,,,,,,,,,,,,,,,,,,,,,,,,,,,,,,,,,,,,,,,,,,,,,,,,,,,,,,,,,,,,,
Data,12,record,timestamp,"944858255",s,position_lat,"390112656",semicircles,position_long,"-1397809359",semicircles,distance,"10411.1",m,altitude,"14.799999999999955",m,speed,"2.174",m/s,unknown,"0",,unknown,"100",,heart_rate,"96",bpm,cadence,"0",rpm,fractional_cadence,"0.0",rpm,enhanced_altitude,"14.799999999999955",m,enhanced_speed,"2.174",m/s,,,,,,,,,,,,,,,,,,,,,,,,,,,,,,,,,,,,,,,,,,,,,,,,,,,,,,,,,,,,,,,,,,,,,,,,,,,,,,,,,,,,,,,,,,,,,,,,,,,,,,,,,,,,,,,,,,,,,,,,,,,,,,,,,,,,,,,,,,,,,,,,,,,,,,,,,,,,,,,,,,,
Data,12,record,timestamp,"944858259",s,position_lat,"390112687",semicircles,position_long,"-1397808111",semicircles,distance,"10420.88",m,altitude,"14.799999999999955",m,speed,"2.734",m/s,unknown,"0",,unknown,"100",,heart_rate,"95",bpm,cadence,"0",rpm,fractional_cadence,"0.0",rpm,enhanced_altitude,"14.799999999999955",m,enhanced_speed,"2.734",m/s,,,,,,,,,,,,,,,,,,,,,,,,,,,,,,,,,,,,,,,,,,,,,,,,,,,,,,,,,,,,,,,,,,,,,,,,,,,,,,,,,,,,,,,,,,,,,,,,,,,,,,,,,,,,,,,,,,,,,,,,,,,,,,,,,,,,,,,,,,,,,,,,,,,,,,,,,,,,,,,,,,,
Data,12,record,timestamp,"944858269",s,position_lat,"390112811",semicircles,position_long,"-1397804247",semicircles,distance,"10451.32",m,altitude,"14.799999999999955",m,speed,"2.902",m/s,unknown,"0",,unknown,"100",,heart_rate,"95",bpm,cadence,"0",rpm,fractional_cadence,"0.0",rpm,enhanced_altitude,"14.799999999999955",m,enhanced_speed,"2.902",m/s,,,,,,,,,,,,,,,,,,,,,,,,,,,,,,,,,,,,,,,,,,,,,,,,,,,,,,,,,,,,,,,,,,,,,,,,,,,,,,,,,,,,,,,,,,,,,,,,,,,,,,,,,,,,,,,,,,,,,,,,,,,,,,,,,,,,,,,,,,,,,,,,,,,,,,,,,,,,,,,,,,,
Data,12,record,timestamp,"944858274",s,position_lat,"390112183",semicircles,position_long,"-1397802709",semicircles,distance,"10464.64",m,altitude,"14.799999999999955",m,speed,"2.631",m/s,unknown,"0",,unknown,"100",,heart_rate,"99",bpm,cadence,"0",rpm,fractional_cadence,"0.0",rpm,enhanced_altitude,"14.799999999999955",m,enhanced_speed,"2.631",m/s,,,,,,,,,,,,,,,,,,,,,,,,,,,,,,,,,,,,,,,,,,,,,,,,,,,,,,,,,,,,,,,,,,,,,,,,,,,,,,,,,,,,,,,,,,,,,,,,,,,,,,,,,,,,,,,,,,,,,,,,,,,,,,,,,,,,,,,,,,,,,,,,,,,,,,,,,,,,,,,,,,,
Data,12,record,timestamp,"944858276",s,position_lat,"390111820",semicircles,position_long,"-1397802179",semicircles,distance,"10469.9",m,altitude,"14.799999999999955",m,speed,"2.454",m/s,unknown,"0",,unknown,"100",,heart_rate,"101",bpm,cadence,"0",rpm,fractional_cadence,"0.0",rpm,enhanced_altitude,"14.799999999999955",m,enhanced_speed,"2.454",m/s,,,,,,,,,,,,,,,,,,,,,,,,,,,,,,,,,,,,,,,,,,,,,,,,,,,,,,,,,,,,,,,,,,,,,,,,,,,,,,,,,,,,,,,,,,,,,,,,,,,,,,,,,,,,,,,,,,,,,,,,,,,,,,,,,,,,,,,,,,,,,,,,,,,,,,,,,,,,,,,,,,,
Data,12,record,timestamp,"944858282",s,position_lat,"390110373",semicircles,position_long,"-1397801308",semicircles,distance,"10484.89",m,altitude,"15.0",m,speed,"2.426",m/s,unknown,"0",,unknown,"100",,heart_rate,"103",bpm,cadence,"0",rpm,fractional_cadence,"0.0",rpm,enhanced_altitude,"15.0",m,enhanced_speed,"2.426",m/s,,,,,,,,,,,,,,,,,,,,,,,,,,,,,,,,,,,,,,,,,,,,,,,,,,,,,,,,,,,,,,,,,,,,,,,,,,,,,,,,,,,,,,,,,,,,,,,,,,,,,,,,,,,,,,,,,,,,,,,,,,,,,,,,,,,,,,,,,,,,,,,,,,,,,,,,,,,,,,,,,,,
Data,12,record,timestamp,"944858294",s,position_lat,"390107479",semicircles,position_long,"-1397800015",semicircles,distance,"10513.64",m,altitude,"14.799999999999955",m,speed,"2.286",m/s,unknown,"0",,unknown,"100",,heart_rate,"103",bpm,cadence,"0",rpm,fractional_cadence,"0.0",rpm,enhanced_altitude,"14.799999999999955",m,enhanced_speed,"2.286",m/s,,,,,,,,,,,,,,,,,,,,,,,,,,,,,,,,,,,,,,,,,,,,,,,,,,,,,,,,,,,,,,,,,,,,,,,,,,,,,,,,,,,,,,,,,,,,,,,,,,,,,,,,,,,,,,,,,,,,,,,,,,,,,,,,,,,,,,,,,,,,,,,,,,,,,,,,,,,,,,,,,,,
Data,12,record,timestamp,"944858302",s,position_lat,"390105478",semicircles,position_long,"-1397799282",semicircles,distance,"10533.12",m,altitude,"15.0",m,speed,"2.389",m/s,unknown,"0",,unknown,"100",,heart_rate,"100",bpm,cadence,"0",rpm,fractional_cadence,"0.0",rpm,enhanced_altitude,"15.0",m,enhanced_speed,"2.389",m/s,,,,,,,,,,,,,,,,,,,,,,,,,,,,,,,,,,,,,,,,,,,,,,,,,,,,,,,,,,,,,,,,,,,,,,,,,,,,,,,,,,,,,,,,,,,,,,,,,,,,,,,,,,,,,,,,,,,,,,,,,,,,,,,,,,,,,,,,,,,,,,,,,,,,,,,,,,,,,,,,,,,
Data,12,record,timestamp,"944858309",s,position_lat,"390103715",semicircles,position_long,"-1397798746",semicircles,distance,"10550.03",m,altitude,"15.0",m,speed,"2.426",m/s,unknown,"0",,unknown,"100",,heart_rate,"100",bpm,cadence,"0",rpm,fractional_cadence,"0.0",rpm,enhanced_altitude,"15.0",m,enhanced_speed,"2.426",m/s,,,,,,,,,,,,,,,,,,,,,,,,,,,,,,,,,,,,,,,,,,,,,,,,,,,,,,,,,,,,,,,,,,,,,,,,,,,,,,,,,,,,,,,,,,,,,,,,,,,,,,,,,,,,,,,,,,,,,,,,,,,,,,,,,,,,,,,,,,,,,,,,,,,,,,,,,,,,,,,,,,,
Data,12,record,timestamp,"944858310",s,position_lat,"390103468",semicircles,position_long,"-1397798685",semicircles,distance,"10552.38",m,altitude,"15.0",m,speed,"2.398",m/s,unknown,"0",,unknown,"300",,heart_rate,"96",bpm,cadence,"0",rpm,fractional_cadence,"0.0",rpm,enhanced_altitude,"15.0",m,enhanced_speed,"2.398",m/s,,,,,,,,,,,,,,,,,,,,,,,,,,,,,,,,,,,,,,,,,,,,,,,,,,,,,,,,,,,,,,,,,,,,,,,,,,,,,,,,,,,,,,,,,,,,,,,,,,,,,,,,,,,,,,,,,,,,,,,,,,,,,,,,,,,,,,,,,,,,,,,,,,,,,,,,,,,,,,,,,,,
Data,12,record,timestamp,"944858322",s,position_lat,"390100193",semicircles,position_long,"-1397797831",semicircles,distance,"10583.59",m,altitude,"14.799999999999955",m,speed,"2.687",m/s,unknown,"0",,unknown,"100",,heart_rate,"95",bpm,cadence,"0",rpm,fractional_cadence,"0.0",rpm,enhanced_altitude,"14.799999999999955",m,enhanced_speed,"2.687",m/s,,,,,,,,,,,,,,,,,,,,,,,,,,,,,,,,,,,,,,,,,,,,,,,,,,,,,,,,,,,,,,,,,,,,,,,,,,,,,,,,,,,,,,,,,,,,,,,,,,,,,,,,,,,,,,,,,,,,,,,,,,,,,,,,,,,,,,,,,,,,,,,,,,,,,,,,,,,,,,,,,,,
Data,12,record,timestamp,"944858331",s,position_lat,"390097520",semicircles,position_long,"-1397797457",semicircles,distance,"10608.61",m,altitude,"14.799999999999955",m,speed,"2.678",m/s,unknown,"0",,unknown,"100",,heart_rate,"92",bpm,cadence,"0",rpm,fractional_cadence,"0.0",rpm,enhanced_altitude,"14.799999999999955",m,enhanced_speed,"2.678",m/s,,,,,,,,,,,,,,,,,,,,,,,,,,,,,,,,,,,,,,,,,,,,,,,,,,,,,,,,,,,,,,,,,,,,,,,,,,,,,,,,,,,,,,,,,,,,,,,,,,,,,,,,,,,,,,,,,,,,,,,,,,,,,,,,,,,,,,,,,,,,,,,,,,,,,,,,,,,,,,,,,,,
Data,12,record,timestamp,"944858336",s,position_lat,"390096084",semicircles,position_long,"-1397797189",semicircles,distance,"10622.13",m,altitude,"14.799999999999955",m,speed,"2.725",m/s,unknown,"0",,unknown,"100",,heart_rate,"93",bpm,cadence,"0",rpm,fractional_cadence,"0.0",rpm,enhanced_altitude,"14.799999999999955",m,enhanced_speed,"2.725",m/s,,,,,,,,,,,,,,,,,,,,,,,,,,,,,,,,,,,,,,,,,,,,,,,,,,,,,,,,,,,,,,,,,,,,,,,,,,,,,,,,,,,,,,,,,,,,,,,,,,,,,,,,,,,,,,,,,,,,,,,,,,,,,,,,,,,,,,,,,,,,,,,,,,,,,,,,,,,,,,,,,,,
Data,12,record,timestamp,"944858339",s,position_lat,"390095173",semicircles,position_long,"-1397797112",semicircles,distance,"10630.61",m,altitude,"14.799999999999955",m,speed,"2.809",m/s,unknown,"0",,unknown,"300",,heart_rate,"90",bpm,cadence,"0",rpm,fractional_cadence,"0.0",rpm,enhanced_altitude,"14.799999999999955",m,enhanced_speed,"2.809",m/s,,,,,,,,,,,,,,,,,,,,,,,,,,,,,,,,,,,,,,,,,,,,,,,,,,,,,,,,,,,,,,,,,,,,,,,,,,,,,,,,,,,,,,,,,,,,,,,,,,,,,,,,,,,,,,,,,,,,,,,,,,,,,,,,,,,,,,,,,,,,,,,,,,,,,,,,,,,,,,,,,,,
Data,12,record,timestamp,"944858345",s,position_lat,"390093156",semicircles,position_long,"-1397796983",semicircles,distance,"10649.4",m,altitude,"15.0",m,speed,"3.051",m/s,unknown,"0",,unknown,"100",,heart_rate,"93",bpm,cadence,"0",rpm,fractional_cadence,"0.0",rpm,enhanced_altitude,"15.0",m,enhanced_speed,"3.051",m/s,,,,,,,,,,,,,,,,,,,,,,,,,,,,,,,,,,,,,,,,,,,,,,,,,,,,,,,,,,,,,,,,,,,,,,,,,,,,,,,,,,,,,,,,,,,,,,,,,,,,,,,,,,,,,,,,,,,,,,,,,,,,,,,,,,,,,,,,,,,,,,,,,,,,,,,,,,,,,,,,,,,
Data,12,record,timestamp,"944858347",s,position_lat,"390092520",semicircles,position_long,"-1397796832",semicircles,distance,"10655.4",m,altitude,"15.0",m,speed,"2.995",m/s,unknown,"0",,unknown,"100",,heart_rate,"92",bpm,cadence,"0",rpm,fractional_cadence,"0.0",rpm,enhanced_altitude,"15.0",m,enhanced_speed,"2.995",m/s,,,,,,,,,,,,,,,,,,,,,,,,,,,,,,,,,,,,,,,,,,,,,,,,,,,,,,,,,,,,,,,,,,,,,,,,,,,,,,,,,,,,,,,,,,,,,,,,,,,,,,,,,,,,,,,,,,,,,,,,,,,,,,,,,,,,,,,,,,,,,,,,,,,,,,,,,,,,,,,,,,,
Data,12,record,timestamp,"944858355",s,position_lat,"390089856",semicircles,position_long,"-1397796172",semicircles,distance,"10680.71",m,altitude,"15.0",m,speed,"3.07",m/s,unknown,"0",,unknown,"100",,heart_rate,"95",bpm,cadence,"0",rpm,fractional_cadence,"0.0",rpm,enhanced_altitude,"15.0",m,enhanced_speed,"3.07",m/s,,,,,,,,,,,,,,,,,,,,,,,,,,,,,,,,,,,,,,,,,,,,,,,,,,,,,,,,,,,,,,,,,,,,,,,,,,,,,,,,,,,,,,,,,,,,,,,,,,,,,,,,,,,,,,,,,,,,,,,,,,,,,,,,,,,,,,,,,,,,,,,,,,,,,,,,,,,,,,,,,,,
Data,12,record,timestamp,"944858360",s,position_lat,"390088251",semicircles,position_long,"-1397795837",semicircles,distance,"10695.86",m,altitude,"15.0",m,speed,"2.986",m/s,unknown,"0",,unknown,"100",,heart_rate,"92",bpm,cadence,"0",rpm,fractional_cadence,"0.0",rpm,enhanced_altitude,"15.0",m,enhanced_speed,"2.986",m/s,,,,,,,,,,,,,,,,,,,,,,,,,,,,,,,,,,,,,,,,,,,,,,,,,,,,,,,,,,,,,,,,,,,,,,,,,,,,,,,,,,,,,,,,,,,,,,,,,,,,,,,,,,,,,,,,,,,,,,,,,,,,,,,,,,,,,,,,,,,,,,,,,,,,,,,,,,,,,,,,,,,
Data,12,record,timestamp,"944858362",s,position_lat,"390087568",semicircles,position_long,"-1397795627",semicircles,distance,"10702.42",m,altitude,"15.0",m,speed,"3.051",m/s,unknown,"0",,unknown,"100",,heart_rate,"94",bpm,cadence,"0",rpm,fractional_cadence,"0.0",rpm,enhanced_altitude,"15.0",m,enhanced_speed,"3.051",m/s,,,,,,,,,,,,,,,,,,,,,,,,,,,,,,,,,,,,,,,,,,,,,,,,,,,,,,,,,,,,,,,,,,,,,,,,,,,,,,,,,,,,,,,,,,,,,,,,,,,,,,,,,,,,,,,,,,,,,,,,,,,,,,,,,,,,,,,,,,,,,,,,,,,,,,,,,,,,,,,,,,,
Data,12,record,timestamp,"944858369",s,position_lat,"390086003",semicircles,position_long,"-1397794009",semicircles,distance,"10722.06",m,altitude,"14.799999999999955",m,speed,"2.669",m/s,unknown,"0",,unknown,"100",,heart_rate,"92",bpm,cadence,"0",rpm,fractional_cadence,"0.0",rpm,enhanced_altitude,"14.799999999999955",m,enhanced_speed,"2.669",m/s,,,,,,,,,,,,,,,,,,,,,,,,,,,,,,,,,,,,,,,,,,,,,,,,,,,,,,,,,,,,,,,,,,,,,,,,,,,,,,,,,,,,,,,,,,,,,,,,,,,,,,,,,,,,,,,,,,,,,,,,,,,,,,,,,,,,,,,,,,,,,,,,,,,,,,,,,,,,,,,,,,,
Data,12,record,timestamp,"944858371",s,position_lat,"390085754",semicircles,position_long,"-1397793388",semicircles,distance,"10727.43",m,altitude,"14.799999999999955",m,speed,"2.678",m/s,unknown,"0",,unknown,"300",,heart_rate,"95",bpm,cadence,"0",rpm,fractional_cadence,"0.0",rpm,enhanced_altitude,"14.799999999999955",m,enhanced_speed,"2.678",m/s,,,,,,,,,,,,,,,,,,,,,,,,,,,,,,,,,,,,,,,,,,,,,,,,,,,,,,,,,,,,,,,,,,,,,,,,,,,,,,,,,,,,,,,,,,,,,,,,,,,,,,,,,,,,,,,,,,,,,,,,,,,,,,,,,,,,,,,,,,,,,,,,,,,,,,,,,,,,,,,,,,,
Data,12,record,timestamp,"944858378",s,position_lat,"390085170",semicircles,position_long,"-1397791377",semicircles,distance,"10744.08",m,altitude,"14.799999999999955",m,speed,"2.463",m/s,unknown,"0",,unknown,"300",,heart_rate,"96",bpm,cadence,"0",rpm,fractional_cadence,"0.0",rpm,enhanced_altitude,"14.799999999999955",m,enhanced_speed,"2.463",m/s,,,,,,,,,,,,,,,,,,,,,,,,,,,,,,,,,,,,,,,,,,,,,,,,,,,,,,,,,,,,,,,,,,,,,,,,,,,,,,,,,,,,,,,,,,,,,,,,,,,,,,,,,,,,,,,,,,,,,,,,,,,,,,,,,,,,,,,,,,,,,,,,,,,,,,,,,,,,,,,,,,,
Data,12,record,timestamp,"944858384",s,position_lat,"390085024",semicircles,position_long,"-1397789732",semicircles,distance,"10756.97",m,altitude,"14.799999999999955",m,speed,"2.202",m/s,unknown,"0",,unknown,"100",,heart_rate,"99",bpm,cadence,"0",rpm,fractional_cadence,"0.0",rpm,enhanced_altitude,"14.799999999999955",m,enhanced_speed,"2.202",m/s,,,,,,,,,,,,,,,,,,,,,,,,,,,,,,,,,,,,,,,,,,,,,,,,,,,,,,,,,,,,,,,,,,,,,,,,,,,,,,,,,,,,,,,,,,,,,,,,,,,,,,,,,,,,,,,,,,,,,,,,,,,,,,,,,,,,,,,,,,,,,,,,,,,,,,,,,,,,,,,,,,,
Data,12,record,timestamp,"944858389",s,position_lat,"390084929",semicircles,position_long,"-1397788320",semicircles,distance,"10768.11",m,altitude,"14.799999999999955",m,speed,"2.314",m/s,unknown,"0",,unknown,"100",,heart_rate,"101",bpm,cadence,"0",rpm,fractional_cadence,"0.0",rpm,enhanced_altitude,"14.799999999999955",m,enhanced_speed,"2.314",m/s,,,,,,,,,,,,,,,,,,,,,,,,,,,,,,,,,,,,,,,,,,,,,,,,,,,,,,,,,,,,,,,,,,,,,,,,,,,,,,,,,,,,,,,,,,,,,,,,,,,,,,,,,,,,,,,,,,,,,,,,,,,,,,,,,,,,,,,,,,,,,,,,,,,,,,,,,,,,,,,,,,,
Data,12,record,timestamp,"944858391",s,position_lat,"390084949",semicircles,position_long,"-1397787719",semicircles,distance,"10772.81",m,altitude,"14.799999999999955",m,speed,"2.314",m/s,unknown,"0",,unknown,"100",,heart_rate,"98",bpm,cadence,"0",rpm,fractional_cadence,"0.0",rpm,enhanced_altitude,"14.799999999999955",m,enhanced_speed,"2.314",m/s,,,,,,,,,,,,,,,,,,,,,,,,,,,,,,,,,,,,,,,,,,,,,,,,,,,,,,,,,,,,,,,,,,,,,,,,,,,,,,,,,,,,,,,,,,,,,,,,,,,,,,,,,,,,,,,,,,,,,,,,,,,,,,,,,,,,,,,,,,,,,,,,,,,,,,,,,,,,,,,,,,,
Data,12,record,timestamp,"944858400",s,position_lat,"390085162",semicircles,position_long,"-1397784879",semicircles,distance,"10795.17",m,altitude,"14.799999999999955",m,speed,"2.706",m/s,unknown,"0",,unknown,"100",,heart_rate,"97",bpm,cadence,"0",rpm,fractional_cadence,"0.0",rpm,enhanced_altitude,"14.799999999999955",m,enhanced_speed,"2.706",m/s,,,,,,,,,,,,,,,,,,,,,,,,,,,,,,,,,,,,,,,,,,,,,,,,,,,,,,,,,,,,,,,,,,,,,,,,,,,,,,,,,,,,,,,,,,,,,,,,,,,,,,,,,,,,,,,,,,,,,,,,,,,,,,,,,,,,,,,,,,,,,,,,,,,,,,,,,,,,,,,,,,,
Data,12,record,timestamp,"944858404",s,position_lat,"390085315",semicircles,position_long,"-1397783343",semicircles,distance,"10807.31",m,altitude,"14.799999999999955",m,speed,"2.958",m/s,unknown,"0",,unknown,"100",,heart_rate,"94",bpm,cadence,"0",rpm,fractional_cadence,"0.0",rpm,enhanced_altitude,"14.799999999999955",m,enhanced_speed,"2.958",m/s,,,,,,,,,,,,,,,,,,,,,,,,,,,,,,,,,,,,,,,,,,,,,,,,,,,,,,,,,,,,,,,,,,,,,,,,,,,,,,,,,,,,,,,,,,,,,,,,,,,,,,,,,,,,,,,,,,,,,,,,,,,,,,,,,,,,,,,,,,,,,,,,,,,,,,,,,,,,,,,,,,,
Data,12,record,timestamp,"944858411",s,position_lat,"390085447",semicircles,position_long,"-1397780511",semicircles,distance,"10829.61",m,altitude,"14.600000000000023",m,speed,"3.2",m/s,unknown,"0",,unknown,"100",,heart_rate,"93",bpm,cadence,"0",rpm,fractional_cadence,"0.0",rpm,enhanced_altitude,"14.600000000000023",m,enhanced_speed,"3.2",m/s,,,,,,,,,,,,,,,,,,,,,,,,,,,,,,,,,,,,,,,,,,,,,,,,,,,,,,,,,,,,,,,,,,,,,,,,,,,,,,,,,,,,,,,,,,,,,,,,,,,,,,,,,,,,,,,,,,,,,,,,,,,,,,,,,,,,,,,,,,,,,,,,,,,,,,,,,,,,,,,,,,,
Data,12,record,timestamp,"944858418",s,position_lat,"390085433",semicircles,position_long,"-1397777621",semicircles,distance,"10852.44",m,altitude,"14.600000000000023",m,speed,"3.004",m/s,unknown,"0",,unknown,"100",,heart_rate,"90",bpm,cadence,"0",rpm,fractional_cadence,"0.0",rpm,enhanced_altitude,"14.600000000000023",m,enhanced_speed,"3.004",m/s,,,,,,,,,,,,,,,,,,,,,,,,,,,,,,,,,,,,,,,,,,,,,,,,,,,,,,,,,,,,,,,,,,,,,,,,,,,,,,,,,,,,,,,,,,,,,,,,,,,,,,,,,,,,,,,,,,,,,,,,,,,,,,,,,,,,,,,,,,,,,,,,,,,,,,,,,,,,,,,,,,,
Data,12,record,timestamp,"944858419",s,position_lat,"390085376",semicircles,position_long,"-1397777254",semicircles,distance,"10855.37",m,altitude,"14.600000000000023",m,speed,"2.911",m/s,unknown,"0",,unknown,"100",,heart_rate,"93",bpm,cadence,"0",rpm,fractional_cadence,"0.0",rpm,enhanced_altitude,"14.600000000000023",m,enhanced_speed,"2.911",m/s,,,,,,,,,,,,,,,,,,,,,,,,,,,,,,,,,,,,,,,,,,,,,,,,,,,,,,,,,,,,,,,,,,,,,,,,,,,,,,,,,,,,,,,,,,,,,,,,,,,,,,,,,,,,,,,,,,,,,,,,,,,,,,,,,,,,,,,,,,,,,,,,,,,,,,,,,,,,,,,,,,,
Data,12,record,timestamp,"944858422",s,position_lat,"390085128",semicircles,position_long,"-1397776276",semicircles,distance,"10863.4",m,altitude,"14.600000000000023",m,speed,"2.631",m/s,unknown,"0",,unknown,"100",,heart_rate,"93",bpm,cadence,"0",rpm,fractional_cadence,"0.0",rpm,enhanced_altitude,"14.600000000000023",m,enhanced_speed,"2.631",m/s,,,,,,,,,,,,,,,,,,,,,,,,,,,,,,,,,,,,,,,,,,,,,,,,,,,,,,,,,,,,,,,,,,,,,,,,,,,,,,,,,,,,,,,,,,,,,,,,,,,,,,,,,,,,,,,,,,,,,,,,,,,,,,,,,,,,,,,,,,,,,,,,,,,,,,,,,,,,,,,,,,,
Data,12,record,timestamp,"944858426",s,position_lat,"390084467",semicircles,position_long,"-1397775130",semicircles,distance,"10874.22",m,altitude,"14.799999999999955",m,speed,"2.566",m/s,unknown,"0",,unknown,"100",,heart_rate,"90",bpm,cadence,"0",rpm,fractional_cadence,"0.0",rpm,enhanced_altitude,"14.799999999999955",m,enhanced_speed,"2.566",m/s,,,,,,,,,,,,,,,,,,,,,,,,,,,,,,,,,,,,,,,,,,,,,,,,,,,,,,,,,,,,,,,,,,,,,,,,,,,,,,,,,,,,,,,,,,,,,,,,,,,,,,,,,,,,,,,,,,,,,,,,,,,,,,,,,,,,,,,,,,,,,,,,,,,,,,,,,,,,,,,,,,,
Data,12,record,timestamp,"944858430",s,position_lat,"390083298",semicircles,position_long,"-1397774321",semicircles,distance,"10886.56",m,altitude,"14.600000000000023",m,speed,"2.762",m/s,unknown,"0",,unknown,"100",,heart_rate,"91",bpm,cadence,"0",rpm,fractional_cadence,"0.0",rpm,enhanced_altitude,"14.600000000000023",m,enhanced_speed,"2.762",m/s,,,,,,,,,,,,,,,,,,,,,,,,,,,,,,,,,,,,,,,,,,,,,,,,,,,,,,,,,,,,,,,,,,,,,,,,,,,,,,,,,,,,,,,,,,,,,,,,,,,,,,,,,,,,,,,,,,,,,,,,,,,,,,,,,,,,,,,,,,,,,,,,,,,,,,,,,,,,,,,,,,,
Data,12,record,timestamp,"944858438",s,position_lat,"390080395",semicircles,position_long,"-1397773414",semicircles,distance,"10914.28",m,altitude,"14.799999999999955",m,speed,"3.322",m/s,unknown,"0",,unknown,"100",,heart_rate,"89",bpm,cadence,"0",rpm,fractional_cadence,"0.0",rpm,enhanced_altitude,"14.799999999999955",m,enhanced_speed,"3.322",m/s,,,,,,,,,,,,,,,,,,,,,,,,,,,,,,,,,,,,,,,,,,,,,,,,,,,,,,,,,,,,,,,,,,,,,,,,,,,,,,,,,,,,,,,,,,,,,,,,,,,,,,,,,,,,,,,,,,,,,,,,,,,,,,,,,,,,,,,,,,,,,,,,,,,,,,,,,,,,,,,,,,,
Data,12,record,timestamp,"944858449",s,position_lat,"390076302",semicircles,position_long,"-1397772149",semicircles,distance,"10953.59",m,altitude,"14.799999999999955",m,speed,"3.536",m/s,unknown,"0",,unknown,"100",,heart_rate,"86",bpm,cadence,"0",rpm,fractional_cadence,"0.0",rpm,enhanced_altitude,"14.799999999999955",m,enhanced_speed,"3.536",m/s,,,,,,,,,,,,,,,,,,,,,,,,,,,,,,,,,,,,,,,,,,,,,,,,,,,,,,,,,,,,,,,,,,,,,,,,,,,,,,,,,,,,,,,,,,,,,,,,,,,,,,,,,,,,,,,,,,,,,,,,,,,,,,,,,,,,,,,,,,,,,,,,,,,,,,,,,,,,,,,,,,,
Data,12,record,timestamp,"944858453",s,position_lat,"390074888",semicircles,position_long,"-1397771742",semicircles,distance,"10967.11",m,altitude,"15.0",m,speed,"3.602",m/s,unknown,"0",,unknown,"100",,heart_rate,"86",bpm,cadence,"0",rpm,fractional_cadence,"0.0",rpm,enhanced_altitude,"15.0",m,enhanced_speed,"3.602",m/s,,,,,,,,,,,,,,,,,,,,,,,,,,,,,,,,,,,,,,,,,,,,,,,,,,,,,,,,,,,,,,,,,,,,,,,,,,,,,,,,,,,,,,,,,,,,,,,,,,,,,,,,,,,,,,,,,,,,,,,,,,,,,,,,,,,,,,,,,,,,,,,,,,,,,,,,,,,,,,,,,,,
Data,12,record,timestamp,"944858458",s,position_lat,"390072986",semicircles,position_long,"-1397771172",semicircles,distance,"10985.36",m,altitude,"15.0",m,speed,"3.742",m/s,unknown,"0",,unknown,"100",,heart_rate,"83",bpm,cadence,"0",rpm,fractional_cadence,"0.0",rpm,enhanced_altitude,"15.0",m,enhanced_speed,"3.742",m/s,,,,,,,,,,,,,,,,,,,,,,,,,,,,,,,,,,,,,,,,,,,,,,,,,,,,,,,,,,,,,,,,,,,,,,,,,,,,,,,,,,,,,,,,,,,,,,,,,,,,,,,,,,,,,,,,,,,,,,,,,,,,,,,,,,,,,,,,,,,,,,,,,,,,,,,,,,,,,,,,,,,
Data,12,record,timestamp,"944858464",s,position_lat,"390071074",semicircles,position_long,"-1397770090",semicircles,distance,"11005.18",m,altitude,"14.799999999999955",m,speed,"3.331",m/s,unknown,"0",,unknown,"100",,heart_rate,"82",bpm,cadence,"0",rpm,fractional_cadence,"0.0",rpm,enhanced_altitude,"14.799999999999955",m,enhanced_speed,"3.331",m/s,,,,,,,,,,,,,,,,,,,,,,,,,,,,,,,,,,,,,,,,,,,,,,,,,,,,,,,,,,,,,,,,,,,,,,,,,,,,,,,,,,,,,,,,,,,,,,,,,,,,,,,,,,,,,,,,,,,,,,,,,,,,,,,,,,,,,,,,,,,,,,,,,,,,,,,,,,,,,,,,,,,
Data,12,record,timestamp,"944858467",s,position_lat,"390070340",semicircles,position_long,"-1397769245",semicircles,distance,"11014.66",m,altitude,"15.0",m,speed,"3.126",m/s,unknown,"0",,unknown,"100",,heart_rate,"85",bpm,cadence,"0",rpm,fractional_cadence,"0.0",rpm,enhanced_altitude,"15.0",m,enhanced_speed,"3.126",m/s,,,,,,,,,,,,,,,,,,,,,,,,,,,,,,,,,,,,,,,,,,,,,,,,,,,,,,,,,,,,,,,,,,,,,,,,,,,,,,,,,,,,,,,,,,,,,,,,,,,,,,,,,,,,,,,,,,,,,,,,,,,,,,,,,,,,,,,,,,,,,,,,,,,,,,,,,,,,,,,,,,,
Data,12,record,timestamp,"944858470",s,position_lat,"390069997",semicircles,position_long,"-1397768190",semicircles,distance,"11023.21",m,altitude,"14.799999999999955",m,speed,"2.93",m/s,unknown,"0",,unknown,"100",,heart_rate,"82",bpm,cadence,"0",rpm,fractional_cadence,"0.0",rpm,enhanced_altitude,"14.799999999999955",m,enhanced_speed,"2.93",m/s,,,,,,,,,,,,,,,,,,,,,,,,,,,,,,,,,,,,,,,,,,,,,,,,,,,,,,,,,,,,,,,,,,,,,,,,,,,,,,,,,,,,,,,,,,,,,,,,,,,,,,,,,,,,,,,,,,,,,,,,,,,,,,,,,,,,,,,,,,,,,,,,,,,,,,,,,,,,,,,,,,,
Data,12,record,timestamp,"944858471",s,position_lat,"390069912",semicircles,position_long,"-1397767840",semicircles,distance,"11025.99",m,altitude,"14.799999999999955",m,speed,"2.921",m/s,unknown,"0",,unknown,"100",,heart_rate,"80",bpm,cadence,"0",rpm,fractional_cadence,"0.0",rpm,enhanced_altitude,"14.799999999999955",m,enhanced_speed,"2.921",m/s,,,,,,,,,,,,,,,,,,,,,,,,,,,,,,,,,,,,,,,,,,,,,,,,,,,,,,,,,,,,,,,,,,,,,,,,,,,,,,,,,,,,,,,,,,,,,,,,,,,,,,,,,,,,,,,,,,,,,,,,,,,,,,,,,,,,,,,,,,,,,,,,,,,,,,,,,,,,,,,,,,,
Data,12,record,timestamp,"944858477",s,position_lat,"390069678",semicircles,position_long,"-1397765661",semicircles,distance,"11042.99",m,altitude,"14.799999999999955",m,speed,"2.921",m/s,unknown,"0",,unknown,"100",,heart_rate,"83",bpm,cadence,"0",rpm,fractional_cadence,"0.0",rpm,enhanced_altitude,"14.799999999999955",m,enhanced_speed,"2.921",m/s,,,,,,,,,,,,,,,,,,,,,,,,,,,,,,,,,,,,,,,,,,,,,,,,,,,,,,,,,,,,,,,,,,,,,,,,,,,,,,,,,,,,,,,,,,,,,,,,,,,,,,,,,,,,,,,,,,,,,,,,,,,,,,,,,,,,,,,,,,,,,,,,,,,,,,,,,,,,,,,,,,,
Data,12,record,timestamp,"944858479",s,position_lat,"390069681",semicircles,position_long,"-1397764857",semicircles,distance,"11049.24",m,altitude,"14.799999999999955",m,speed,"3.014",m/s,unknown,"0",,unknown,"100",,heart_rate,"83",bpm,cadence,"0",rpm,fractional_cadence,"0.0",rpm,enhanced_altitude,"14.799999999999955",m,enhanced_speed,"3.014",m/s,,,,,,,,,,,,,,,,,,,,,,,,,,,,,,,,,,,,,,,,,,,,,,,,,,,,,,,,,,,,,,,,,,,,,,,,,,,,,,,,,,,,,,,,,,,,,,,,,,,,,,,,,,,,,,,,,,,,,,,,,,,,,,,,,,,,,,,,,,,,,,,,,,,,,,,,,,,,,,,,,,,
Data,12,record,timestamp,"944858487",s,position_lat,"390069547",semicircles,position_long,"-1397761425",semicircles,distance,"11076.24",m,altitude,"14.799999999999955",m,speed,"3.294",m/s,unknown,"0",,unknown,"100",,heart_rate,"79",bpm,cadence,"0",rpm,fractional_cadence,"0.0",rpm,enhanced_altitude,"14.799999999999955",m,enhanced_speed,"3.294",m/s,,,,,,,,,,,,,,,,,,,,,,,,,,,,,,,,,,,,,,,,,,,,,,,,,,,,,,,,,,,,,,,,,,,,,,,,,,,,,,,,,,,,,,,,,,,,,,,,,,,,,,,,,,,,,,,,,,,,,,,,,,,,,,,,,,,,,,,,,,,,,,,,,,,,,,,,,,,,,,,,,,,
Data,12,record,timestamp,"944858491",s,position_lat,"390069566",semicircles,position_long,"-1397759612",semicircles,distance,"11090.46",m,altitude,"14.600000000000023",m,speed,"3.462",m/s,unknown,"0",,unknown,"100",,heart_rate,"84",bpm,cadence,"0",rpm,fractional_cadence,"0.0",rpm,enhanced_altitude,"14.600000000000023",m,enhanced_speed,"3.462",m/s,,,,,,,,,,,,,,,,,,,,,,,,,,,,,,,,,,,,,,,,,,,,,,,,,,,,,,,,,,,,,,,,,,,,,,,,,,,,,,,,,,,,,,,,,,,,,,,,,,,,,,,,,,,,,,,,,,,,,,,,,,,,,,,,,,,,,,,,,,,,,,,,,,,,,,,,,,,,,,,,,,,
Data,12,record,timestamp,"944858493",s,position_lat,"390069606",semicircles,position_long,"-1397758752",semicircles,distance,"11097.22",m,altitude,"14.600000000000023",m,speed,"3.452",m/s,unknown,"0",,unknown,"100",,heart_rate,"89",bpm,cadence,"0",rpm,fractional_cadence,"0.0",rpm,enhanced_altitude,"14.600000000000023",m,enhanced_speed,"3.452",m/s,,,,,,,,,,,,,,,,,,,,,,,,,,,,,,,,,,,,,,,,,,,,,,,,,,,,,,,,,,,,,,,,,,,,,,,,,,,,,,,,,,,,,,,,,,,,,,,,,,,,,,,,,,,,,,,,,,,,,,,,,,,,,,,,,,,,,,,,,,,,,,,,,,,,,,,,,,,,,,,,,,,
Data,12,record,timestamp,"944858501",s,position_lat,"390069810",semicircles,position_long,"-1397755452",semicircles,distance,"11123.25",m,altitude,"14.600000000000023",m,speed,"3.154",m/s,unknown,"0",,unknown,"100",,heart_rate,"93",bpm,cadence,"0",rpm,fractional_cadence,"0.0",rpm,enhanced_altitude,"14.600000000000023",m,enhanced_speed,"3.154",m/s,,,,,,,,,,,,,,,,,,,,,,,,,,,,,,,,,,,,,,,,,,,,,,,,,,,,,,,,,,,,,,,,,,,,,,,,,,,,,,,,,,,,,,,,,,,,,,,,,,,,,,,,,,,,,,,,,,,,,,,,,,,,,,,,,,,,,,,,,,,,,,,,,,,,,,,,,,,,,,,,,,,
Data,12,record,timestamp,"944858502",s,position_lat,"390069729",semicircles,position_long,"-1397755072",semicircles,distance,"11126.3",m,altitude,"14.600000000000023",m,speed,"3.051",m/s,unknown,"0",,unknown,"100",,heart_rate,"94",bpm,cadence,"0",rpm,fractional_cadence,"0.0",rpm,enhanced_altitude,"14.600000000000023",m,enhanced_speed,"3.051",m/s,,,,,,,,,,,,,,,,,,,,,,,,,,,,,,,,,,,,,,,,,,,,,,,,,,,,,,,,,,,,,,,,,,,,,,,,,,,,,,,,,,,,,,,,,,,,,,,,,,,,,,,,,,,,,,,,,,,,,,,,,,,,,,,,,,,,,,,,,,,,,,,,,,,,,,,,,,,,,,,,,,,
Data,12,record,timestamp,"944858505",s,position_lat,"390069260",semicircles,position_long,"-1397753921",semicircles,distance,"11136.26",m,altitude,"14.600000000000023",m,speed,"3.088",m/s,unknown,"0",,unknown,"100",,heart_rate,"97",bpm,cadence,"0",rpm,fractional_cadence,"0.0",rpm,enhanced_altitude,"14.600000000000023",m,enhanced_speed,"3.088",m/s,,,,,,,,,,,,,,,,,,,,,,,,,,,,,,,,,,,,,,,,,,,,,,,,,,,,,,,,,,,,,,,,,,,,,,,,,,,,,,,,,,,,,,,,,,,,,,,,,,,,,,,,,,,,,,,,,,,,,,,,,,,,,,,,,,,,,,,,,,,,,,,,,,,,,,,,,,,,,,,,,,,
Data,12,record,timestamp,"944858509",s,position_lat,"390068502",semicircles,position_long,"-1397752847",semicircles,distance,"11147.31",m,altitude,"15.0",m,speed,"2.659",m/s,unknown,"0",,unknown,"100",,heart_rate,"96",bpm,cadence,"0",rpm,fractional_cadence,"0.0",rpm,enhanced_altitude,"15.0",m,enhanced_speed,"2.659",m/s,,,,,,,,,,,,,,,,,,,,,,,,,,,,,,,,,,,,,,,,,,,,,,,,,,,,,,,,,,,,,,,,,,,,,,,,,,,,,,,,,,,,,,,,,,,,,,,,,,,,,,,,,,,,,,,,,,,,,,,,,,,,,,,,,,,,,,,,,,,,,,,,,,,,,,,,,,,,,,,,,,,
Data,12,record,timestamp,"944858515",s,position_lat,"390066784",semicircles,position_long,"-1397751890",semicircles,distance,"11164.89",m,altitude,"14.799999999999955",m,speed,"2.865",m/s,unknown,"0",,unknown,"100",,heart_rate,"99",bpm,cadence,"0",rpm,fractional_cadence,"0.0",rpm,enhanced_altitude,"14.799999999999955",m,enhanced_speed,"2.865",m/s,,,,,,,,,,,,,,,,,,,,,,,,,,,,,,,,,,,,,,,,,,,,,,,,,,,,,,,,,,,,,,,,,,,,,,,,,,,,,,,,,,,,,,,,,,,,,,,,,,,,,,,,,,,,,,,,,,,,,,,,,,,,,,,,,,,,,,,,,,,,,,,,,,,,,,,,,,,,,,,,,,,
Data,12,record,timestamp,"944858516",s,position_lat,"390066426",semicircles,position_long,"-1397751777",semicircles,distance,"11168.33",m,altitude,"15.0",m,speed,"3.042",m/s,unknown,"0",,unknown,"100",,heart_rate,"98",bpm,cadence,"0",rpm,fractional_cadence,"0.0",rpm,enhanced_altitude,"15.0",m,enhanced_speed,"3.042",m/s,,,,,,,,,,,,,,,,,,,,,,,,,,,,,,,,,,,,,,,,,,,,,,,,,,,,,,,,,,,,,,,,,,,,,,,,,,,,,,,,,,,,,,,,,,,,,,,,,,,,,,,,,,,,,,,,,,,,,,,,,,,,,,,,,,,,,,,,,,,,,,,,,,,,,,,,,,,,,,,,,,,
Data,12,record,timestamp,"944858517",s,position_lat,"390066065",semicircles,position_long,"-1397751675",semicircles,distance,"11171.77",m,altitude,"15.0",m,speed,"3.135",m/s,unknown,"0",,unknown,"100",,heart_rate,"101",bpm,cadence,"0",rpm,fractional_cadence,"0.0",rpm,enhanced_altitude,"15.0",m,enhanced_speed,"3.135",m/s,,,,,,,,,,,,,,,,,,,,,,,,,,,,,,,,,,,,,,,,,,,,,,,,,,,,,,,,,,,,,,,,,,,,,,,,,,,,,,,,,,,,,,,,,,,,,,,,,,,,,,,,,,,,,,,,,,,,,,,,,,,,,,,,,,,,,,,,,,,,,,,,,,,,,,,,,,,,,,,,,,,
Data,12,record,timestamp,"944858525",s,position_lat,"390062992",semicircles,position_long,"-1397751147",semicircles,distance,"11200.63",m,altitude,"15.0",m,speed,"3.592",m/s,unknown,"0",,unknown,"100",,heart_rate,"98",bpm,cadence,"0",rpm,fractional_cadence,"0.0",rpm,enhanced_altitude,"15.0",m,enhanced_speed,"3.592",m/s,,,,,,,,,,,,,,,,,,,,,,,,,,,,,,,,,,,,,,,,,,,,,,,,,,,,,,,,,,,,,,,,,,,,,,,,,,,,,,,,,,,,,,,,,,,,,,,,,,,,,,,,,,,,,,,,,,,,,,,,,,,,,,,,,,,,,,,,,,,,,,,,,,,,,,,,,,,,,,,,,,,
Data,12,record,timestamp,"944858534",s,position_lat,"390059123",semicircles,position_long,"-1397750556",semicircles,distance,"11236.93",m,altitude,"15.0",m,speed,"3.76",m/s,unknown,"0",,unknown,"100",,heart_rate,"102",bpm,cadence,"0",rpm,fractional_cadence,"0.0",rpm,enhanced_altitude,"15.0",m,enhanced_speed,"3.76",m/s,,,,,,,,,,,,,,,,,,,,,,,,,,,,,,,,,,,,,,,,,,,,,,,,,,,,,,,,,,,,,,,,,,,,,,,,,,,,,,,,,,,,,,,,,,,,,,,,,,,,,,,,,,,,,,,,,,,,,,,,,,,,,,,,,,,,,,,,,,,,,,,,,,,,,,,,,,,,,,,,,,,
Data,12,record,timestamp,"944858540",s,position_lat,"390056921",semicircles,position_long,"-1397749689",semicircles,distance,"11258.54",m,altitude,"14.799999999999955",m,speed,"3.527",m/s,unknown,"0",,unknown,"100",,heart_rate,"99",bpm,cadence,"0",rpm,fractional_cadence,"0.0",rpm,enhanced_altitude,"14.799999999999955",m,enhanced_speed,"3.527",m/s,,,,,,,,,,,,,,,,,,,,,,,,,,,,,,,,,,,,,,,,,,,,,,,,,,,,,,,,,,,,,,,,,,,,,,,,,,,,,,,,,,,,,,,,,,,,,,,,,,,,,,,,,,,,,,,,,,,,,,,,,,,,,,,,,,,,,,,,,,,,,,,,,,,,,,,,,,,,,,,,,,,
Data,12,record,timestamp,"944858544",s,position_lat,"390055600",semicircles,position_long,"-1397748970",semicircles,distance,"11272.05",m,altitude,"14.799999999999955",m,speed,"3.406",m/s,unknown,"0",,unknown,"100",,heart_rate,"100",bpm,cadence,"49",rpm,fractional_cadence,"0.0",rpm,enhanced_altitude,"14.799999999999955",m,enhanced_speed,"3.406",m/s,,,,,,,,,,,,,,,,,,,,,,,,,,,,,,,,,,,,,,,,,,,,,,,,,,,,,,,,,,,,,,,,,,,,,,,,,,,,,,,,,,,,,,,,,,,,,,,,,,,,,,,,,,,,,,,,,,,,,,,,,,,,,,,,,,,,,,,,,,,,,,,,,,,,,,,,,,,,,,,,,,,
Data,12,record,timestamp,"944858550",s,position_lat,"390054503",semicircles,position_long,"-1397747286",semicircles,distance,"11288.71",m,altitude,"14.799999999999955",m,speed,"2.883",m/s,unknown,"0",,unknown,"300",,heart_rate,"100",bpm,cadence,"0",rpm,fractional_cadence,"0.0",rpm,enhanced_altitude,"14.799999999999955",m,enhanced_speed,"2.883",m/s,,,,,,,,,,,,,,,,,,,,,,,,,,,,,,,,,,,,,,,,,,,,,,,,,,,,,,,,,,,,,,,,,,,,,,,,,,,,,,,,,,,,,,,,,,,,,,,,,,,,,,,,,,,,,,,,,,,,,,,,,,,,,,,,,,,,,,,,,,,,,,,,,,,,,,,,,,,,,,,,,,,
Data,12,record,timestamp,"944858551",s,position_lat,"390054485",semicircles,position_long,"-1397746917",semicircles,distance,"11291.37",m,altitude,"14.799999999999955",m,speed,"2.865",m/s,unknown,"0",,unknown,"300",,heart_rate,"96",bpm,cadence,"0",rpm,fractional_cadence,"0.0",rpm,enhanced_altitude,"14.799999999999955",m,enhanced_speed,"2.865",m/s,,,,,,,,,,,,,,,,,,,,,,,,,,,,,,,,,,,,,,,,,,,,,,,,,,,,,,,,,,,,,,,,,,,,,,,,,,,,,,,,,,,,,,,,,,,,,,,,,,,,,,,,,,,,,,,,,,,,,,,,,,,,,,,,,,,,,,,,,,,,,,,,,,,,,,,,,,,,,,,,,,,
Data,12,record,timestamp,"944858554",s,position_lat,"390054299",semicircles,position_long,"-1397745995",semicircles,distance,"11298.74",m,altitude,"14.799999999999955",m,speed,"2.669",m/s,unknown,"0",,unknown,"300",,heart_rate,"93",bpm,cadence,"0",rpm,fractional_cadence,"0.0",rpm,enhanced_altitude,"14.799999999999955",m,enhanced_speed,"2.669",m/s,,,,,,,,,,,,,,,,,,,,,,,,,,,,,,,,,,,,,,,,,,,,,,,,,,,,,,,,,,,,,,,,,,,,,,,,,,,,,,,,,,,,,,,,,,,,,,,,,,,,,,,,,,,,,,,,,,,,,,,,,,,,,,,,,,,,,,,,,,,,,,,,,,,,,,,,,,,,,,,,,,,
Data,12,record,timestamp,"944858557",s,position_lat,"390054224",semicircles,position_long,"-1397745044",semicircles,distance,"11306.19",m,altitude,"15.0",m,speed,"2.603",m/s,unknown,"0",,unknown,"100",,heart_rate,"93",bpm,cadence,"0",rpm,fractional_cadence,"0.0",rpm,enhanced_altitude,"15.0",m,enhanced_speed,"2.603",m/s,,,,,,,,,,,,,,,,,,,,,,,,,,,,,,,,,,,,,,,,,,,,,,,,,,,,,,,,,,,,,,,,,,,,,,,,,,,,,,,,,,,,,,,,,,,,,,,,,,,,,,,,,,,,,,,,,,,,,,,,,,,,,,,,,,,,,,,,,,,,,,,,,,,,,,,,,,,,,,,,,,,
Data,12,record,timestamp,"944858559",s,position_lat,"390054252",semicircles,position_long,"-1397744309",semicircles,distance,"11311.9",m,altitude,"15.0",m,speed,"2.762",m/s,unknown,"0",,unknown,"100",,heart_rate,"90",bpm,cadence,"0",rpm,fractional_cadence,"0.0",rpm,enhanced_altitude,"15.0",m,enhanced_speed,"2.762",m/s,,,,,,,,,,,,,,,,,,,,,,,,,,,,,,,,,,,,,,,,,,,,,,,,,,,,,,,,,,,,,,,,,,,,,,,,,,,,,,,,,,,,,,,,,,,,,,,,,,,,,,,,,,,,,,,,,,,,,,,,,,,,,,,,,,,,,,,,,,,,,,,,,,,,,,,,,,,,,,,,,,,
Data,12,record,timestamp,"944858563",s,position_lat,"390054424",semicircles,position_long,"-1397742743",semicircles,distance,"11324.21",m,altitude,"15.0",m,speed,"3.06",m/s,unknown,"0",,unknown,"100",,heart_rate,"93",bpm,cadence,"0",rpm,fractional_cadence,"0.0",rpm,enhanced_altitude,"15.0",m,enhanced_speed,"3.06",m/s,,,,,,,,,,,,,,,,,,,,,,,,,,,,,,,,,,,,,,,,,,,,,,,,,,,,,,,,,,,,,,,,,,,,,,,,,,,,,,,,,,,,,,,,,,,,,,,,,,,,,,,,,,,,,,,,,,,,,,,,,,,,,,,,,,,,,,,,,,,,,,,,,,,,,,,,,,,,,,,,,,,
Data,12,record,timestamp,"944858566",s,position_lat,"390054688",semicircles,position_long,"-1397741406",semicircles,distance,"11334.93",m,altitude,"15.0",m,speed,"3.34",m/s,unknown,"0",,unknown,"100",,heart_rate,"93",bpm,cadence,"0",rpm,fractional_cadence,"0.0",rpm,enhanced_altitude,"15.0",m,enhanced_speed,"3.34",m/s,,,,,,,,,,,,,,,,,,,,,,,,,,,,,,,,,,,,,,,,,,,,,,,,,,,,,,,,,,,,,,,,,,,,,,,,,,,,,,,,,,,,,,,,,,,,,,,,,,,,,,,,,,,,,,,,,,,,,,,,,,,,,,,,,,,,,,,,,,,,,,,,,,,,,,,,,,,,,,,,,,,
Data,12,record,timestamp,"944858568",s,position_lat,"390054909",semicircles,position_long,"-1397740524",semicircles,distance,"11342.13",m,altitude,"15.0",m,speed,"3.443",m/s,unknown,"0",,unknown,"100",,heart_rate,"90",bpm,cadence,"0",rpm,fractional_cadence,"0.0",rpm,enhanced_altitude,"15.0",m,enhanced_speed,"3.443",m/s,,,,,,,,,,,,,,,,,,,,,,,,,,,,,,,,,,,,,,,,,,,,,,,,,,,,,,,,,,,,,,,,,,,,,,,,,,,,,,,,,,,,,,,,,,,,,,,,,,,,,,,,,,,,,,,,,,,,,,,,,,,,,,,,,,,,,,,,,,,,,,,,,,,,,,,,,,,,,,,,,,,
Data,12,record,timestamp,"944858577",s,position_lat,"390055930",semicircles,position_long,"-1397736231",semicircles,distance,"11377.15",m,altitude,"15.0",m,speed,"3.788",m/s,unknown,"0",,unknown,"100",,heart_rate,"87",bpm,cadence,"0",rpm,fractional_cadence,"0.0",rpm,enhanced_altitude,"15.0",m,enhanced_speed,"3.788",m/s,,,,,,,,,,,,,,,,,,,,,,,,,,,,,,,,,,,,,,,,,,,,,,,,,,,,,,,,,,,,,,,,,,,,,,,,,,,,,,,,,,,,,,,,,,,,,,,,,,,,,,,,,,,,,,,,,,,,,,,,,,,,,,,,,,,,,,,,,,,,,,,,,,,,,,,,,,,,,,,,,,,
Data,12,record,timestamp,"944858586",s,position_lat,"390055665",semicircles,position_long,"-1397732313",semicircles,distance,"11408.57",m,altitude,"15.0",m,speed,"3.07",m/s,unknown,"0",,unknown,"100",,heart_rate,"89",bpm,cadence,"0",rpm,fractional_cadence,"0.0",rpm,enhanced_altitude,"15.0",m,enhanced_speed,"3.07",m/s,,,,,,,,,,,,,,,,,,,,,,,,,,,,,,,,,,,,,,,,,,,,,,,,,,,,,,,,,,,,,,,,,,,,,,,,,,,,,,,,,,,,,,,,,,,,,,,,,,,,,,,,,,,,,,,,,,,,,,,,,,,,,,,,,,,,,,,,,,,,,,,,,,,,,,,,,,,,,,,,,,,
Data,12,record,timestamp,"944858594",s,position_lat,"390053922",semicircles,position_long,"-1397730008",semicircles,distance,"11433.01",m,altitude,"15.200000000000045",m,speed,"2.874",m/s,unknown,"0",,unknown,"100",,heart_rate,"85",bpm,cadence,"0",rpm,fractional_cadence,"0.0",rpm,enhanced_altitude,"15.200000000000045",m,enhanced_speed,"2.874",m/s,,,,,,,,,,,,,,,,,,,,,,,,,,,,,,,,,,,,,,,,,,,,,,,,,,,,,,,,,,,,,,,,,,,,,,,,,,,,,,,,,,,,,,,,,,,,,,,,,,,,,,,,,,,,,,,,,,,,,,,,,,,,,,,,,,,,,,,,,,,,,,,,,,,,,,,,,,,,,,,,,,,
Data,12,record,timestamp,"944858598",s,position_lat,"390052659",semicircles,position_long,"-1397729316",semicircles,distance,"11445.85",m,altitude,"15.200000000000045",m,speed,"2.986",m/s,unknown,"0",,unknown,"100",,heart_rate,"88",bpm,cadence,"0",rpm,fractional_cadence,"0.0",rpm,enhanced_altitude,"15.200000000000045",m,enhanced_speed,"2.986",m/s,,,,,,,,,,,,,,,,,,,,,,,,,,,,,,,,,,,,,,,,,,,,,,,,,,,,,,,,,,,,,,,,,,,,,,,,,,,,,,,,,,,,,,,,,,,,,,,,,,,,,,,,,,,,,,,,,,,,,,,,,,,,,,,,,,,,,,,,,,,,,,,,,,,,,,,,,,,,,,,,,,,
Data,12,record,timestamp,"944858602",s,position_lat,"390051458",semicircles,position_long,"-1397728423",semicircles,distance,"11459.04",m,altitude,"15.200000000000045",m,speed,"3.256",m/s,unknown,"0",,unknown,"100",,heart_rate,"88",bpm,cadence,"0",rpm,fractional_cadence,"0.0",rpm,enhanced_altitude,"15.200000000000045",m,enhanced_speed,"3.256",m/s,,,,,,,,,,,,,,,,,,,,,,,,,,,,,,,,,,,,,,,,,,,,,,,,,,,,,,,,,,,,,,,,,,,,,,,,,,,,,,,,,,,,,,,,,,,,,,,,,,,,,,,,,,,,,,,,,,,,,,,,,,,,,,,,,,,,,,,,,,,,,,,,,,,,,,,,,,,,,,,,,,,
Data,12,record,timestamp,"944858609",s,position_lat,"390049137",semicircles,position_long,"-1397726892",semicircles,distance,"11483.74",m,altitude,"15.200000000000045",m,speed,"3.518",m/s,unknown,"0",,unknown,"100",,heart_rate,"85",bpm,cadence,"0",rpm,fractional_cadence,"0.0",rpm,enhanced_altitude,"15.200000000000045",m,enhanced_speed,"3.518",m/s,,,,,,,,,,,,,,,,,,,,,,,,,,,,,,,,,,,,,,,,,,,,,,,,,,,,,,,,,,,,,,,,,,,,,,,,,,,,,,,,,,,,,,,,,,,,,,,,,,,,,,,,,,,,,,,,,,,,,,,,,,,,,,,,,,,,,,,,,,,,,,,,,,,,,,,,,,,,,,,,,,,
Data,12,record,timestamp,"944858610",s,position_lat,"390048796",semicircles,position_long,"-1397726681",semicircles,distance,"11487.31",m,altitude,"15.200000000000045",m,speed,"3.536",m/s,unknown,"0",,unknown,"100",,heart_rate,"89",bpm,cadence,"0",rpm,fractional_cadence,"0.0",rpm,enhanced_altitude,"15.200000000000045",m,enhanced_speed,"3.536",m/s,,,,,,,,,,,,,,,,,,,,,,,,,,,,,,,,,,,,,,,,,,,,,,,,,,,,,,,,,,,,,,,,,,,,,,,,,,,,,,,,,,,,,,,,,,,,,,,,,,,,,,,,,,,,,,,,,,,,,,,,,,,,,,,,,,,,,,,,,,,,,,,,,,,,,,,,,,,,,,,,,,,
Data,12,record,timestamp,"944858616",s,position_lat,"390046679",semicircles,position_long,"-1397725381",semicircles,distance,"11509.49",m,altitude,"15.0",m,speed,"3.639",m/s,unknown,"0",,unknown,"100",,heart_rate,"89",bpm,cadence,"0",rpm,fractional_cadence,"0.0",rpm,enhanced_altitude,"15.0",m,enhanced_speed,"3.639",m/s,,,,,,,,,,,,,,,,,,,,,,,,,,,,,,,,,,,,,,,,,,,,,,,,,,,,,,,,,,,,,,,,,,,,,,,,,,,,,,,,,,,,,,,,,,,,,,,,,,,,,,,,,,,,,,,,,,,,,,,,,,,,,,,,,,,,,,,,,,,,,,,,,,,,,,,,,,,,,,,,,,,
Data,12,record,timestamp,"944858619",s,position_lat,"390045719",semicircles,position_long,"-1397724749",semicircles,distance,"11519.7",m,altitude,"15.0",m,speed,"3.527",m/s,unknown,"0",,unknown,"300",,heart_rate,"86",bpm,cadence,"0",rpm,fractional_cadence,"0.0",rpm,enhanced_altitude,"15.0",m,enhanced_speed,"3.527",m/s,,,,,,,,,,,,,,,,,,,,,,,,,,,,,,,,,,,,,,,,,,,,,,,,,,,,,,,,,,,,,,,,,,,,,,,,,,,,,,,,,,,,,,,,,,,,,,,,,,,,,,,,,,,,,,,,,,,,,,,,,,,,,,,,,,,,,,,,,,,,,,,,,,,,,,,,,,,,,,,,,,,
Data,12,record,timestamp,"944858631",s,position_lat,"390041974",semicircles,position_long,"-1397722105",semicircles,distance,"11560.25",m,altitude,"14.799999999999955",m,speed,"3.49",m/s,unknown,"0",,unknown,"100",,heart_rate,"87",bpm,cadence,"0",rpm,fractional_cadence,"0.0",rpm,enhanced_altitude,"14.799999999999955",m,enhanced_speed,"3.49",m/s,,,,,,,,,,,,,,,,,,,,,,,,,,,,,,,,,,,,,,,,,,,,,,,,,,,,,,,,,,,,,,,,,,,,,,,,,,,,,,,,,,,,,,,,,,,,,,,,,,,,,,,,,,,,,,,,,,,,,,,,,,,,,,,,,,,,,,,,,,,,,,,,,,,,,,,,,,,,,,,,,,,
Data,12,record,timestamp,"944858636",s,position_lat,"390040547",semicircles,position_long,"-1397720989",semicircles,distance,"11576.15",m,altitude,"15.0",m,speed,"3.434",m/s,unknown,"0",,unknown,"100",,heart_rate,"84",bpm,cadence,"0",rpm,fractional_cadence,"0.0",rpm,enhanced_altitude,"15.0",m,enhanced_speed,"3.434",m/s,,,,,,,,,,,,,,,,,,,,,,,,,,,,,,,,,,,,,,,,,,,,,,,,,,,,,,,,,,,,,,,,,,,,,,,,,,,,,,,,,,,,,,,,,,,,,,,,,,,,,,,,,,,,,,,,,,,,,,,,,,,,,,,,,,,,,,,,,,,,,,,,,,,,,,,,,,,,,,,,,,,
Data,12,record,timestamp,"944858645",s,position_lat,"390038010",semicircles,position_long,"-1397718972",semicircles,distance,"11604.56",m,altitude,"15.0",m,speed,"3.331",m/s,unknown,"0",,unknown,"100",,heart_rate,"81",bpm,cadence,"0",rpm,fractional_cadence,"0.0",rpm,enhanced_altitude,"15.0",m,enhanced_speed,"3.331",m/s,,,,,,,,,,,,,,,,,,,,,,,,,,,,,,,,,,,,,,,,,,,,,,,,,,,,,,,,,,,,,,,,,,,,,,,,,,,,,,,,,,,,,,,,,,,,,,,,,,,,,,,,,,,,,,,,,,,,,,,,,,,,,,,,,,,,,,,,,,,,,,,,,,,,,,,,,,,,,,,,,,,
Data,12,record,timestamp,"944858646",s,position_lat,"390037731",semicircles,position_long,"-1397718744",semicircles,distance,"11607.71",m,altitude,"15.0",m,speed,"3.266",m/s,unknown,"0",,unknown,"100",,heart_rate,"80",bpm,cadence,"0",rpm,fractional_cadence,"0.0",rpm,enhanced_altitude,"15.0",m,enhanced_speed,"3.266",m/s,,,,,,,,,,,,,,,,,,,,,,,,,,,,,,,,,,,,,,,,,,,,,,,,,,,,,,,,,,,,,,,,,,,,,,,,,,,,,,,,,,,,,,,,,,,,,,,,,,,,,,,,,,,,,,,,,,,,,,,,,,,,,,,,,,,,,,,,,,,,,,,,,,,,,,,,,,,,,,,,,,,
Data,12,record,timestamp,"944858647",s,position_lat,"390037475",semicircles,position_long,"-1397718530",semicircles,distance,"11610.63",m,altitude,"15.0",m,speed,"3.21",m/s,unknown,"0",,unknown,"100",,heart_rate,"83",bpm,cadence,"0",rpm,fractional_cadence,"0.0",rpm,enhanced_altitude,"15.0",m,enhanced_speed,"3.21",m/s,,,,,,,,,,,,,,,,,,,,,,,,,,,,,,,,,,,,,,,,,,,,,,,,,,,,,,,,,,,,,,,,,,,,,,,,,,,,,,,,,,,,,,,,,,,,,,,,,,,,,,,,,,,,,,,,,,,,,,,,,,,,,,,,,,,,,,,,,,,,,,,,,,,,,,,,,,,,,,,,,,,
Data,12,record,timestamp,"944858648",s,position_lat,"390037194",semicircles,position_long,"-1397718303",semicircles,distance,"11613.79",m,altitude,"15.0",m,speed,"3.247",m/s,unknown,"0",,unknown,"100",,heart_rate,"80",bpm,cadence,"0",rpm,fractional_cadence,"0.0",rpm,enhanced_altitude,"15.0",m,enhanced_speed,"3.247",m/s,,,,,,,,,,,,,,,,,,,,,,,,,,,,,,,,,,,,,,,,,,,,,,,,,,,,,,,,,,,,,,,,,,,,,,,,,,,,,,,,,,,,,,,,,,,,,,,,,,,,,,,,,,,,,,,,,,,,,,,,,,,,,,,,,,,,,,,,,,,,,,,,,,,,,,,,,,,,,,,,,,,
Data,12,record,timestamp,"944858656",s,position_lat,"390035022",semicircles,position_long,"-1397716457",semicircles,distance,"11638.66",m,altitude,"14.799999999999955",m,speed,"3.284",m/s,unknown,"0",,unknown,"100",,heart_rate,"77",bpm,cadence,"0",rpm,fractional_cadence,"0.0",rpm,enhanced_altitude,"14.799999999999955",m,enhanced_speed,"3.284",m/s,,,,,,,,,,,,,,,,,,,,,,,,,,,,,,,,,,,,,,,,,,,,,,,,,,,,,,,,,,,,,,,,,,,,,,,,,,,,,,,,,,,,,,,,,,,,,,,,,,,,,,,,,,,,,,,,,,,,,,,,,,,,,,,,,,,,,,,,,,,,,,,,,,,,,,,,,,,,,,,,,,,
Data,12,record,timestamp,"944858660",s,position_lat,"390033821",semicircles,position_long,"-1397715512",semicircles,distance,"11652.06",m,altitude,"15.0",m,speed,"3.368",m/s,unknown,"0",,unknown,"100",,heart_rate,"78",bpm,cadence,"0",rpm,fractional_cadence,"0.0",rpm,enhanced_altitude,"15.0",m,enhanced_speed,"3.368",m/s,,,,,,,,,,,,,,,,,,,,,,,,,,,,,,,,,,,,,,,,,,,,,,,,,,,,,,,,,,,,,,,,,,,,,,,,,,,,,,,,,,,,,,,,,,,,,,,,,,,,,,,,,,,,,,,,,,,,,,,,,,,,,,,,,,,,,,,,,,,,,,,,,,,,,,,,,,,,,,,,,,,
Data,12,record,timestamp,"944858663",s,position_lat,"390032911",semicircles,position_long,"-1397714839",semicircles,distance,"11662.04",m,altitude,"15.0",m,speed,"3.35",m/s,unknown,"0",,unknown,"100",,heart_rate,"75",bpm,cadence,"43",rpm,fractional_cadence,"0.0",rpm,enhanced_altitude,"15.0",m,enhanced_speed,"3.35",m/s,,,,,,,,,,,,,,,,,,,,,,,,,,,,,,,,,,,,,,,,,,,,,,,,,,,,,,,,,,,,,,,,,,,,,,,,,,,,,,,,,,,,,,,,,,,,,,,,,,,,,,,,,,,,,,,,,,,,,,,,,,,,,,,,,,,,,,,,,,,,,,,,,,,,,,,,,,,,,,,,,,,
Data,12,record,timestamp,"944858672",s,position_lat,"390030158",semicircles,position_long,"-1397712709",semicircles,distance,"11692.62",m,altitude,"15.0",m,speed,"3.322",m/s,unknown,"0",,unknown,"100",,heart_rate,"74",bpm,cadence,"0",rpm,fractional_cadence,"0.0",rpm,enhanced_altitude,"15.0",m,enhanced_speed,"3.322",m/s,,,,,,,,,,,,,,,,,,,,,,,,,,,,,,,,,,,,,,,,,,,,,,,,,,,,,,,,,,,,,,,,,,,,,,,,,,,,,,,,,,,,,,,,,,,,,,,,,,,,,,,,,,,,,,,,,,,,,,,,,,,,,,,,,,,,,,,,,,,,,,,,,,,,,,,,,,,,,,,,,,,
Data,12,record,timestamp,"944858674",s,position_lat,"390029542",semicircles,position_long,"-1397712241",semicircles,distance,"11699.43",m,altitude,"15.0",m,speed,"3.387",m/s,unknown,"0",,unknown,"100",,heart_rate,"77",bpm,cadence,"0",rpm,fractional_cadence,"0.0",rpm,enhanced_altitude,"15.0",m,enhanced_speed,"3.387",m/s,,,,,,,,,,,,,,,,,,,,,,,,,,,,,,,,,,,,,,,,,,,,,,,,,,,,,,,,,,,,,,,,,,,,,,,,,,,,,,,,,,,,,,,,,,,,,,,,,,,,,,,,,,,,,,,,,,,,,,,,,,,,,,,,,,,,,,,,,,,,,,,,,,,,,,,,,,,,,,,,,,,
Data,12,record,timestamp,"944858677",s,position_lat,"390028729",semicircles,position_long,"-1397711536",semicircles,distance,"11708.79",m,altitude,"15.0",m,speed,"3.294",m/s,unknown,"0",,unknown,"100",,heart_rate,"81",bpm,cadence,"0",rpm,fractional_cadence,"0.0",rpm,enhanced_altitude,"15.0",m,enhanced_speed,"3.294",m/s,,,,,,,,,,,,,,,,,,,,,,,,,,,,,,,,,,,,,,,,,,,,,,,,,,,,,,,,,,,,,,,,,,,,,,,,,,,,,,,,,,,,,,,,,,,,,,,,,,,,,,,,,,,,,,,,,,,,,,,,,,,,,,,,,,,,,,,,,,,,,,,,,,,,,,,,,,,,,,,,,,,
Data,12,record,timestamp,"944858681",s,position_lat,"390027639",semicircles,position_long,"-1397710678",semicircles,distance,"11720.96",m,altitude,"15.0",m,speed,"3.266",m/s,unknown,"0",,unknown,"100",,heart_rate,"85",bpm,cadence,"0",rpm,fractional_cadence,"0.0",rpm,enhanced_altitude,"15.0",m,enhanced_speed,"3.266",m/s,,,,,,,,,,,,,,,,,,,,,,,,,,,,,,,,,,,,,,,,,,,,,,,,,,,,,,,,,,,,,,,,,,,,,,,,,,,,,,,,,,,,,,,,,,,,,,,,,,,,,,,,,,,,,,,,,,,,,,,,,,,,,,,,,,,,,,,,,,,,,,,,,,,,,,,,,,,,,,,,,,,
Data,12,record,timestamp,"944858682",s,position_lat,"390027335",semicircles,position_long,"-1397710488",semicircles,distance,"11724.15",m,altitude,"15.0",m,speed,"3.228",m/s,unknown,"0",,unknown,"100",,heart_rate,"82",bpm,cadence,"0",rpm,fractional_cadence,"0.0",rpm,enhanced_altitude,"15.0",m,enhanced_speed,"3.228",m/s,,,,,,,,,,,,,,,,,,,,,,,,,,,,,,,,,,,,,,,,,,,,,,,,,,,,,,,,,,,,,,,,,,,,,,,,,,,,,,,,,,,,,,,,,,,,,,,,,,,,,,,,,,,,,,,,,,,,,,,,,,,,,,,,,,,,,,,,,,,,,,,,,,,,,,,,,,,,,,,,,,,
Data,12,record,timestamp,"944858687",s,position_lat,"390025913",semicircles,position_long,"-1397709472",semicircles,distance,"11739.59",m,altitude,"14.799999999999955",m,speed,"3.312",m/s,unknown,"0",,unknown,"100",,heart_rate,"79",bpm,cadence,"0",rpm,fractional_cadence,"0.0",rpm,enhanced_altitude,"14.799999999999955",m,enhanced_speed,"3.312",m/s,,,,,,,,,,,,,,,,,,,,,,,,,,,,,,,,,,,,,,,,,,,,,,,,,,,,,,,,,,,,,,,,,,,,,,,,,,,,,,,,,,,,,,,,,,,,,,,,,,,,,,,,,,,,,,,,,,,,,,,,,,,,,,,,,,,,,,,,,,,,,,,,,,,,,,,,,,,,,,,,,,,
Data,12,record,timestamp,"944858700",s,position_lat,"390022105",semicircles,position_long,"-1397706707",semicircles,distance,"11781.16",m,altitude,"15.0",m,speed,"3.247",m/s,unknown,"0",,unknown,"100",,heart_rate,"76",bpm,cadence,"0",rpm,fractional_cadence,"0.0",rpm,enhanced_altitude,"15.0",m,enhanced_speed,"3.247",m/s,,,,,,,,,,,,,,,,,,,,,,,,,,,,,,,,,,,,,,,,,,,,,,,,,,,,,,,,,,,,,,,,,,,,,,,,,,,,,,,,,,,,,,,,,,,,,,,,,,,,,,,,,,,,,,,,,,,,,,,,,,,,,,,,,,,,,,,,,,,,,,,,,,,,,,,,,,,,,,,,,,,
Data,12,record,timestamp,"944858701",s,position_lat,"390021789",semicircles,position_long,"-1397706468",semicircles,distance,"11784.64",m,altitude,"15.0",m,speed,"3.284",m/s,unknown,"0",,unknown,"100",,heart_rate,"76",bpm,cadence,"0",rpm,fractional_cadence,"0.0",rpm,enhanced_altitude,"15.0",m,enhanced_speed,"3.284",m/s,,,,,,,,,,,,,,,,,,,,,,,,,,,,,,,,,,,,,,,,,,,,,,,,,,,,,,,,,,,,,,,,,,,,,,,,,,,,,,,,,,,,,,,,,,,,,,,,,,,,,,,,,,,,,,,,,,,,,,,,,,,,,,,,,,,,,,,,,,,,,,,,,,,,,,,,,,,,,,,,,,,
Data,12,record,timestamp,"944858712",s,position_lat,"390018496",semicircles,position_long,"-1397704023",semicircles,distance,"11820.82",m,altitude,"15.0",m,speed,"3.228",m/s,unknown,"0",,unknown,"100",,heart_rate,"72",bpm,cadence,"0",rpm,fractional_cadence,"0.0",rpm,enhanced_altitude,"15.0",m,enhanced_speed,"3.228",m/s,,,,,,,,,,,,,,,,,,,,,,,,,,,,,,,,,,,,,,,,,,,,,,,,,,,,,,,,,,,,,,,,,,,,,,,,,,,,,,,,,,,,,,,,,,,,,,,,,,,,,,,,,,,,,,,,,,,,,,,,,,,,,,,,,,,,,,,,,,,,,,,,,,,,,,,,,,,,,,,,,,,
Data,12,record,timestamp,"944858714",s,position_lat,"390017904",semicircles,position_long,"-1397703561",semicircles,distance,"11827.42",m,altitude,"15.200000000000045",m,speed,"3.228",m/s,unknown,"0",,unknown,"100",,heart_rate,"75",bpm,cadence,"0",rpm,fractional_cadence,"0.0",rpm,enhanced_altitude,"15.200000000000045",m,enhanced_speed,"3.228",m/s,,,,,,,,,,,,,,,,,,,,,,,,,,,,,,,,,,,,,,,,,,,,,,,,,,,,,,,,,,,,,,,,,,,,,,,,,,,,,,,,,,,,,,,,,,,,,,,,,,,,,,,,,,,,,,,,,,,,,,,,,,,,,,,,,,,,,,,,,,,,,,,,,,,,,,,,,,,,,,,,,,,
Data,12,record,timestamp,"944858715",s,position_lat,"390017602",semicircles,position_long,"-1397703324",semicircles,distance,"11830.79",m,altitude,"15.200000000000045",m,speed,"3.238",m/s,unknown,"0",,unknown,"100",,heart_rate,"75",bpm,cadence,"0",rpm,fractional_cadence,"0.0",rpm,enhanced_altitude,"15.200000000000045",m,enhanced_speed,"3.238",m/s,,,,,,,,,,,,,,,,,,,,,,,,,,,,,,,,,,,,,,,,,,,,,,,,,,,,,,,,,,,,,,,,,,,,,,,,,,,,,,,,,,,,,,,,,,,,,,,,,,,,,,,,,,,,,,,,,,,,,,,,,,,,,,,,,,,,,,,,,,,,,,,,,,,,,,,,,,,,,,,,,,,
Data,12,record,timestamp,"944858721",s,position_lat,"390016105",semicircles,position_long,"-1397701945",semicircles,distance,"11848.4",m,altitude,"14.799999999999955",m,speed,"3.154",m/s,unknown,"0",,unknown,"100",,heart_rate,"72",bpm,cadence,"0",rpm,fractional_cadence,"0.0",rpm,enhanced_altitude,"14.799999999999955",m,enhanced_speed,"3.154",m/s,,,,,,,,,,,,,,,,,,,,,,,,,,,,,,,,,,,,,,,,,,,,,,,,,,,,,,,,,,,,,,,,,,,,,,,,,,,,,,,,,,,,,,,,,,,,,,,,,,,,,,,,,,,,,,,,,,,,,,,,,,,,,,,,,,,,,,,,,,,,,,,,,,,,,,,,,,,,,,,,,,,
Data,12,record,timestamp,"944858723",s,position_lat,"390015497",semicircles,position_long,"-1397701519",semicircles,distance,"11854.97",m,altitude,"14.799999999999955",m,speed,"3.182",m/s,unknown,"0",,unknown,"100",,heart_rate,"77",bpm,cadence,"0",rpm,fractional_cadence,"0.0",rpm,enhanced_altitude,"14.799999999999955",m,enhanced_speed,"3.182",m/s,,,,,,,,,,,,,,,,,,,,,,,,,,,,,,,,,,,,,,,,,,,,,,,,,,,,,,,,,,,,,,,,,,,,,,,,,,,,,,,,,,,,,,,,,,,,,,,,,,,,,,,,,,,,,,,,,,,,,,,,,,,,,,,,,,,,,,,,,,,,,,,,,,,,,,,,,,,,,,,,,,,
Data,12,record,timestamp,"944858727",s,position_lat,"390014292",semicircles,position_long,"-1397700716",semicircles,distance,"11867.83",m,altitude,"14.799999999999955",m,speed,"3.359",m/s,unknown,"0",,unknown,"100",,heart_rate,"75",bpm,cadence,"0",rpm,fractional_cadence,"0.0",rpm,enhanced_altitude,"14.799999999999955",m,enhanced_speed,"3.359",m/s,,,,,,,,,,,,,,,,,,,,,,,,,,,,,,,,,,,,,,,,,,,,,,,,,,,,,,,,,,,,,,,,,,,,,,,,,,,,,,,,,,,,,,,,,,,,,,,,,,,,,,,,,,,,,,,,,,,,,,,,,,,,,,,,,,,,,,,,,,,,,,,,,,,,,,,,,,,,,,,,,,,
Data,12,record,timestamp,"944858730",s,position_lat,"390013285",semicircles,position_long,"-1397700104",semicircles,distance,"11878.35",m,altitude,"14.799999999999955",m,speed,"3.331",m/s,unknown,"0",,unknown,"100",,heart_rate,"72",bpm,cadence,"0",rpm,fractional_cadence,"0.0",rpm,enhanced_altitude,"14.799999999999955",m,enhanced_speed,"3.331",m/s,,,,,,,,,,,,,,,,,,,,,,,,,,,,,,,,,,,,,,,,,,,,,,,,,,,,,,,,,,,,,,,,,,,,,,,,,,,,,,,,,,,,,,,,,,,,,,,,,,,,,,,,,,,,,,,,,,,,,,,,,,,,,,,,,,,,,,,,,,,,,,,,,,,,,,,,,,,,,,,,,,,
Data,12,record,timestamp,"944858733",s,position_lat,"390012195",semicircles,position_long,"-1397699436",semicircles,distance,"11889.76",m,altitude,"14.799999999999955",m,speed,"3.406",m/s,unknown,"0",,unknown,"100",,heart_rate,"76",bpm,cadence,"0",rpm,fractional_cadence,"0.0",rpm,enhanced_altitude,"14.799999999999955",m,enhanced_speed,"3.406",m/s,,,,,,,,,,,,,,,,,,,,,,,,,,,,,,,,,,,,,,,,,,,,,,,,,,,,,,,,,,,,,,,,,,,,,,,,,,,,,,,,,,,,,,,,,,,,,,,,,,,,,,,,,,,,,,,,,,,,,,,,,,,,,,,,,,,,,,,,,,,,,,,,,,,,,,,,,,,,,,,,,,,
Data,12,record,timestamp,"944858741",s,position_lat,"390009588",semicircles,position_long,"-1397697705",semicircles,distance,"11917.56",m,altitude,"14.799999999999955",m,speed,"3.396",m/s,unknown,"0",,unknown,"100",,heart_rate,"75",bpm,cadence,"0",rpm,fractional_cadence,"0.0",rpm,enhanced_altitude,"14.799999999999955",m,enhanced_speed,"3.396",m/s,,,,,,,,,,,,,,,,,,,,,,,,,,,,,,,,,,,,,,,,,,,,,,,,,,,,,,,,,,,,,,,,,,,,,,,,,,,,,,,,,,,,,,,,,,,,,,,,,,,,,,,,,,,,,,,,,,,,,,,,,,,,,,,,,,,,,,,,,,,,,,,,,,,,,,,,,,,,,,,,,,,
Data,12,record,timestamp,"944858752",s,position_lat,"390005566",semicircles,position_long,"-1397695644",semicircles,distance,"11958.32",m,altitude,"14.799999999999955",m,speed,"3.583",m/s,unknown,"0",,unknown,"100",,heart_rate,"72",bpm,cadence,"0",rpm,fractional_cadence,"0.0",rpm,enhanced_altitude,"14.799999999999955",m,enhanced_speed,"3.583",m/s,,,,,,,,,,,,,,,,,,,,,,,,,,,,,,,,,,,,,,,,,,,,,,,,,,,,,,,,,,,,,,,,,,,,,,,,,,,,,,,,,,,,,,,,,,,,,,,,,,,,,,,,,,,,,,,,,,,,,,,,,,,,,,,,,,,,,,,,,,,,,,,,,,,,,,,,,,,,,,,,,,,
Data,12,record,timestamp,"944858756",s,position_lat,"390004134",semicircles,position_long,"-1397695010",semicircles,distance,"11972.52",m,altitude,"14.799999999999955",m,speed,"3.564",m/s,unknown,"0",,unknown,"100",,heart_rate,"72",bpm,cadence,"0",rpm,fractional_cadence,"0.0",rpm,enhanced_altitude,"14.799999999999955",m,enhanced_speed,"3.564",m/s,,,,,,,,,,,,,,,,,,,,,,,,,,,,,,,,,,,,,,,,,,,,,,,,,,,,,,,,,,,,,,,,,,,,,,,,,,,,,,,,,,,,,,,,,,,,,,,,,,,,,,,,,,,,,,,,,,,,,,,,,,,,,,,,,,,,,,,,,,,,,,,,,,,,,,,,,,,,,,,,,,,
Data,12,record,timestamp,"944858759",s,position_lat,"390003037",semicircles,position_long,"-1397694476",semicircles,distance,"11983.56",m,altitude,"14.799999999999955",m,speed,"3.658",m/s,unknown,"0",,unknown,"100",,heart_rate,"75",bpm,cadence,"0",rpm,fractional_cadence,"0.0",rpm,enhanced_altitude,"14.799999999999955",m,enhanced_speed,"3.658",m/s,,,,,,,,,,,,,,,,,,,,,,,,,,,,,,,,,,,,,,,,,,,,,,,,,,,,,,,,,,,,,,,,,,,,,,,,,,,,,,,,,,,,,,,,,,,,,,,,,,,,,,,,,,,,,,,,,,,,,,,,,,,,,,,,,,,,,,,,,,,,,,,,,,,,,,,,,,,,,,,,,,,
Data,12,record,timestamp,"944858762",s,position_lat,"390001891",semicircles,position_long,"-1397693976",semicircles,distance,"11994.9",m,altitude,"15.0",m,speed,"3.732",m/s,unknown,"0",,unknown,"100",,heart_rate,"72",bpm,cadence,"0",rpm,fractional_cadence,"0.0",rpm,enhanced_altitude,"15.0",m,enhanced_speed,"3.732",m/s,,,,,,,,,,,,,,,,,,,,,,,,,,,,,,,,,,,,,,,,,,,,,,,,,,,,,,,,,,,,,,,,,,,,,,,,,,,,,,,,,,,,,,,,,,,,,,,,,,,,,,,,,,,,,,,,,,,,,,,,,,,,,,,,,,,,,,,,,,,,,,,,,,,,,,,,,,,,,,,,,,,
Data,12,record,timestamp,"944858766",s,position_lat,"390000477",semicircles,position_long,"-1397693284",semicircles,distance,"12009.13",m,altitude,"15.0",m,speed,"3.639",m/s,unknown,"0",,unknown,"100",,heart_rate,"68",bpm,cadence,"0",rpm,fractional_cadence,"0.0",rpm,enhanced_altitude,"15.0",m,enhanced_speed,"3.639",m/s,,,,,,,,,,,,,,,,,,,,,,,,,,,,,,,,,,,,,,,,,,,,,,,,,,,,,,,,,,,,,,,,,,,,,,,,,,,,,,,,,,,,,,,,,,,,,,,,,,,,,,,,,,,,,,,,,,,,,,,,,,,,,,,,,,,,,,,,,,,,,,,,,,,,,,,,,,,,,,,,,,,
Data,12,record,timestamp,"944858769",s,position_lat,"389999493",semicircles,position_long,"-1397692707",semicircles,distance,"12019.33",m,altitude,"15.0",m,speed,"3.592",m/s,unknown,"0",,unknown,"300",,heart_rate,"71",bpm,cadence,"0",rpm,fractional_cadence,"0.0",rpm,enhanced_altitude,"15.0",m,enhanced_speed,"3.592",m/s,,,,,,,,,,,,,,,,,,,,,,,,,,,,,,,,,,,,,,,,,,,,,,,,,,,,,,,,,,,,,,,,,,,,,,,,,,,,,,,,,,,,,,,,,,,,,,,,,,,,,,,,,,,,,,,,,,,,,,,,,,,,,,,,,,,,,,,,,,,,,,,,,,,,,,,,,,,,,,,,,,,
Data,12,record,timestamp,"944858772",s,position_lat,"389998330",semicircles,position_long,"-1397692051",semicircles,distance,"12031.31",m,altitude,"15.0",m,speed,"3.779",m/s,unknown,"0",,unknown,"100",,heart_rate,"75",bpm,cadence,"0",rpm,fractional_cadence,"0.0",rpm,enhanced_altitude,"15.0",m,enhanced_speed,"3.779",m/s,,,,,,,,,,,,,,,,,,,,,,,,,,,,,,,,,,,,,,,,,,,,,,,,,,,,,,,,,,,,,,,,,,,,,,,,,,,,,,,,,,,,,,,,,,,,,,,,,,,,,,,,,,,,,,,,,,,,,,,,,,,,,,,,,,,,,,,,,,,,,,,,,,,,,,,,,,,,,,,,,,,
Data,12,record,timestamp,"944858773",s,position_lat,"389998009",semicircles,position_long,"-1397691870",semicircles,distance,"12034.61",m,altitude,"15.0",m,speed,"3.592",m/s,unknown,"0",,unknown,"100",,heart_rate,"71",bpm,cadence,"0",rpm,fractional_cadence,"0.0",rpm,enhanced_altitude,"15.0",m,enhanced_speed,"3.592",m/s,,,,,,,,,,,,,,,,,,,,,,,,,,,,,,,,,,,,,,,,,,,,,,,,,,,,,,,,,,,,,,,,,,,,,,,,,,,,,,,,,,,,,,,,,,,,,,,,,,,,,,,,,,,,,,,,,,,,,,,,,,,,,,,,,,,,,,,,,,,,,,,,,,,,,,,,,,,,,,,,,,,
Data,12,record,timestamp,"944858776",s,position_lat,"389996924",semicircles,position_long,"-1397691388",semicircles,distance,"12045.37",m,altitude,"15.0",m,speed,"3.564",m/s,unknown,"0",,unknown,"100",,heart_rate,"74",bpm,cadence,"0",rpm,fractional_cadence,"0.0",rpm,enhanced_altitude,"15.0",m,enhanced_speed,"3.564",m/s,,,,,,,,,,,,,,,,,,,,,,,,,,,,,,,,,,,,,,,,,,,,,,,,,,,,,,,,,,,,,,,,,,,,,,,,,,,,,,,,,,,,,,,,,,,,,,,,,,,,,,,,,,,,,,,,,,,,,,,,,,,,,,,,,,,,,,,,,,,,,,,,,,,,,,,,,,,,,,,,,,,
Data,12,record,timestamp,"944858779",s,position_lat,"389995836",semicircles,position_long,"-1397690964",semicircles,distance,"12056.01",m,altitude,"15.0",m,speed,"3.564",m/s,unknown,"0",,unknown,"100",,heart_rate,"71",bpm,cadence,"0",rpm,fractional_cadence,"0.0",rpm,enhanced_altitude,"15.0",m,enhanced_speed,"3.564",m/s,,,,,,,,,,,,,,,,,,,,,,,,,,,,,,,,,,,,,,,,,,,,,,,,,,,,,,,,,,,,,,,,,,,,,,,,,,,,,,,,,,,,,,,,,,,,,,,,,,,,,,,,,,,,,,,,,,,,,,,,,,,,,,,,,,,,,,,,,,,,,,,,,,,,,,,,,,,,,,,,,,,
Data,12,record,timestamp,"944858782",s,position_lat,"389994670",semicircles,position_long,"-1397690589",semicircles,distance,"12067.24",m,altitude,"15.0",m,speed,"3.62",m/s,unknown,"0",,unknown,"100",,heart_rate,"74",bpm,cadence,"0",rpm,fractional_cadence,"0.0",rpm,enhanced_altitude,"15.0",m,enhanced_speed,"3.62",m/s,,,,,,,,,,,,,,,,,,,,,,,,,,,,,,,,,,,,,,,,,,,,,,,,,,,,,,,,,,,,,,,,,,,,,,,,,,,,,,,,,,,,,,,,,,,,,,,,,,,,,,,,,,,,,,,,,,,,,,,,,,,,,,,,,,,,,,,,,,,,,,,,,,,,,,,,,,,,,,,,,,,
Data,12,record,timestamp,"944858784",s,position_lat,"389993908",semicircles,position_long,"-1397690333",semicircles,distance,"12074.6",m,altitude,"15.0",m,speed,"3.602",m/s,unknown,"0",,unknown,"100",,heart_rate,"70",bpm,cadence,"0",rpm,fractional_cadence,"0.0",rpm,enhanced_altitude,"15.0",m,enhanced_speed,"3.602",m/s,,,,,,,,,,,,,,,,,,,,,,,,,,,,,,,,,,,,,,,,,,,,,,,,,,,,,,,,,,,,,,,,,,,,,,,,,,,,,,,,,,,,,,,,,,,,,,,,,,,,,,,,,,,,,,,,,,,,,,,,,,,,,,,,,,,,,,,,,,,,,,,,,,,,,,,,,,,,,,,,,,,
Data,12,record,timestamp,"944858792",s,position_lat,"389991012",semicircles,position_long,"-1397689322",semicircles,distance,"12102.66",m,altitude,"15.0",m,speed,"3.359",m/s,unknown,"0",,unknown,"300",,heart_rate,"74",bpm,cadence,"0",rpm,fractional_cadence,"0.0",rpm,enhanced_altitude,"15.0",m,enhanced_speed,"3.359",m/s,,,,,,,,,,,,,,,,,,,,,,,,,,,,,,,,,,,,,,,,,,,,,,,,,,,,,,,,,,,,,,,,,,,,,,,,,,,,,,,,,,,,,,,,,,,,,,,,,,,,,,,,,,,,,,,,,,,,,,,,,,,,,,,,,,,,,,,,,,,,,,,,,,,,,,,,,,,,,,,,,,,
Data,12,record,timestamp,"944858793",s,position_lat,"389990651",semicircles,position_long,"-1397689193",semicircles,distance,"12106.17",m,altitude,"15.0",m,speed,"3.378",m/s,unknown,"0",,unknown,"300",,heart_rate,"74",bpm,cadence,"0",rpm,fractional_cadence,"0.0",rpm,enhanced_altitude,"15.0",m,enhanced_speed,"3.378",m/s,,,,,,,,,,,,,,,,,,,,,,,,,,,,,,,,,,,,,,,,,,,,,,,,,,,,,,,,,,,,,,,,,,,,,,,,,,,,,,,,,,,,,,,,,,,,,,,,,,,,,,,,,,,,,,,,,,,,,,,,,,,,,,,,,,,,,,,,,,,,,,,,,,,,,,,,,,,,,,,,,,,
Data,12,record,timestamp,"944858803",s,position_lat,"389987161",semicircles,position_long,"-1397688008",semicircles,distance,"12139.93",m,altitude,"15.200000000000045",m,speed,"3.331",m/s,unknown,"0",,unknown,"100",,heart_rate,"69",bpm,cadence,"0",rpm,fractional_cadence,"0.0",rpm,enhanced_altitude,"15.200000000000045",m,enhanced_speed,"3.331",m/s,,,,,,,,,,,,,,,,,,,,,,,,,,,,,,,,,,,,,,,,,,,,,,,,,,,,,,,,,,,,,,,,,,,,,,,,,,,,,,,,,,,,,,,,,,,,,,,,,,,,,,,,,,,,,,,,,,,,,,,,,,,,,,,,,,,,,,,,,,,,,,,,,,,,,,,,,,,,,,,,,,,
Data,12,record,timestamp,"944858804",s,position_lat,"389986796",semicircles,position_long,"-1397687885",semicircles,distance,"12143.45",m,altitude,"15.200000000000045",m,speed,"3.35",m/s,unknown,"0",,unknown,"100",,heart_rate,"72",bpm,cadence,"0",rpm,fractional_cadence,"0.0",rpm,enhanced_altitude,"15.200000000000045",m,enhanced_speed,"3.35",m/s,,,,,,,,,,,,,,,,,,,,,,,,,,,,,,,,,,,,,,,,,,,,,,,,,,,,,,,,,,,,,,,,,,,,,,,,,,,,,,,,,,,,,,,,,,,,,,,,,,,,,,,,,,,,,,,,,,,,,,,,,,,,,,,,,,,,,,,,,,,,,,,,,,,,,,,,,,,,,,,,,,,
Data,12,record,timestamp,"944858809",s,position_lat,"389985090",semicircles,position_long,"-1397687264",semicircles,distance,"12160.05",m,altitude,"15.200000000000045",m,speed,"3.275",m/s,unknown,"0",,unknown,"100",,heart_rate,"73",bpm,cadence,"0",rpm,fractional_cadence,"0.0",rpm,enhanced_altitude,"15.200000000000045",m,enhanced_speed,"3.275",m/s,,,,,,,,,,,,,,,,,,,,,,,,,,,,,,,,,,,,,,,,,,,,,,,,,,,,,,,,,,,,,,,,,,,,,,,,,,,,,,,,,,,,,,,,,,,,,,,,,,,,,,,,,,,,,,,,,,,,,,,,,,,,,,,,,,,,,,,,,,,,,,,,,,,,,,,,,,,,,,,,,,,
Data,12,record,timestamp,"944858812",s,position_lat,"389984015",semicircles,position_long,"-1397686950",semicircles,distance,"12170.34",m,altitude,"15.200000000000045",m,speed,"3.387",m/s,unknown,"0",,unknown,"100",,heart_rate,"76",bpm,cadence,"0",rpm,fractional_cadence,"0.0",rpm,enhanced_altitude,"15.200000000000045",m,enhanced_speed,"3.387",m/s,,,,,,,,,,,,,,,,,,,,,,,,,,,,,,,,,,,,,,,,,,,,,,,,,,,,,,,,,,,,,,,,,,,,,,,,,,,,,,,,,,,,,,,,,,,,,,,,,,,,,,,,,,,,,,,,,,,,,,,,,,,,,,,,,,,,,,,,,,,,,,,,,,,,,,,,,,,,,,,,,,,
Data,12,record,timestamp,"944858815",s,position_lat,"389982873",semicircles,position_long,"-1397686615",semicircles,distance,"12181.28",m,altitude,"15.0",m,speed,"3.527",m/s,unknown,"0",,unknown,"100",,heart_rate,"73",bpm,cadence,"0",rpm,fractional_cadence,"0.0",rpm,enhanced_altitude,"15.0",m,enhanced_speed,"3.527",m/s,,,,,,,,,,,,,,,,,,,,,,,,,,,,,,,,,,,,,,,,,,,,,,,,,,,,,,,,,,,,,,,,,,,,,,,,,,,,,,,,,,,,,,,,,,,,,,,,,,,,,,,,,,,,,,,,,,,,,,,,,,,,,,,,,,,,,,,,,,,,,,,,,,,,,,,,,,,,,,,,,,,
Data,12,record,timestamp,"944858817",s,position_lat,"389982225",semicircles,position_long,"-1397686387",semicircles,distance,"12187.57",m,altitude,"15.0",m,speed,"3.368",m/s,unknown,"0",,unknown,"100",,heart_rate,"78",bpm,cadence,"0",rpm,fractional_cadence,"0.0",rpm,enhanced_altitude,"15.0",m,enhanced_speed,"3.368",m/s,,,,,,,,,,,,,,,,,,,,,,,,,,,,,,,,,,,,,,,,,,,,,,,,,,,,,,,,,,,,,,,,,,,,,,,,,,,,,,,,,,,,,,,,,,,,,,,,,,,,,,,,,,,,,,,,,,,,,,,,,,,,,,,,,,,,,,,,,,,,,,,,,,,,,,,,,,,,,,,,,,,
Data,12,record,timestamp,"944858820",s,position_lat,"389981181",semicircles,position_long,"-1397686027",semicircles,distance,"12197.67",m,altitude,"15.0",m,speed,"3.34",m/s,unknown,"0",,unknown,"300",,heart_rate,"81",bpm,cadence,"0",rpm,fractional_cadence,"0.0",rpm,enhanced_altitude,"15.0",m,enhanced_speed,"3.34",m/s,,,,,,,,,,,,,,,,,,,,,,,,,,,,,,,,,,,,,,,,,,,,,,,,,,,,,,,,,,,,,,,,,,,,,,,,,,,,,,,,,,,,,,,,,,,,,,,,,,,,,,,,,,,,,,,,,,,,,,,,,,,,,,,,,,,,,,,,,,,,,,,,,,,,,,,,,,,,,,,,,,,
Data,12,record,timestamp,"944858821",s,position_lat,"389980855",semicircles,position_long,"-1397685862",semicircles,distance,"12200.97",m,altitude,"15.0",m,speed,"3.303",m/s,unknown,"0",,unknown,"300",,heart_rate,"82",bpm,cadence,"0",rpm,fractional_cadence,"0.0",rpm,enhanced_altitude,"15.0",m,enhanced_speed,"3.303",m/s,,,,,,,,,,,,,,,,,,,,,,,,,,,,,,,,,,,,,,,,,,,,,,,,,,,,,,,,,,,,,,,,,,,,,,,,,,,,,,,,,,,,,,,,,,,,,,,,,,,,,,,,,,,,,,,,,,,,,,,,,,,,,,,,,,,,,,,,,,,,,,,,,,,,,,,,,,,,,,,,,,,
Data,12,record,timestamp,"944858824",s,position_lat,"389979838",semicircles,position_long,"-1397685420",semicircles,distance,"12211.03",m,altitude,"15.0",m,speed,"3.294",m/s,unknown,"0",,unknown,"100",,heart_rate,"85",bpm,cadence,"0",rpm,fractional_cadence,"0.0",rpm,enhanced_altitude,"15.0",m,enhanced_speed,"3.294",m/s,,,,,,,,,,,,,,,,,,,,,,,,,,,,,,,,,,,,,,,,,,,,,,,,,,,,,,,,,,,,,,,,,,,,,,,,,,,,,,,,,,,,,,,,,,,,,,,,,,,,,,,,,,,,,,,,,,,,,,,,,,,,,,,,,,,,,,,,,,,,,,,,,,,,,,,,,,,,,,,,,,,
Data,12,record,timestamp,"944858827",s,position_lat,"389978814",semicircles,position_long,"-1397684967",semicircles,distance,"12221.2",m,altitude,"15.0",m,speed,"3.21",m/s,unknown,"0",,unknown,"100",,heart_rate,"88",bpm,cadence,"0",rpm,fractional_cadence,"0.0",rpm,enhanced_altitude,"15.0",m,enhanced_speed,"3.21",m/s,,,,,,,,,,,,,,,,,,,,,,,,,,,,,,,,,,,,,,,,,,,,,,,,,,,,,,,,,,,,,,,,,,,,,,,,,,,,,,,,,,,,,,,,,,,,,,,,,,,,,,,,,,,,,,,,,,,,,,,,,,,,,,,,,,,,,,,,,,,,,,,,,,,,,,,,,,,,,,,,,,,
Data,12,record,timestamp,"944858833",s,position_lat,"389976908",semicircles,position_long,"-1397684095",semicircles,distance,"12240.22",m,altitude,"15.200000000000045",m,speed,"3.163",m/s,unknown,"0",,unknown,"100",,heart_rate,"90",bpm,cadence,"0",rpm,fractional_cadence,"0.0",rpm,enhanced_altitude,"15.200000000000045",m,enhanced_speed,"3.163",m/s,,,,,,,,,,,,,,,,,,,,,,,,,,,,,,,,,,,,,,,,,,,,,,,,,,,,,,,,,,,,,,,,,,,,,,,,,,,,,,,,,,,,,,,,,,,,,,,,,,,,,,,,,,,,,,,,,,,,,,,,,,,,,,,,,,,,,,,,,,,,,,,,,,,,,,,,,,,,,,,,,,,
Data,12,record,timestamp,"944858834",s,position_lat,"389976593",semicircles,position_long,"-1397683943",semicircles,distance,"12243.38",m,altitude,"15.200000000000045",m,speed,"3.172",m/s,unknown,"0",,unknown,"100",,heart_rate,"87",bpm,cadence,"0",rpm,fractional_cadence,"0.0",rpm,enhanced_altitude,"15.200000000000045",m,enhanced_speed,"3.172",m/s,,,,,,,,,,,,,,,,,,,,,,,,,,,,,,,,,,,,,,,,,,,,,,,,,,,,,,,,,,,,,,,,,,,,,,,,,,,,,,,,,,,,,,,,,,,,,,,,,,,,,,,,,,,,,,,,,,,,,,,,,,,,,,,,,,,,,,,,,,,,,,,,,,,,,,,,,,,,,,,,,,,
Data,12,record,timestamp,"944858848",s,position_lat,"389972307",semicircles,position_long,"-1397682236",semicircles,distance,"12285.47",m,altitude,"15.0",m,speed,"3.163",m/s,unknown,"0",,unknown,"100",,heart_rate,"85",bpm,cadence,"0",rpm,fractional_cadence,"0.0",rpm,enhanced_altitude,"15.0",m,enhanced_speed,"3.163",m/s,,,,,,,,,,,,,,,,,,,,,,,,,,,,,,,,,,,,,,,,,,,,,,,,,,,,,,,,,,,,,,,,,,,,,,,,,,,,,,,,,,,,,,,,,,,,,,,,,,,,,,,,,,,,,,,,,,,,,,,,,,,,,,,,,,,,,,,,,,,,,,,,,,,,,,,,,,,,,,,,,,,
Data,12,record,timestamp,"944858859",s,position_lat,"389968288",semicircles,position_long,"-1397681253",semicircles,distance,"12323.66",m,altitude,"15.200000000000045",m,speed,"3.574",m/s,unknown,"0",,unknown,"100",,heart_rate,"83",bpm,cadence,"0",rpm,fractional_cadence,"0.0",rpm,enhanced_altitude,"15.200000000000045",m,enhanced_speed,"3.574",m/s,,,,,,,,,,,,,,,,,,,,,,,,,,,,,,,,,,,,,,,,,,,,,,,,,,,,,,,,,,,,,,,,,,,,,,,,,,,,,,,,,,,,,,,,,,,,,,,,,,,,,,,,,,,,,,,,,,,,,,,,,,,,,,,,,,,,,,,,,,,,,,,,,,,,,,,,,,,,,,,,,,,
Data,12,record,timestamp,"944858866",s,position_lat,"389966275",semicircles,position_long,"-1397679535",semicircles,distance,"12346.85",m,altitude,"15.0",m,speed,"3.359",m/s,unknown,"0",,unknown,"100",,heart_rate,"81",bpm,cadence,"0",rpm,fractional_cadence,"0.0",rpm,enhanced_altitude,"15.0",m,enhanced_speed,"3.359",m/s,,,,,,,,,,,,,,,,,,,,,,,,,,,,,,,,,,,,,,,,,,,,,,,,,,,,,,,,,,,,,,,,,,,,,,,,,,,,,,,,,,,,,,,,,,,,,,,,,,,,,,,,,,,,,,,,,,,,,,,,,,,,,,,,,,,,,,,,,,,,,,,,,,,,,,,,,,,,,,,,,,,
Data,12,record,timestamp,"944858873",s,position_lat,"389965583",semicircles,position_long,"-1397677215",semicircles,distance,"12366.79",m,altitude,"15.0",m,speed,"2.827",m/s,unknown,"0",,unknown,"100",,heart_rate,"85",bpm,cadence,"0",rpm,fractional_cadence,"0.0",rpm,enhanced_altitude,"15.0",m,enhanced_speed,"2.827",m/s,,,,,,,,,,,,,,,,,,,,,,,,,,,,,,,,,,,,,,,,,,,,,,,,,,,,,,,,,,,,,,,,,,,,,,,,,,,,,,,,,,,,,,,,,,,,,,,,,,,,,,,,,,,,,,,,,,,,,,,,,,,,,,,,,,,,,,,,,,,,,,,,,,,,,,,,,,,,,,,,,,,
Data,12,record,timestamp,"944858882",s,position_lat,"389965450",semicircles,position_long,"-1397673612",semicircles,distance,"12395.22",m,altitude,"14.799999999999955",m,speed,"3.116",m/s,unknown,"0",,unknown,"100",,heart_rate,"87",bpm,cadence,"0",rpm,fractional_cadence,"0.0",rpm,enhanced_altitude,"14.799999999999955",m,enhanced_speed,"3.116",m/s,,,,,,,,,,,,,,,,,,,,,,,,,,,,,,,,,,,,,,,,,,,,,,,,,,,,,,,,,,,,,,,,,,,,,,,,,,,,,,,,,,,,,,,,,,,,,,,,,,,,,,,,,,,,,,,,,,,,,,,,,,,,,,,,,,,,,,,,,,,,,,,,,,,,,,,,,,,,,,,,,,,
Data,12,record,timestamp,"944858898",s,position_lat,"389964859",semicircles,position_long,"-1397667066",semicircles,distance,"12446.97",m,altitude,"15.200000000000045",m,speed,"3.219",m/s,unknown,"0",,unknown,"100",,heart_rate,"85",bpm,cadence,"0",rpm,fractional_cadence,"0.0",rpm,enhanced_altitude,"15.200000000000045",m,enhanced_speed,"3.219",m/s,,,,,,,,,,,,,,,,,,,,,,,,,,,,,,,,,,,,,,,,,,,,,,,,,,,,,,,,,,,,,,,,,,,,,,,,,,,,,,,,,,,,,,,,,,,,,,,,,,,,,,,,,,,,,,,,,,,,,,,,,,,,,,,,,,,,,,,,,,,,,,,,,,,,,,,,,,,,,,,,,,,
Data,12,record,timestamp,"944858902",s,position_lat,"389964741",semicircles,position_long,"-1397665519",semicircles,distance,"12459.18",m,altitude,"15.200000000000045",m,speed,"3.098",m/s,unknown,"0",,unknown,"100",,heart_rate,"82",bpm,cadence,"0",rpm,fractional_cadence,"0.0",rpm,enhanced_altitude,"15.200000000000045",m,enhanced_speed,"3.098",m/s,,,,,,,,,,,,,,,,,,,,,,,,,,,,,,,,,,,,,,,,,,,,,,,,,,,,,,,,,,,,,,,,,,,,,,,,,,,,,,,,,,,,,,,,,,,,,,,,,,,,,,,,,,,,,,,,,,,,,,,,,,,,,,,,,,,,,,,,,,,,,,,,,,,,,,,,,,,,,,,,,,,
Data,12,record,timestamp,"944858906",s,position_lat,"389964596",semicircles,position_long,"-1397663888",semicircles,distance,"12472.07",m,altitude,"15.200000000000045",m,speed,"3.163",m/s,unknown,"0",,unknown,"100",,heart_rate,"86",bpm,cadence,"0",rpm,fractional_cadence,"0.0",rpm,enhanced_altitude,"15.200000000000045",m,enhanced_speed,"3.163",m/s,,,,,,,,,,,,,,,,,,,,,,,,,,,,,,,,,,,,,,,,,,,,,,,,,,,,,,,,,,,,,,,,,,,,,,,,,,,,,,,,,,,,,,,,,,,,,,,,,,,,,,,,,,,,,,,,,,,,,,,,,,,,,,,,,,,,,,,,,,,,,,,,,,,,,,,,,,,,,,,,,,,
Data,12,record,timestamp,"944858907",s,position_lat,"389964553",semicircles,position_long,"-1397663487",semicircles,distance,"12475.24",m,altitude,"15.200000000000045",m,speed,"3.182",m/s,unknown,"0",,unknown,"100",,heart_rate,"82",bpm,cadence,"0",rpm,fractional_cadence,"0.0",rpm,enhanced_altitude,"15.200000000000045",m,enhanced_speed,"3.182",m/s,,,,,,,,,,,,,,,,,,,,,,,,,,,,,,,,,,,,,,,,,,,,,,,,,,,,,,,,,,,,,,,,,,,,,,,,,,,,,,,,,,,,,,,,,,,,,,,,,,,,,,,,,,,,,,,,,,,,,,,,,,,,,,,,,,,,,,,,,,,,,,,,,,,,,,,,,,,,,,,,,,,
Data,12,record,timestamp,"944858912",s,position_lat,"389964413",semicircles,position_long,"-1397661448",semicircles,distance,"12491.32",m,altitude,"15.200000000000045",m,speed,"3.219",m/s,unknown,"0",,unknown,"100",,heart_rate,"79",bpm,cadence,"0",rpm,fractional_cadence,"0.0",rpm,enhanced_altitude,"15.200000000000045",m,enhanced_speed,"3.219",m/s,,,,,,,,,,,,,,,,,,,,,,,,,,,,,,,,,,,,,,,,,,,,,,,,,,,,,,,,,,,,,,,,,,,,,,,,,,,,,,,,,,,,,,,,,,,,,,,,,,,,,,,,,,,,,,,,,,,,,,,,,,,,,,,,,,,,,,,,,,,,,,,,,,,,,,,,,,,,,,,,,,,
Data,12,record,timestamp,"944858915",s,position_lat,"389964436",semicircles,position_long,"-1397660159",semicircles,distance,"12501.41",m,altitude,"15.200000000000045",m,speed,"3.247",m/s,unknown,"0",,unknown,"100",,heart_rate,"81",bpm,cadence,"0",rpm,fractional_cadence,"0.0",rpm,enhanced_altitude,"15.200000000000045",m,enhanced_speed,"3.247",m/s,,,,,,,,,,,,,,,,,,,,,,,,,,,,,,,,,,,,,,,,,,,,,,,,,,,,,,,,,,,,,,,,,,,,,,,,,,,,,,,,,,,,,,,,,,,,,,,,,,,,,,,,,,,,,,,,,,,,,,,,,,,,,,,,,,,,,,,,,,,,,,,,,,,,,,,,,,,,,,,,,,,
Data,12,record,timestamp,"944858917",s,position_lat,"389964422",semicircles,position_long,"-1397659327",semicircles,distance,"12507.94",m,altitude,"15.200000000000045",m,speed,"3.238",m/s,unknown,"0",,unknown,"100",,heart_rate,"78",bpm,cadence,"0",rpm,fractional_cadence,"0.0",rpm,enhanced_altitude,"15.200000000000045",m,enhanced_speed,"3.238",m/s,,,,,,,,,,,,,,,,,,,,,,,,,,,,,,,,,,,,,,,,,,,,,,,,,,,,,,,,,,,,,,,,,,,,,,,,,,,,,,,,,,,,,,,,,,,,,,,,,,,,,,,,,,,,,,,,,,,,,,,,,,,,,,,,,,,,,,,,,,,,,,,,,,,,,,,,,,,,,,,,,,,
Data,12,record,timestamp,"944858928",s,position_lat,"389963855",semicircles,position_long,"-1397655073",semicircles,distance,"12541.83",m,altitude,"15.399999999999977",m,speed,"3.07",m/s,unknown,"0",,unknown,"100",,heart_rate,"75",bpm,cadence,"0",rpm,fractional_cadence,"0.0",rpm,enhanced_altitude,"15.399999999999977",m,enhanced_speed,"3.07",m/s,,,,,,,,,,,,,,,,,,,,,,,,,,,,,,,,,,,,,,,,,,,,,,,,,,,,,,,,,,,,,,,,,,,,,,,,,,,,,,,,,,,,,,,,,,,,,,,,,,,,,,,,,,,,,,,,,,,,,,,,,,,,,,,,,,,,,,,,,,,,,,,,,,,,,,,,,,,,,,,,,,,
Data,12,record,timestamp,"944858931",s,position_lat,"389963707",semicircles,position_long,"-1397653974",semicircles,distance,"12550.58",m,altitude,"15.399999999999977",m,speed,"2.976",m/s,unknown,"0",,unknown,"100",,heart_rate,"76",bpm,cadence,"0",rpm,fractional_cadence,"0.0",rpm,enhanced_altitude,"15.399999999999977",m,enhanced_speed,"2.976",m/s,,,,,,,,,,,,,,,,,,,,,,,,,,,,,,,,,,,,,,,,,,,,,,,,,,,,,,,,,,,,,,,,,,,,,,,,,,,,,,,,,,,,,,,,,,,,,,,,,,,,,,,,,,,,,,,,,,,,,,,,,,,,,,,,,,,,,,,,,,,,,,,,,,,,,,,,,,,,,,,,,,,
Data,12,record,timestamp,"944858941",s,position_lat,"389963141",semicircles,position_long,"-1397650407",semicircles,distance,"12579.12",m,altitude,"15.399999999999977",m,speed,"2.846",m/s,unknown,"0",,unknown,"100",,heart_rate,"73",bpm,cadence,"0",rpm,fractional_cadence,"0.0",rpm,enhanced_altitude,"15.399999999999977",m,enhanced_speed,"2.846",m/s,,,,,,,,,,,,,,,,,,,,,,,,,,,,,,,,,,,,,,,,,,,,,,,,,,,,,,,,,,,,,,,,,,,,,,,,,,,,,,,,,,,,,,,,,,,,,,,,,,,,,,,,,,,,,,,,,,,,,,,,,,,,,,,,,,,,,,,,,,,,,,,,,,,,,,,,,,,,,,,,,,,
Data,12,record,timestamp,"944858945",s,position_lat,"389962936",semicircles,position_long,"-1397648963",semicircles,distance,"12590.62",m,altitude,"15.399999999999977",m,speed,"2.893",m/s,unknown,"0",,unknown,"100",,heart_rate,"73",bpm,cadence,"0",rpm,fractional_cadence,"0.0",rpm,enhanced_altitude,"15.399999999999977",m,enhanced_speed,"2.893",m/s,,,,,,,,,,,,,,,,,,,,,,,,,,,,,,,,,,,,,,,,,,,,,,,,,,,,,,,,,,,,,,,,,,,,,,,,,,,,,,,,,,,,,,,,,,,,,,,,,,,,,,,,,,,,,,,,,,,,,,,,,,,,,,,,,,,,,,,,,,,,,,,,,,,,,,,,,,,,,,,,,,,
Data,12,record,timestamp,"944858946",s,position_lat,"389962879",semicircles,position_long,"-1397648604",semicircles,distance,"12593.49",m,altitude,"15.399999999999977",m,speed,"2.874",m/s,unknown,"0",,unknown,"100",,heart_rate,"75",bpm,cadence,"0",rpm,fractional_cadence,"0.0",rpm,enhanced_altitude,"15.399999999999977",m,enhanced_speed,"2.874",m/s,,,,,,,,,,,,,,,,,,,,,,,,,,,,,,,,,,,,,,,,,,,,,,,,,,,,,,,,,,,,,,,,,,,,,,,,,,,,,,,,,,,,,,,,,,,,,,,,,,,,,,,,,,,,,,,,,,,,,,,,,,,,,,,,,,,,,,,,,,,,,,,,,,,,,,,,,,,,,,,,,,,
Data,12,record,timestamp,"944858950",s,position_lat,"389962782",semicircles,position_long,"-1397647084",semicircles,distance,"12605.46",m,altitude,"15.399999999999977",m,speed,"3.07",m/s,unknown,"0",,unknown,"100",,heart_rate,"72",bpm,cadence,"0",rpm,fractional_cadence,"0.0",rpm,enhanced_altitude,"15.399999999999977",m,enhanced_speed,"3.07",m/s,,,,,,,,,,,,,,,,,,,,,,,,,,,,,,,,,,,,,,,,,,,,,,,,,,,,,,,,,,,,,,,,,,,,,,,,,,,,,,,,,,,,,,,,,,,,,,,,,,,,,,,,,,,,,,,,,,,,,,,,,,,,,,,,,,,,,,,,,,,,,,,,,,,,,,,,,,,,,,,,,,,
Data,12,record,timestamp,"944858955",s,position_lat,"389962502",semicircles,position_long,"-1397645352",semicircles,distance,"12619.42",m,altitude,"15.399999999999977",m,speed,"2.706",m/s,unknown,"0",,unknown,"100",,heart_rate,"69",bpm,cadence,"0",rpm,fractional_cadence,"0.0",rpm,enhanced_altitude,"15.399999999999977",m,enhanced_speed,"2.706",m/s,,,,,,,,,,,,,,,,,,,,,,,,,,,,,,,,,,,,,,,,,,,,,,,,,,,,,,,,,,,,,,,,,,,,,,,,,,,,,,,,,,,,,,,,,,,,,,,,,,,,,,,,,,,,,,,,,,,,,,,,,,,,,,,,,,,,,,,,,,,,,,,,,,,,,,,,,,,,,,,,,,,
Data,12,record,timestamp,"944858957",s,position_lat,"389962236",semicircles,position_long,"-1397644739",semicircles,distance,"12624.8",m,altitude,"15.399999999999977",m,speed,"2.659",m/s,unknown,"0",,unknown,"100",,heart_rate,"72",bpm,cadence,"0",rpm,fractional_cadence,"0.0",rpm,enhanced_altitude,"15.399999999999977",m,enhanced_speed,"2.659",m/s,,,,,,,,,,,,,,,,,,,,,,,,,,,,,,,,,,,,,,,,,,,,,,,,,,,,,,,,,,,,,,,,,,,,,,,,,,,,,,,,,,,,,,,,,,,,,,,,,,,,,,,,,,,,,,,,,,,,,,,,,,,,,,,,,,,,,,,,,,,,,,,,,,,,,,,,,,,,,,,,,,,
Data,12,record,timestamp,"944858964",s,position_lat,"389961045",semicircles,position_long,"-1397643204",semicircles,distance,"12641.86",m,altitude,"15.399999999999977",m,speed,"2.258",m/s,unknown,"0",,unknown,"100",,heart_rate,"72",bpm,cadence,"0",rpm,fractional_cadence,"0.0",rpm,enhanced_altitude,"15.399999999999977",m,enhanced_speed,"2.258",m/s,,,,,,,,,,,,,,,,,,,,,,,,,,,,,,,,,,,,,,,,,,,,,,,,,,,,,,,,,,,,,,,,,,,,,,,,,,,,,,,,,,,,,,,,,,,,,,,,,,,,,,,,,,,,,,,,,,,,,,,,,,,,,,,,,,,,,,,,,,,,,,,,,,,,,,,,,,,,,,,,,,,
Data,12,record,timestamp,"944858965",s,position_lat,"389960778",semicircles,position_long,"-1397643093",semicircles,distance,"12644.45",m,altitude,"15.399999999999977",m,speed,"2.305",m/s,unknown,"0",,unknown,"100",,heart_rate,"75",bpm,cadence,"0",rpm,fractional_cadence,"0.0",rpm,enhanced_altitude,"15.399999999999977",m,enhanced_speed,"2.305",m/s,,,,,,,,,,,,,,,,,,,,,,,,,,,,,,,,,,,,,,,,,,,,,,,,,,,,,,,,,,,,,,,,,,,,,,,,,,,,,,,,,,,,,,,,,,,,,,,,,,,,,,,,,,,,,,,,,,,,,,,,,,,,,,,,,,,,,,,,,,,,,,,,,,,,,,,,,,,,,,,,,,,
Data,12,record,timestamp,"944858968",s,position_lat,"389959952",semicircles,position_long,"-1397642863",semicircles,distance,"12652.25",m,altitude,"15.399999999999977",m,speed,"2.454",m/s,unknown,"0",,unknown,"100",,heart_rate,"80",bpm,cadence,"0",rpm,fractional_cadence,"0.0",rpm,enhanced_altitude,"15.399999999999977",m,enhanced_speed,"2.454",m/s,,,,,,,,,,,,,,,,,,,,,,,,,,,,,,,,,,,,,,,,,,,,,,,,,,,,,,,,,,,,,,,,,,,,,,,,,,,,,,,,,,,,,,,,,,,,,,,,,,,,,,,,,,,,,,,,,,,,,,,,,,,,,,,,,,,,,,,,,,,,,,,,,,,,,,,,,,,,,,,,,,,
Data,12,record,timestamp,"944858973",s,position_lat,"389958492",semicircles,position_long,"-1397642514",semicircles,distance,"12666.09",m,altitude,"15.399999999999977",m,speed,"2.921",m/s,unknown,"0",,unknown,"100",,heart_rate,"80",bpm,cadence,"0",rpm,fractional_cadence,"0.0",rpm,enhanced_altitude,"15.399999999999977",m,enhanced_speed,"2.921",m/s,,,,,,,,,,,,,,,,,,,,,,,,,,,,,,,,,,,,,,,,,,,,,,,,,,,,,,,,,,,,,,,,,,,,,,,,,,,,,,,,,,,,,,,,,,,,,,,,,,,,,,,,,,,,,,,,,,,,,,,,,,,,,,,,,,,,,,,,,,,,,,,,,,,,,,,,,,,,,,,,,,,
Data,12,record,timestamp,"944858975",s,position_lat,"389957826",semicircles,position_long,"-1397642460",semicircles,distance,"12672.27",m,altitude,"15.600000000000023",m,speed,"3.07",m/s,unknown,"0",,unknown,"100",,heart_rate,"84",bpm,cadence,"0",rpm,fractional_cadence,"0.0",rpm,enhanced_altitude,"15.600000000000023",m,enhanced_speed,"3.07",m/s,,,,,,,,,,,,,,,,,,,,,,,,,,,,,,,,,,,,,,,,,,,,,,,,,,,,,,,,,,,,,,,,,,,,,,,,,,,,,,,,,,,,,,,,,,,,,,,,,,,,,,,,,,,,,,,,,,,,,,,,,,,,,,,,,,,,,,,,,,,,,,,,,,,,,,,,,,,,,,,,,,,
Data,12,record,timestamp,"944858976",s,position_lat,"389957470",semicircles,position_long,"-1397642440",semicircles,distance,"12675.57",m,altitude,"15.600000000000023",m,speed,"3.172",m/s,unknown,"0",,unknown,"100",,heart_rate,"81",bpm,cadence,"0",rpm,fractional_cadence,"0.0",rpm,enhanced_altitude,"15.600000000000023",m,enhanced_speed,"3.172",m/s,,,,,,,,,,,,,,,,,,,,,,,,,,,,,,,,,,,,,,,,,,,,,,,,,,,,,,,,,,,,,,,,,,,,,,,,,,,,,,,,,,,,,,,,,,,,,,,,,,,,,,,,,,,,,,,,,,,,,,,,,,,,,,,,,,,,,,,,,,,,,,,,,,,,,,,,,,,,,,,,,,,
Data,12,record,timestamp,"944858983",s,position_lat,"389954914",semicircles,position_long,"-1397642343",semicircles,distance,"12699.35",m,altitude,"15.600000000000023",m,speed,"3.312",m/s,unknown,"0",,unknown,"100",,heart_rate,"80",bpm,cadence,"0",rpm,fractional_cadence,"0.0",rpm,enhanced_altitude,"15.600000000000023",m,enhanced_speed,"3.312",m/s,,,,,,,,,,,,,,,,,,,,,,,,,,,,,,,,,,,,,,,,,,,,,,,,,,,,,,,,,,,,,,,,,,,,,,,,,,,,,,,,,,,,,,,,,,,,,,,,,,,,,,,,,,,,,,,,,,,,,,,,,,,,,,,,,,,,,,,,,,,,,,,,,,,,,,,,,,,,,,,,,,,
Data,12,record,timestamp,"944858992",s,position_lat,"389951654",semicircles,position_long,"-1397641369",semicircles,distance,"12730.67",m,altitude,"15.600000000000023",m,speed,"3.602",m/s,unknown,"0",,unknown,"100",,heart_rate,"82",bpm,cadence,"0",rpm,fractional_cadence,"0.0",rpm,enhanced_altitude,"15.600000000000023",m,enhanced_speed,"3.602",m/s,,,,,,,,,,,,,,,,,,,,,,,,,,,,,,,,,,,,,,,,,,,,,,,,,,,,,,,,,,,,,,,,,,,,,,,,,,,,,,,,,,,,,,,,,,,,,,,,,,,,,,,,,,,,,,,,,,,,,,,,,,,,,,,,,,,,,,,,,,,,,,,,,,,,,,,,,,,,,,,,,,,
Data,12,record,timestamp,"944858996",s,position_lat,"389950263",semicircles,position_long,"-1397640752",semicircles,distance,"12744.49",m,altitude,"15.600000000000023",m,speed,"3.527",m/s,unknown,"0",,unknown,"100",,heart_rate,"79",bpm,cadence,"0",rpm,fractional_cadence,"0.0",rpm,enhanced_altitude,"15.600000000000023",m,enhanced_speed,"3.527",m/s,,,,,,,,,,,,,,,,,,,,,,,,,,,,,,,,,,,,,,,,,,,,,,,,,,,,,,,,,,,,,,,,,,,,,,,,,,,,,,,,,,,,,,,,,,,,,,,,,,,,,,,,,,,,,,,,,,,,,,,,,,,,,,,,,,,,,,,,,,,,,,,,,,,,,,,,,,,,,,,,,,,
Data,12,record,timestamp,"944859001",s,position_lat,"389948438",semicircles,position_long,"-1397639923",semicircles,distance,"12762.66",m,altitude,"15.399999999999977",m,speed,"3.583",m/s,unknown,"0",,unknown,"100",,heart_rate,"76",bpm,cadence,"0",rpm,fractional_cadence,"0.0",rpm,enhanced_altitude,"15.399999999999977",m,enhanced_speed,"3.583",m/s,,,,,,,,,,,,,,,,,,,,,,,,,,,,,,,,,,,,,,,,,,,,,,,,,,,,,,,,,,,,,,,,,,,,,,,,,,,,,,,,,,,,,,,,,,,,,,,,,,,,,,,,,,,,,,,,,,,,,,,,,,,,,,,,,,,,,,,,,,,,,,,,,,,,,,,,,,,,,,,,,,,
Data,12,record,timestamp,"944859002",s,position_lat,"389948066",semicircles,position_long,"-1397639757",semicircles,distance,"12766.35",m,altitude,"15.399999999999977",m,speed,"3.583",m/s,unknown,"0",,unknown,"100",,heart_rate,"79",bpm,cadence,"0",rpm,fractional_cadence,"0.0",rpm,enhanced_altitude,"15.399999999999977",m,enhanced_speed,"3.583",m/s,,,,,,,,,,,,,,,,,,,,,,,,,,,,,,,,,,,,,,,,,,,,,,,,,,,,,,,,,,,,,,,,,,,,,,,,,,,,,,,,,,,,,,,,,,,,,,,,,,,,,,,,,,,,,,,,,,,,,,,,,,,,,,,,,,,,,,,,,,,,,,,,,,,,,,,,,,,,,,,,,,,
Data,12,record,timestamp,"944859003",s,position_lat,"389947691",semicircles,position_long,"-1397639613",semicircles,distance,"12770.02",m,altitude,"15.399999999999977",m,speed,"3.555",m/s,unknown,"0",,unknown,"100",,heart_rate,"75",bpm,cadence,"0",rpm,fractional_cadence,"0.0",rpm,enhanced_altitude,"15.399999999999977",m,enhanced_speed,"3.555",m/s,,,,,,,,,,,,,,,,,,,,,,,,,,,,,,,,,,,,,,,,,,,,,,,,,,,,,,,,,,,,,,,,,,,,,,,,,,,,,,,,,,,,,,,,,,,,,,,,,,,,,,,,,,,,,,,,,,,,,,,,,,,,,,,,,,,,,,,,,,,,,,,,,,,,,,,,,,,,,,,,,,,
Data,12,record,timestamp,"944859007",s,position_lat,"389946208",semicircles,position_long,"-1397639003",semicircles,distance,"12784.61",m,altitude,"15.399999999999977",m,speed,"3.583",m/s,unknown,"0",,unknown,"100",,heart_rate,"77",bpm,cadence,"0",rpm,fractional_cadence,"0.0",rpm,enhanced_altitude,"15.399999999999977",m,enhanced_speed,"3.583",m/s,,,,,,,,,,,,,,,,,,,,,,,,,,,,,,,,,,,,,,,,,,,,,,,,,,,,,,,,,,,,,,,,,,,,,,,,,,,,,,,,,,,,,,,,,,,,,,,,,,,,,,,,,,,,,,,,,,,,,,,,,,,,,,,,,,,,,,,,,,,,,,,,,,,,,,,,,,,,,,,,,,,
Data,12,record,timestamp,"944859012",s,position_lat,"389944517",semicircles,position_long,"-1397638074",semicircles,distance,"12801.95",m,altitude,"15.600000000000023",m,speed,"3.499",m/s,unknown,"0",,unknown,"100",,heart_rate,"74",bpm,cadence,"0",rpm,fractional_cadence,"0.0",rpm,enhanced_altitude,"15.600000000000023",m,enhanced_speed,"3.499",m/s,,,,,,,,,,,,,,,,,,,,,,,,,,,,,,,,,,,,,,,,,,,,,,,,,,,,,,,,,,,,,,,,,,,,,,,,,,,,,,,,,,,,,,,,,,,,,,,,,,,,,,,,,,,,,,,,,,,,,,,,,,,,,,,,,,,,,,,,,,,,,,,,,,,,,,,,,,,,,,,,,,,
Data,12,record,timestamp,"944859020",s,position_lat,"389942050",semicircles,position_long,"-1397636459",semicircles,distance,"12828.15",m,altitude,"15.600000000000023",m,speed,"3.2",m/s,unknown,"0",,unknown,"100",,heart_rate,"73",bpm,cadence,"0",rpm,fractional_cadence,"0.0",rpm,enhanced_altitude,"15.600000000000023",m,enhanced_speed,"3.2",m/s,,,,,,,,,,,,,,,,,,,,,,,,,,,,,,,,,,,,,,,,,,,,,,,,,,,,,,,,,,,,,,,,,,,,,,,,,,,,,,,,,,,,,,,,,,,,,,,,,,,,,,,,,,,,,,,,,,,,,,,,,,,,,,,,,,,,,,,,,,,,,,,,,,,,,,,,,,,,,,,,,,,
Data,12,record,timestamp,"944859031",s,position_lat,"389938936",semicircles,position_long,"-1397634127",semicircles,distance,"12862.4",m,altitude,"15.399999999999977",m,speed,"3.144",m/s,unknown,"0",,unknown,"100",,heart_rate,"70",bpm,cadence,"0",rpm,fractional_cadence,"0.0",rpm,enhanced_altitude,"15.399999999999977",m,enhanced_speed,"3.144",m/s,,,,,,,,,,,,,,,,,,,,,,,,,,,,,,,,,,,,,,,,,,,,,,,,,,,,,,,,,,,,,,,,,,,,,,,,,,,,,,,,,,,,,,,,,,,,,,,,,,,,,,,,,,,,,,,,,,,,,,,,,,,,,,,,,,,,,,,,,,,,,,,,,,,,,,,,,,,,,,,,,,,
Data,12,record,timestamp,"944859034",s,position_lat,"389938064",semicircles,position_long,"-1397633604",semicircles,distance,"12871.5",m,altitude,"15.399999999999977",m,speed,"3.088",m/s,unknown,"0",,unknown,"100",,heart_rate,"71",bpm,cadence,"0",rpm,fractional_cadence,"0.0",rpm,enhanced_altitude,"15.399999999999977",m,enhanced_speed,"3.088",m/s,,,,,,,,,,,,,,,,,,,,,,,,,,,,,,,,,,,,,,,,,,,,,,,,,,,,,,,,,,,,,,,,,,,,,,,,,,,,,,,,,,,,,,,,,,,,,,,,,,,,,,,,,,,,,,,,,,,,,,,,,,,,,,,,,,,,,,,,,,,,,,,,,,,,,,,,,,,,,,,,,,,
Data,12,record,timestamp,"944859038",s,position_lat,"389936846",semicircles,position_long,"-1397632912",semicircles,distance,"12884.08",m,altitude,"15.600000000000023",m,speed,"3.21",m/s,unknown,"0",,unknown,"100",,heart_rate,"74",bpm,cadence,"0",rpm,fractional_cadence,"0.0",rpm,enhanced_altitude,"15.600000000000023",m,enhanced_speed,"3.21",m/s,,,,,,,,,,,,,,,,,,,,,,,,,,,,,,,,,,,,,,,,,,,,,,,,,,,,,,,,,,,,,,,,,,,,,,,,,,,,,,,,,,,,,,,,,,,,,,,,,,,,,,,,,,,,,,,,,,,,,,,,,,,,,,,,,,,,,,,,,,,,,,,,,,,,,,,,,,,,,,,,,,,
Data,12,record,timestamp,"944859040",s,position_lat,"389936389",semicircles,position_long,"-1397632424",semicircles,distance,"12889.77",m,altitude,"15.600000000000023",m,speed,"3.079",m/s,unknown,"0",,unknown,"100",,heart_rate,"71",bpm,cadence,"0",rpm,fractional_cadence,"0.0",rpm,enhanced_altitude,"15.600000000000023",m,enhanced_speed,"3.079",m/s,,,,,,,,,,,,,,,,,,,,,,,,,,,,,,,,,,,,,,,,,,,,,,,,,,,,,,,,,,,,,,,,,,,,,,,,,,,,,,,,,,,,,,,,,,,,,,,,,,,,,,,,,,,,,,,,,,,,,,,,,,,,,,,,,,,,,,,,,,,,,,,,,,,,,,,,,,,,,,,,,,,
Data,12,record,timestamp,"944859042",s,position_lat,"389936030",semicircles,position_long,"-1397631876",semicircles,distance,"12895.16",m,altitude,"15.600000000000023",m,speed,"2.986",m/s,unknown,"0",,unknown,"100",,heart_rate,"70",bpm,cadence,"0",rpm,fractional_cadence,"0.0",rpm,enhanced_altitude,"15.600000000000023",m,enhanced_speed,"2.986",m/s,,,,,,,,,,,,,,,,,,,,,,,,,,,,,,,,,,,,,,,,,,,,,,,,,,,,,,,,,,,,,,,,,,,,,,,,,,,,,,,,,,,,,,,,,,,,,,,,,,,,,,,,,,,,,,,,,,,,,,,,,,,,,,,,,,,,,,,,,,,,,,,,,,,,,,,,,,,,,,,,,,,
Data,12,record,timestamp,"944859045",s,position_lat,"389935500",semicircles,position_long,"-1397631105",semicircles,distance,"12902.95",m,altitude,"15.600000000000023",m,speed,"2.781",m/s,unknown,"0",,unknown,"300",,heart_rate,"73",bpm,cadence,"0",rpm,fractional_cadence,"0.0",rpm,enhanced_altitude,"15.600000000000023",m,enhanced_speed,"2.781",m/s,,,,,,,,,,,,,,,,,,,,,,,,,,,,,,,,,,,,,,,,,,,,,,,,,,,,,,,,,,,,,,,,,,,,,,,,,,,,,,,,,,,,,,,,,,,,,,,,,,,,,,,,,,,,,,,,,,,,,,,,,,,,,,,,,,,,,,,,,,,,,,,,,,,,,,,,,,,,,,,,,,,
Data,12,record,timestamp,"944859051",s,position_lat,"389935194",semicircles,position_long,"-1397629172",semicircles,distance,"12918.31",m,altitude,"15.600000000000023",m,speed,"2.65",m/s,unknown,"0",,unknown,"100",,heart_rate,"73",bpm,cadence,"0",rpm,fractional_cadence,"0.0",rpm,enhanced_altitude,"15.600000000000023",m,enhanced_speed,"2.65",m/s,,,,,,,,,,,,,,,,,,,,,,,,,,,,,,,,,,,,,,,,,,,,,,,,,,,,,,,,,,,,,,,,,,,,,,,,,,,,,,,,,,,,,,,,,,,,,,,,,,,,,,,,,,,,,,,,,,,,,,,,,,,,,,,,,,,,,,,,,,,,,,,,,,,,,,,,,,,,,,,,,,,
Data,12,record,timestamp,"944859054",s,position_lat,"389935233",semicircles,position_long,"-1397628090",semicircles,distance,"12926.78",m,altitude,"15.399999999999977",m,speed,"2.743",m/s,unknown,"0",,unknown,"100",,heart_rate,"77",bpm,cadence,"0",rpm,fractional_cadence,"0.0",rpm,enhanced_altitude,"15.399999999999977",m,enhanced_speed,"2.743",m/s,,,,,,,,,,,,,,,,,,,,,,,,,,,,,,,,,,,,,,,,,,,,,,,,,,,,,,,,,,,,,,,,,,,,,,,,,,,,,,,,,,,,,,,,,,,,,,,,,,,,,,,,,,,,,,,,,,,,,,,,,,,,,,,,,,,,,,,,,,,,,,,,,,,,,,,,,,,,,,,,,,,
Data,12,record,timestamp,"944859055",s,position_lat,"389935194",semicircles,position_long,"-1397627748",semicircles,distance,"12929.49",m,altitude,"15.399999999999977",m,speed,"2.697",m/s,unknown,"0",,unknown,"100",,heart_rate,"83",bpm,cadence,"0",rpm,fractional_cadence,"0.0",rpm,enhanced_altitude,"15.399999999999977",m,enhanced_speed,"2.697",m/s,,,,,,,,,,,,,,,,,,,,,,,,,,,,,,,,,,,,,,,,,,,,,,,,,,,,,,,,,,,,,,,,,,,,,,,,,,,,,,,,,,,,,,,,,,,,,,,,,,,,,,,,,,,,,,,,,,,,,,,,,,,,,,,,,,,,,,,,,,,,,,,,,,,,,,,,,,,,,,,,,,,
Data,12,record,timestamp,"944859056",s,position_lat,"389935140",semicircles,position_long,"-1397627410",semicircles,distance,"12932.19",m,altitude,"15.399999999999977",m,speed,"2.687",m/s,unknown,"0",,unknown,"100",,heart_rate,"79",bpm,cadence,"0",rpm,fractional_cadence,"0.0",rpm,enhanced_altitude,"15.399999999999977",m,enhanced_speed,"2.687",m/s,,,,,,,,,,,,,,,,,,,,,,,,,,,,,,,,,,,,,,,,,,,,,,,,,,,,,,,,,,,,,,,,,,,,,,,,,,,,,,,,,,,,,,,,,,,,,,,,,,,,,,,,,,,,,,,,,,,,,,,,,,,,,,,,,,,,,,,,,,,,,,,,,,,,,,,,,,,,,,,,,,,
Data,12,record,timestamp,"944859058",s,position_lat,"389935040",semicircles,position_long,"-1397626734",semicircles,distance,"12937.59",m,altitude,"15.200000000000045",m,speed,"2.715",m/s,unknown,"0",,unknown,"100",,heart_rate,"82",bpm,cadence,"0",rpm,fractional_cadence,"0.0",rpm,enhanced_altitude,"15.200000000000045",m,enhanced_speed,"2.715",m/s,,,,,,,,,,,,,,,,,,,,,,,,,,,,,,,,,,,,,,,,,,,,,,,,,,,,,,,,,,,,,,,,,,,,,,,,,,,,,,,,,,,,,,,,,,,,,,,,,,,,,,,,,,,,,,,,,,,,,,,,,,,,,,,,,,,,,,,,,,,,,,,,,,,,,,,,,,,,,,,,,,,
Data,12,record,timestamp,"944859060",s,position_lat,"389935008",semicircles,position_long,"-1397626029",semicircles,distance,"12943.13",m,altitude,"15.200000000000045",m,speed,"2.818",m/s,unknown,"0",,unknown,"100",,heart_rate,"83",bpm,cadence,"0",rpm,fractional_cadence,"0.0",rpm,enhanced_altitude,"15.200000000000045",m,enhanced_speed,"2.818",m/s,,,,,,,,,,,,,,,,,,,,,,,,,,,,,,,,,,,,,,,,,,,,,,,,,,,,,,,,,,,,,,,,,,,,,,,,,,,,,,,,,,,,,,,,,,,,,,,,,,,,,,,,,,,,,,,,,,,,,,,,,,,,,,,,,,,,,,,,,,,,,,,,,,,,,,,,,,,,,,,,,,,
Data,12,record,timestamp,"944859064",s,position_lat,"389934892",semicircles,position_long,"-1397624527",semicircles,distance,"12954.99",m,altitude,"15.200000000000045",m,speed,"2.976",m/s,unknown,"0",,unknown,"100",,heart_rate,"87",bpm,cadence,"0",rpm,fractional_cadence,"0.0",rpm,enhanced_altitude,"15.200000000000045",m,enhanced_speed,"2.976",m/s,,,,,,,,,,,,,,,,,,,,,,,,,,,,,,,,,,,,,,,,,,,,,,,,,,,,,,,,,,,,,,,,,,,,,,,,,,,,,,,,,,,,,,,,,,,,,,,,,,,,,,,,,,,,,,,,,,,,,,,,,,,,,,,,,,,,,,,,,,,,,,,,,,,,,,,,,,,,,,,,,,,
Data,12,record,timestamp,"944859067",s,position_lat,"389934717",semicircles,position_long,"-1397623375",semicircles,distance,"12964.18",m,altitude,"15.200000000000045",m,speed,"3.051",m/s,unknown,"0",,unknown,"100",,heart_rate,"90",bpm,cadence,"0",rpm,fractional_cadence,"0.0",rpm,enhanced_altitude,"15.200000000000045",m,enhanced_speed,"3.051",m/s,,,,,,,,,,,,,,,,,,,,,,,,,,,,,,,,,,,,,,,,,,,,,,,,,,,,,,,,,,,,,,,,,,,,,,,,,,,,,,,,,,,,,,,,,,,,,,,,,,,,,,,,,,,,,,,,,,,,,,,,,,,,,,,,,,,,,,,,,,,,,,,,,,,,,,,,,,,,,,,,,,,
Data,12,record,timestamp,"944859071",s,position_lat,"389934437",semicircles,position_long,"-1397621799",semicircles,distance,"12976.84",m,altitude,"15.399999999999977",m,speed,"3.126",m/s,unknown,"0",,unknown,"300",,heart_rate,"87",bpm,cadence,"0",rpm,fractional_cadence,"0.0",rpm,enhanced_altitude,"15.399999999999977",m,enhanced_speed,"3.126",m/s,,,,,,,,,,,,,,,,,,,,,,,,,,,,,,,,,,,,,,,,,,,,,,,,,,,,,,,,,,,,,,,,,,,,,,,,,,,,,,,,,,,,,,,,,,,,,,,,,,,,,,,,,,,,,,,,,,,,,,,,,,,,,,,,,,,,,,,,,,,,,,,,,,,,,,,,,,,,,,,,,,,
Data,12,record,timestamp,"944859073",s,position_lat,"389934253",semicircles,position_long,"-1397620988",semicircles,distance,"12983.44",m,altitude,"15.399999999999977",m,speed,"3.219",m/s,unknown,"0",,unknown,"300",,heart_rate,"84",bpm,cadence,"0",rpm,fractional_cadence,"0.0",rpm,enhanced_altitude,"15.399999999999977",m,enhanced_speed,"3.219",m/s,,,,,,,,,,,,,,,,,,,,,,,,,,,,,,,,,,,,,,,,,,,,,,,,,,,,,,,,,,,,,,,,,,,,,,,,,,,,,,,,,,,,,,,,,,,,,,,,,,,,,,,,,,,,,,,,,,,,,,,,,,,,,,,,,,,,,,,,,,,,,,,,,,,,,,,,,,,,,,,,,,,
Data,12,record,timestamp,"944859075",s,position_lat,"389934022",semicircles,position_long,"-1397620167",semicircles,distance,"12990.24",m,altitude,"15.600000000000023",m,speed,"3.191",m/s,unknown,"0",,unknown,"300",,heart_rate,"80",bpm,cadence,"0",rpm,fractional_cadence,"0.0",rpm,enhanced_altitude,"15.600000000000023",m,enhanced_speed,"3.191",m/s,,,,,,,,,,,,,,,,,,,,,,,,,,,,,,,,,,,,,,,,,,,,,,,,,,,,,,,,,,,,,,,,,,,,,,,,,,,,,,,,,,,,,,,,,,,,,,,,,,,,,,,,,,,,,,,,,,,,,,,,,,,,,,,,,,,,,,,,,,,,,,,,,,,,,,,,,,,,,,,,,,,
Data,12,record,timestamp,"944859083",s,position_lat,"389933256",semicircles,position_long,"-1397616884",semicircles,distance,"13017.03",m,altitude,"15.799999999999955",m,speed,"3.704",m/s,unknown,"0",,unknown,"100",,heart_rate,"80",bpm,cadence,"0",rpm,fractional_cadence,"0.0",rpm,enhanced_altitude,"15.799999999999955",m,enhanced_speed,"3.704",m/s,,,,,,,,,,,,,,,,,,,,,,,,,,,,,,,,,,,,,,,,,,,,,,,,,,,,,,,,,,,,,,,,,,,,,,,,,,,,,,,,,,,,,,,,,,,,,,,,,,,,,,,,,,,,,,,,,,,,,,,,,,,,,,,,,,,,,,,,,,,,,,,,,,,,,,,,,,,,,,,,,,,
Data,12,record,timestamp,"944859086",s,position_lat,"389932893",semicircles,position_long,"-1397615444",semicircles,distance,"13028.83",m,altitude,"15.799999999999955",m,speed,"3.882",m/s,unknown,"0",,unknown,"100",,heart_rate,"77",bpm,cadence,"0",rpm,fractional_cadence,"0.0",rpm,enhanced_altitude,"15.799999999999955",m,enhanced_speed,"3.882",m/s,,,,,,,,,,,,,,,,,,,,,,,,,,,,,,,,,,,,,,,,,,,,,,,,,,,,,,,,,,,,,,,,,,,,,,,,,,,,,,,,,,,,,,,,,,,,,,,,,,,,,,,,,,,,,,,,,,,,,,,,,,,,,,,,,,,,,,,,,,,,,,,,,,,,,,,,,,,,,,,,,,,
Data,12,record,timestamp,"944859090",s,position_lat,"389932669",semicircles,position_long,"-1397613690",semicircles,distance,"13042.75",m,altitude,"15.799999999999955",m,speed,"3.518",m/s,unknown,"0",,unknown,"100",,heart_rate,"80",bpm,cadence,"0",rpm,fractional_cadence,"0.0",rpm,enhanced_altitude,"15.799999999999955",m,enhanced_speed,"3.518",m/s,,,,,,,,,,,,,,,,,,,,,,,,,,,,,,,,,,,,,,,,,,,,,,,,,,,,,,,,,,,,,,,,,,,,,,,,,,,,,,,,,,,,,,,,,,,,,,,,,,,,,,,,,,,,,,,,,,,,,,,,,,,,,,,,,,,,,,,,,,,,,,,,,,,,,,,,,,,,,,,,,,,
Data,12,record,timestamp,"944859092",s,position_lat,"389932566",semicircles,position_long,"-1397612905",semicircles,distance,"13048.99",m,altitude,"16.0",m,speed,"3.359",m/s,unknown,"0",,unknown,"100",,heart_rate,"82",bpm,cadence,"0",rpm,fractional_cadence,"0.0",rpm,enhanced_altitude,"16.0",m,enhanced_speed,"3.359",m/s,,,,,,,,,,,,,,,,,,,,,,,,,,,,,,,,,,,,,,,,,,,,,,,,,,,,,,,,,,,,,,,,,,,,,,,,,,,,,,,,,,,,,,,,,,,,,,,,,,,,,,,,,,,,,,,,,,,,,,,,,,,,,,,,,,,,,,,,,,,,,,,,,,,,,,,,,,,,,,,,,,,
Data,12,record,timestamp,"944859101",s,position_lat,"389932126",semicircles,position_long,"-1397609789",semicircles,distance,"13073.83",m,altitude,"16.399999999999977",m,speed,"2.473",m/s,unknown,"0",,unknown,"100",,heart_rate,"83",bpm,cadence,"0",rpm,fractional_cadence,"0.0",rpm,enhanced_altitude,"16.399999999999977",m,enhanced_speed,"2.473",m/s,,,,,,,,,,,,,,,,,,,,,,,,,,,,,,,,,,,,,,,,,,,,,,,,,,,,,,,,,,,,,,,,,,,,,,,,,,,,,,,,,,,,,,,,,,,,,,,,,,,,,,,,,,,,,,,,,,,,,,,,,,,,,,,,,,,,,,,,,,,,,,,,,,,,,,,,,,,,,,,,,,,
Data,12,record,timestamp,"944859105",s,position_lat,"389932092",semicircles,position_long,"-1397608135",semicircles,distance,"13086.86",m,altitude,"16.399999999999977",m,speed,"3.116",m/s,unknown,"0",,unknown,"100",,heart_rate,"86",bpm,cadence,"0",rpm,fractional_cadence,"0.0",rpm,enhanced_altitude,"16.399999999999977",m,enhanced_speed,"3.116",m/s,,,,,,,,,,,,,,,,,,,,,,,,,,,,,,,,,,,,,,,,,,,,,,,,,,,,,,,,,,,,,,,,,,,,,,,,,,,,,,,,,,,,,,,,,,,,,,,,,,,,,,,,,,,,,,,,,,,,,,,,,,,,,,,,,,,,,,,,,,,,,,,,,,,,,,,,,,,,,,,,,,,
Data,12,record,timestamp,"944859106",s,position_lat,"389932032",semicircles,position_long,"-1397607730",semicircles,distance,"13090.08",m,altitude,"16.399999999999977",m,speed,"3.126",m/s,unknown,"0",,unknown,"100",,heart_rate,"84",bpm,cadence,"0",rpm,fractional_cadence,"0.0",rpm,enhanced_altitude,"16.399999999999977",m,enhanced_speed,"3.126",m/s,,,,,,,,,,,,,,,,,,,,,,,,,,,,,,,,,,,,,,,,,,,,,,,,,,,,,,,,,,,,,,,,,,,,,,,,,,,,,,,,,,,,,,,,,,,,,,,,,,,,,,,,,,,,,,,,,,,,,,,,,,,,,,,,,,,,,,,,,,,,,,,,,,,,,,,,,,,,,,,,,,,
Data,12,record,timestamp,"944859108",s,position_lat,"389931949",semicircles,position_long,"-1397607062",semicircles,distance,"13095.39",m,altitude,"16.399999999999977",m,speed,"2.79",m/s,unknown,"0",,unknown,"100",,heart_rate,"84",bpm,cadence,"0",rpm,fractional_cadence,"0.0",rpm,enhanced_altitude,"16.399999999999977",m,enhanced_speed,"2.79",m/s,,,,,,,,,,,,,,,,,,,,,,,,,,,,,,,,,,,,,,,,,,,,,,,,,,,,,,,,,,,,,,,,,,,,,,,,,,,,,,,,,,,,,,,,,,,,,,,,,,,,,,,,,,,,,,,,,,,,,,,,,,,,,,,,,,,,,,,,,,,,,,,,,,,,,,,,,,,,,,,,,,,
Data,12,record,timestamp,"944859111",s,position_lat,"389931807",semicircles,position_long,"-1397605906",semicircles,distance,"13104.58",m,altitude,"16.399999999999977",m,speed,"3.014",m/s,unknown,"0",,unknown,"100",,heart_rate,"87",bpm,cadence,"0",rpm,fractional_cadence,"0.0",rpm,enhanced_altitude,"16.399999999999977",m,enhanced_speed,"3.014",m/s,,,,,,,,,,,,,,,,,,,,,,,,,,,,,,,,,,,,,,,,,,,,,,,,,,,,,,,,,,,,,,,,,,,,,,,,,,,,,,,,,,,,,,,,,,,,,,,,,,,,,,,,,,,,,,,,,,,,,,,,,,,,,,,,,,,,,,,,,,,,,,,,,,,,,,,,,,,,,,,,,,,
Data,12,record,timestamp,"944859118",s,position_lat,"389931561",semicircles,position_long,"-1397603175",semicircles,distance,"13126.19",m,altitude,"16.399999999999977",m,speed,"2.93",m/s,unknown,"0",,unknown,"100",,heart_rate,"88",bpm,cadence,"0",rpm,fractional_cadence,"0.0",rpm,enhanced_altitude,"16.399999999999977",m,enhanced_speed,"2.93",m/s,,,,,,,,,,,,,,,,,,,,,,,,,,,,,,,,,,,,,,,,,,,,,,,,,,,,,,,,,,,,,,,,,,,,,,,,,,,,,,,,,,,,,,,,,,,,,,,,,,,,,,,,,,,,,,,,,,,,,,,,,,,,,,,,,,,,,,,,,,,,,,,,,,,,,,,,,,,,,,,,,,,
Data,12,record,timestamp,"944859129",s,position_lat,"389931287",semicircles,position_long,"-1397599593",semicircles,distance,"13154.42",m,altitude,"16.799999999999955",m,speed,"2.435",m/s,unknown,"0",,unknown,"100",,heart_rate,"87",bpm,cadence,"0",rpm,fractional_cadence,"0.0",rpm,enhanced_altitude,"16.799999999999955",m,enhanced_speed,"2.435",m/s,,,,,,,,,,,,,,,,,,,,,,,,,,,,,,,,,,,,,,,,,,,,,,,,,,,,,,,,,,,,,,,,,,,,,,,,,,,,,,,,,,,,,,,,,,,,,,,,,,,,,,,,,,,,,,,,,,,,,,,,,,,,,,,,,,,,,,,,,,,,,,,,,,,,,,,,,,,,,,,,,,,
Data,12,record,timestamp,"944859131",s,position_lat,"389931289",semicircles,position_long,"-1397599106",semicircles,distance,"13158.23",m,altitude,"16.799999999999955",m,speed,"2.137",m/s,unknown,"0",,unknown,"100",,heart_rate,"90",bpm,cadence,"0",rpm,fractional_cadence,"0.0",rpm,enhanced_altitude,"16.799999999999955",m,enhanced_speed,"2.137",m/s,,,,,,,,,,,,,,,,,,,,,,,,,,,,,,,,,,,,,,,,,,,,,,,,,,,,,,,,,,,,,,,,,,,,,,,,,,,,,,,,,,,,,,,,,,,,,,,,,,,,,,,,,,,,,,,,,,,,,,,,,,,,,,,,,,,,,,,,,,,,,,,,,,,,,,,,,,,,,,,,,,,
Data,12,record,timestamp,"944859136",s,position_lat,"389931065",semicircles,position_long,"-1397598067",semicircles,distance,"13166.68",m,altitude,"16.799999999999955",m,speed,"2.09",m/s,unknown,"0",,unknown,"100",,heart_rate,"87",bpm,cadence,"0",rpm,fractional_cadence,"0.0",rpm,enhanced_altitude,"16.799999999999955",m,enhanced_speed,"2.09",m/s,,,,,,,,,,,,,,,,,,,,,,,,,,,,,,,,,,,,,,,,,,,,,,,,,,,,,,,,,,,,,,,,,,,,,,,,,,,,,,,,,,,,,,,,,,,,,,,,,,,,,,,,,,,,,,,,,,,,,,,,,,,,,,,,,,,,,,,,,,,,,,,,,,,,,,,,,,,,,,,,,,,
Data,12,record,timestamp,"944859141",s,position_lat,"389930786",semicircles,position_long,"-1397596752",semicircles,distance,"13177.35",m,altitude,"16.799999999999955",m,speed,"2.109",m/s,unknown,"0",,unknown,"100",,heart_rate,"84",bpm,cadence,"0",rpm,fractional_cadence,"0.0",rpm,enhanced_altitude,"16.799999999999955",m,enhanced_speed,"2.109",m/s,,,,,,,,,,,,,,,,,,,,,,,,,,,,,,,,,,,,,,,,,,,,,,,,,,,,,,,,,,,,,,,,,,,,,,,,,,,,,,,,,,,,,,,,,,,,,,,,,,,,,,,,,,,,,,,,,,,,,,,,,,,,,,,,,,,,,,,,,,,,,,,,,,,,,,,,,,,,,,,,,,,
Data,12,record,timestamp,"944859143",s,position_lat,"389930672",semicircles,position_long,"-1397596252",semicircles,distance,"13181.44",m,altitude,"17.0",m,speed,"2.137",m/s,unknown,"0",,unknown,"100",,heart_rate,"87",bpm,cadence,"0",rpm,fractional_cadence,"0.0",rpm,enhanced_altitude,"17.0",m,enhanced_speed,"2.137",m/s,,,,,,,,,,,,,,,,,,,,,,,,,,,,,,,,,,,,,,,,,,,,,,,,,,,,,,,,,,,,,,,,,,,,,,,,,,,,,,,,,,,,,,,,,,,,,,,,,,,,,,,,,,,,,,,,,,,,,,,,,,,,,,,,,,,,,,,,,,,,,,,,,,,,,,,,,,,,,,,,,,,
Data,12,record,timestamp,"944859148",s,position_lat,"389930449",semicircles,position_long,"-1397595002",semicircles,distance,"13191.47",m,altitude,"17.0",m,speed,"2.025",m/s,unknown,"0",,unknown,"100",,heart_rate,"89",bpm,cadence,"0",rpm,fractional_cadence,"0.0",rpm,enhanced_altitude,"17.0",m,enhanced_speed,"2.025",m/s,,,,,,,,,,,,,,,,,,,,,,,,,,,,,,,,,,,,,,,,,,,,,,,,,,,,,,,,,,,,,,,,,,,,,,,,,,,,,,,,,,,,,,,,,,,,,,,,,,,,,,,,,,,,,,,,,,,,,,,,,,,,,,,,,,,,,,,,,,,,,,,,,,,,,,,,,,,,,,,,,,,
Data,12,record,timestamp,"944859151",s,position_lat,"389930216",semicircles,position_long,"-1397594320",semicircles,distance,"13197.26",m,altitude,"17.0",m,speed,"1.913",m/s,unknown,"0",,unknown,"100",,heart_rate,"85",bpm,cadence,"0",rpm,fractional_cadence,"0.0",rpm,enhanced_altitude,"17.0",m,enhanced_speed,"1.913",m/s,,,,,,,,,,,,,,,,,,,,,,,,,,,,,,,,,,,,,,,,,,,,,,,,,,,,,,,,,,,,,,,,,,,,,,,,,,,,,,,,,,,,,,,,,,,,,,,,,,,,,,,,,,,,,,,,,,,,,,,,,,,,,,,,,,,,,,,,,,,,,,,,,,,,,,,,,,,,,,,,,,,
Data,12,record,timestamp,"944859152",s,position_lat,"389930201",semicircles,position_long,"-1397594068",semicircles,distance,"13199.21",m,altitude,"17.0",m,speed,"1.931",m/s,unknown,"0",,unknown,"100",,heart_rate,"88",bpm,cadence,"0",rpm,fractional_cadence,"0.0",rpm,enhanced_altitude,"17.0",m,enhanced_speed,"1.931",m/s,,,,,,,,,,,,,,,,,,,,,,,,,,,,,,,,,,,,,,,,,,,,,,,,,,,,,,,,,,,,,,,,,,,,,,,,,,,,,,,,,,,,,,,,,,,,,,,,,,,,,,,,,,,,,,,,,,,,,,,,,,,,,,,,,,,,,,,,,,,,,,,,,,,,,,,,,,,,,,,,,,,
Data,12,record,timestamp,"944859158",s,position_lat,"389929648",semicircles,position_long,"-1397592620",semicircles,distance,"13211.72",m,altitude,"17.0",m,speed,"1.997",m/s,unknown,"0",,unknown,"100",,heart_rate,"89",bpm,cadence,"40",rpm,fractional_cadence,"0.0",rpm,enhanced_altitude,"17.0",m,enhanced_speed,"1.997",m/s,,,,,,,,,,,,,,,,,,,,,,,,,,,,,,,,,,,,,,,,,,,,,,,,,,,,,,,,,,,,,,,,,,,,,,,,,,,,,,,,,,,,,,,,,,,,,,,,,,,,,,,,,,,,,,,,,,,,,,,,,,,,,,,,,,,,,,,,,,,,,,,,,,,,,,,,,,,,,,,,,,,
Data,12,record,timestamp,"944859164",s,position_lat,"389929290",semicircles,position_long,"-1397591237",semicircles,distance,"13223.09",m,altitude,"17.200000000000045",m,speed,"2.09",m/s,unknown,"0",,unknown,"100",,heart_rate,"86",bpm,cadence,"40",rpm,fractional_cadence,"0.0",rpm,enhanced_altitude,"17.200000000000045",m,enhanced_speed,"2.09",m/s,,,,,,,,,,,,,,,,,,,,,,,,,,,,,,,,,,,,,,,,,,,,,,,,,,,,,,,,,,,,,,,,,,,,,,,,,,,,,,,,,,,,,,,,,,,,,,,,,,,,,,,,,,,,,,,,,,,,,,,,,,,,,,,,,,,,,,,,,,,,,,,,,,,,,,,,,,,,,,,,,,,
Data,12,record,timestamp,"944859167",s,position_lat,"389929049",semicircles,position_long,"-1397590590",semicircles,distance,"13228.66",m,altitude,"17.200000000000045",m,speed,"1.959",m/s,unknown,"0",,unknown,"100",,heart_rate,"89",bpm,cadence,"0",rpm,fractional_cadence,"0.0",rpm,enhanced_altitude,"17.200000000000045",m,enhanced_speed,"1.959",m/s,,,,,,,,,,,,,,,,,,,,,,,,,,,,,,,,,,,,,,,,,,,,,,,,,,,,,,,,,,,,,,,,,,,,,,,,,,,,,,,,,,,,,,,,,,,,,,,,,,,,,,,,,,,,,,,,,,,,,,,,,,,,,,,,,,,,,,,,,,,,,,,,,,,,,,,,,,,,,,,,,,,
Data,12,record,timestamp,"944859168",s,position_lat,"389928973",semicircles,position_long,"-1397590386",semicircles,distance,"13230.41",m,altitude,"17.200000000000045",m,speed,"1.903",m/s,unknown,"0",,unknown,"100",,heart_rate,"89",bpm,cadence,"0",rpm,fractional_cadence,"0.0",rpm,enhanced_altitude,"17.200000000000045",m,enhanced_speed,"1.903",m/s,,,,,,,,,,,,,,,,,,,,,,,,,,,,,,,,,,,,,,,,,,,,,,,,,,,,,,,,,,,,,,,,,,,,,,,,,,,,,,,,,,,,,,,,,,,,,,,,,,,,,,,,,,,,,,,,,,,,,,,,,,,,,,,,,,,,,,,,,,,,,,,,,,,,,,,,,,,,,,,,,,,
Data,12,record,timestamp,"944859179",s,position_lat,"389927633",semicircles,position_long,"-1397588391",semicircles,distance,"13250.45",m,altitude,"17.0",m,speed,"1.689",m/s,unknown,"0",,unknown,"100",,heart_rate,"87",bpm,cadence,"0",rpm,fractional_cadence,"0.0",rpm,enhanced_altitude,"17.0",m,enhanced_speed,"1.689",m/s,,,,,,,,,,,,,,,,,,,,,,,,,,,,,,,,,,,,,,,,,,,,,,,,,,,,,,,,,,,,,,,,,,,,,,,,,,,,,,,,,,,,,,,,,,,,,,,,,,,,,,,,,,,,,,,,,,,,,,,,,,,,,,,,,,,,,,,,,,,,,,,,,,,,,,,,,,,,,,,,,,,
Data,12,record,timestamp,"944859183",s,position_lat,"389927350",semicircles,position_long,"-1397587715",semicircles,distance,"13256.38",m,altitude,"16.799999999999955",m,speed,"1.474",m/s,unknown,"0",,unknown,"100",,heart_rate,"90",bpm,cadence,"0",rpm,fractional_cadence,"0.0",rpm,enhanced_altitude,"16.799999999999955",m,enhanced_speed,"1.474",m/s,,,,,,,,,,,,,,,,,,,,,,,,,,,,,,,,,,,,,,,,,,,,,,,,,,,,,,,,,,,,,,,,,,,,,,,,,,,,,,,,,,,,,,,,,,,,,,,,,,,,,,,,,,,,,,,,,,,,,,,,,,,,,,,,,,,,,,,,,,,,,,,,,,,,,,,,,,,,,,,,,,,
Data,12,record,timestamp,"944859187",s,position_lat,"389927198",semicircles,position_long,"-1397587238",semicircles,distance,"13260.39",m,altitude,"16.799999999999955",m,speed,"0.98",m/s,unknown,"0",,unknown,"100",,heart_rate,"90",bpm,cadence,"54",rpm,fractional_cadence,"0.5",rpm,enhanced_altitude,"16.799999999999955",m,enhanced_speed,"0.98",m/s,,,,,,,,,,,,,,,,,,,,,,,,,,,,,,,,,,,,,,,,,,,,,,,,,,,,,,,,,,,,,,,,,,,,,,,,,,,,,,,,,,,,,,,,,,,,,,,,,,,,,,,,,,,,,,,,,,,,,,,,,,,,,,,,,,,,,,,,,,,,,,,,,,,,,,,,,,,,,,,,,,,
Data,12,record,timestamp,"944859195",s,position_lat,"389926830",semicircles,position_long,"-1397585901",semicircles,distance,"13271.46",m,altitude,"16.600000000000023",m,speed,"1.586",m/s,unknown,"0",,unknown,"100",,heart_rate,"87",bpm,cadence,"0",rpm,fractional_cadence,"0.0",rpm,enhanced_altitude,"16.600000000000023",m,enhanced_speed,"1.586",m/s,,,,,,,,,,,,,,,,,,,,,,,,,,,,,,,,,,,,,,,,,,,,,,,,,,,,,,,,,,,,,,,,,,,,,,,,,,,,,,,,,,,,,,,,,,,,,,,,,,,,,,,,,,,,,,,,,,,,,,,,,,,,,,,,,,,,,,,,,,,,,,,,,,,,,,,,,,,,,,,,,,,
Data,12,record,timestamp,"944859197",s,position_lat,"389926937",semicircles,position_long,"-1397585441",semicircles,distance,"13274.96",m,altitude,"16.600000000000023",m,speed,"1.773",m/s,unknown,"0",,unknown,"100",,heart_rate,"90",bpm,cadence,"0",rpm,fractional_cadence,"0.0",rpm,enhanced_altitude,"16.600000000000023",m,enhanced_speed,"1.773",m/s,,,,,,,,,,,,,,,,,,,,,,,,,,,,,,,,,,,,,,,,,,,,,,,,,,,,,,,,,,,,,,,,,,,,,,,,,,,,,,,,,,,,,,,,,,,,,,,,,,,,,,,,,,,,,,,,,,,,,,,,,,,,,,,,,,,,,,,,,,,,,,,,,,,,,,,,,,,,,,,,,,,
Data,12,record,timestamp,"944859205",s,position_lat,"389928021",semicircles,position_long,"-1397584154",semicircles,distance,"13290.05",m,altitude,"16.399999999999977",m,speed,"1.474",m/s,unknown,"0",,unknown,"100",,heart_rate,"87",bpm,cadence,"0",rpm,fractional_cadence,"0.0",rpm,enhanced_altitude,"16.399999999999977",m,enhanced_speed,"1.474",m/s,,,,,,,,,,,,,,,,,,,,,,,,,,,,,,,,,,,,,,,,,,,,,,,,,,,,,,,,,,,,,,,,,,,,,,,,,,,,,,,,,,,,,,,,,,,,,,,,,,,,,,,,,,,,,,,,,,,,,,,,,,,,,,,,,,,,,,,,,,,,,,,,,,,,,,,,,,,,,,,,,,,
Data,12,record,timestamp,"944859213",s,position_lat,"389929753",semicircles,position_long,"-1397584158",semicircles,distance,"13306.02",m,altitude,"16.200000000000045",m,speed,"1.997",m/s,unknown,"0",,unknown,"100",,heart_rate,"88",bpm,cadence,"0",rpm,fractional_cadence,"0.0",rpm,enhanced_altitude,"16.200000000000045",m,enhanced_speed,"1.997",m/s,,,,,,,,,,,,,,,,,,,,,,,,,,,,,,,,,,,,,,,,,,,,,,,,,,,,,,,,,,,,,,,,,,,,,,,,,,,,,,,,,,,,,,,,,,,,,,,,,,,,,,,,,,,,,,,,,,,,,,,,,,,,,,,,,,,,,,,,,,,,,,,,,,,,,,,,,,,,,,,,,,,
Data,12,record,timestamp,"944859219",s,position_lat,"389931423",semicircles,position_long,"-1397584080",semicircles,distance,"13321.54",m,altitude,"16.200000000000045",m,speed,"2.575",m/s,unknown,"0",,unknown,"100",,heart_rate,"85",bpm,cadence,"0",rpm,fractional_cadence,"0.0",rpm,enhanced_altitude,"16.200000000000045",m,enhanced_speed,"2.575",m/s,,,,,,,,,,,,,,,,,,,,,,,,,,,,,,,,,,,,,,,,,,,,,,,,,,,,,,,,,,,,,,,,,,,,,,,,,,,,,,,,,,,,,,,,,,,,,,,,,,,,,,,,,,,,,,,,,,,,,,,,,,,,,,,,,,,,,,,,,,,,,,,,,,,,,,,,,,,,,,,,,,,
Data,12,record,timestamp,"944859221",s,position_lat,"389932042",semicircles,position_long,"-1397584095",semicircles,distance,"13327.29",m,altitude,"16.0",m,speed,"2.659",m/s,unknown,"0",,unknown,"100",,heart_rate,"82",bpm,cadence,"0",rpm,fractional_cadence,"0.0",rpm,enhanced_altitude,"16.0",m,enhanced_speed,"2.659",m/s,,,,,,,,,,,,,,,,,,,,,,,,,,,,,,,,,,,,,,,,,,,,,,,,,,,,,,,,,,,,,,,,,,,,,,,,,,,,,,,,,,,,,,,,,,,,,,,,,,,,,,,,,,,,,,,,,,,,,,,,,,,,,,,,,,,,,,,,,,,,,,,,,,,,,,,,,,,,,,,,,,,
Data,12,record,timestamp,"944859222",s,position_lat,"389932358",semicircles,position_long,"-1397584115",semicircles,distance,"13330.22",m,altitude,"16.0",m,speed,"2.697",m/s,unknown,"0",,unknown,"100",,heart_rate,"85",bpm,cadence,"0",rpm,fractional_cadence,"0.0",rpm,enhanced_altitude,"16.0",m,enhanced_speed,"2.697",m/s,,,,,,,,,,,,,,,,,,,,,,,,,,,,,,,,,,,,,,,,,,,,,,,,,,,,,,,,,,,,,,,,,,,,,,,,,,,,,,,,,,,,,,,,,,,,,,,,,,,,,,,,,,,,,,,,,,,,,,,,,,,,,,,,,,,,,,,,,,,,,,,,,,,,,,,,,,,,,,,,,,,
Data,12,record,timestamp,"944859223",s,position_lat,"389932682",semicircles,position_long,"-1397584131",semicircles,distance,"13333.22",m,altitude,"16.0",m,speed,"2.753",m/s,unknown,"0",,unknown,"100",,heart_rate,"84",bpm,cadence,"0",rpm,fractional_cadence,"0.0",rpm,enhanced_altitude,"16.0",m,enhanced_speed,"2.753",m/s,,,,,,,,,,,,,,,,,,,,,,,,,,,,,,,,,,,,,,,,,,,,,,,,,,,,,,,,,,,,,,,,,,,,,,,,,,,,,,,,,,,,,,,,,,,,,,,,,,,,,,,,,,,,,,,,,,,,,,,,,,,,,,,,,,,,,,,,,,,,,,,,,,,,,,,,,,,,,,,,,,,
Data,12,record,timestamp,"944859231",s,position_lat,"389935351",semicircles,position_long,"-1397584397",semicircles,distance,"13358.09",m,altitude,"16.0",m,speed,"3.107",m/s,unknown,"0",,unknown,"100",,heart_rate,"81",bpm,cadence,"0",rpm,fractional_cadence,"0.0",rpm,enhanced_altitude,"16.0",m,enhanced_speed,"3.107",m/s,,,,,,,,,,,,,,,,,,,,,,,,,,,,,,,,,,,,,,,,,,,,,,,,,,,,,,,,,,,,,,,,,,,,,,,,,,,,,,,,,,,,,,,,,,,,,,,,,,,,,,,,,,,,,,,,,,,,,,,,,,,,,,,,,,,,,,,,,,,,,,,,,,,,,,,,,,,,,,,,,,,
Data,12,record,timestamp,"944859235",s,position_lat,"389936709",semicircles,position_long,"-1397584519",semicircles,distance,"13370.74",m,altitude,"16.0",m,speed,"3.098",m/s,unknown,"0",,unknown,"100",,heart_rate,"79",bpm,cadence,"0",rpm,fractional_cadence,"0.0",rpm,enhanced_altitude,"16.0",m,enhanced_speed,"3.098",m/s,,,,,,,,,,,,,,,,,,,,,,,,,,,,,,,,,,,,,,,,,,,,,,,,,,,,,,,,,,,,,,,,,,,,,,,,,,,,,,,,,,,,,,,,,,,,,,,,,,,,,,,,,,,,,,,,,,,,,,,,,,,,,,,,,,,,,,,,,,,,,,,,,,,,,,,,,,,,,,,,,,,
Data,12,record,timestamp,"944859242",s,position_lat,"389939324",semicircles,position_long,"-1397584987",semicircles,distance,"13395.31",m,altitude,"16.0",m,speed,"3.396",m/s,unknown,"0",,unknown,"100",,heart_rate,"83",bpm,cadence,"0",rpm,fractional_cadence,"0.0",rpm,enhanced_altitude,"16.0",m,enhanced_speed,"3.396",m/s,,,,,,,,,,,,,,,,,,,,,,,,,,,,,,,,,,,,,,,,,,,,,,,,,,,,,,,,,,,,,,,,,,,,,,,,,,,,,,,,,,,,,,,,,,,,,,,,,,,,,,,,,,,,,,,,,,,,,,,,,,,,,,,,,,,,,,,,,,,,,,,,,,,,,,,,,,,,,,,,,,,
Data,12,record,timestamp,"944859247",s,position_lat,"389941192",semicircles,position_long,"-1397585259",semicircles,distance,"13412.81",m,altitude,"15.799999999999955",m,speed,"3.415",m/s,unknown,"0",,unknown,"100",,heart_rate,"85",bpm,cadence,"0",rpm,fractional_cadence,"0.0",rpm,enhanced_altitude,"15.799999999999955",m,enhanced_speed,"3.415",m/s,,,,,,,,,,,,,,,,,,,,,,,,,,,,,,,,,,,,,,,,,,,,,,,,,,,,,,,,,,,,,,,,,,,,,,,,,,,,,,,,,,,,,,,,,,,,,,,,,,,,,,,,,,,,,,,,,,,,,,,,,,,,,,,,,,,,,,,,,,,,,,,,,,,,,,,,,,,,,,,,,,,
Data,12,record,timestamp,"944859256",s,position_lat,"389944437",semicircles,position_long,"-1397585709",semicircles,distance,"13443.18",m,altitude,"16.0",m,speed,"3.34",m/s,unknown,"0",,unknown,"100",,heart_rate,"82",bpm,cadence,"0",rpm,fractional_cadence,"0.0",rpm,enhanced_altitude,"16.0",m,enhanced_speed,"3.34",m/s,,,,,,,,,,,,,,,,,,,,,,,,,,,,,,,,,,,,,,,,,,,,,,,,,,,,,,,,,,,,,,,,,,,,,,,,,,,,,,,,,,,,,,,,,,,,,,,,,,,,,,,,,,,,,,,,,,,,,,,,,,,,,,,,,,,,,,,,,,,,,,,,,,,,,,,,,,,,,,,,,,,
Data,12,record,timestamp,"944859260",s,position_lat,"389945924",semicircles,position_long,"-1397585783",semicircles,distance,"13457.02",m,altitude,"16.200000000000045",m,speed,"3.518",m/s,unknown,"0",,unknown,"100",,heart_rate,"79",bpm,cadence,"0",rpm,fractional_cadence,"0.0",rpm,enhanced_altitude,"16.200000000000045",m,enhanced_speed,"3.518",m/s,,,,,,,,,,,,,,,,,,,,,,,,,,,,,,,,,,,,,,,,,,,,,,,,,,,,,,,,,,,,,,,,,,,,,,,,,,,,,,,,,,,,,,,,,,,,,,,,,,,,,,,,,,,,,,,,,,,,,,,,,,,,,,,,,,,,,,,,,,,,,,,,,,,,,,,,,,,,,,,,,,,
Data,12,record,timestamp,"944859262",s,position_lat,"389946631",semicircles,position_long,"-1397585840",semicircles,distance,"13463.6",m,altitude,"16.399999999999977",m,speed,"3.424",m/s,unknown,"0",,unknown,"100",,heart_rate,"80",bpm,cadence,"0",rpm,fractional_cadence,"0.0",rpm,enhanced_altitude,"16.399999999999977",m,enhanced_speed,"3.424",m/s,,,,,,,,,,,,,,,,,,,,,,,,,,,,,,,,,,,,,,,,,,,,,,,,,,,,,,,,,,,,,,,,,,,,,,,,,,,,,,,,,,,,,,,,,,,,,,,,,,,,,,,,,,,,,,,,,,,,,,,,,,,,,,,,,,,,,,,,,,,,,,,,,,,,,,,,,,,,,,,,,,,
Data,12,record,timestamp,"944859267",s,position_lat,"389948456",semicircles,position_long,"-1397586032",semicircles,distance,"13480.64",m,altitude,"16.799999999999955",m,speed,"3.387",m/s,unknown,"0",,unknown,"100",,heart_rate,"83",bpm,cadence,"0",rpm,fractional_cadence,"0.0",rpm,enhanced_altitude,"16.799999999999955",m,enhanced_speed,"3.387",m/s,,,,,,,,,,,,,,,,,,,,,,,,,,,,,,,,,,,,,,,,,,,,,,,,,,,,,,,,,,,,,,,,,,,,,,,,,,,,,,,,,,,,,,,,,,,,,,,,,,,,,,,,,,,,,,,,,,,,,,,,,,,,,,,,,,,,,,,,,,,,,,,,,,,,,,,,,,,,,,,,,,,
Data,12,record,timestamp,"944859272",s,position_lat,"389950211",semicircles,position_long,"-1397586551",semicircles,distance,"13497.47",m,altitude,"17.200000000000045",m,speed,"3.294",m/s,unknown,"0",,unknown,"100",,heart_rate,"80",bpm,cadence,"0",rpm,fractional_cadence,"0.0",rpm,enhanced_altitude,"17.200000000000045",m,enhanced_speed,"3.294",m/s,,,,,,,,,,,,,,,,,,,,,,,,,,,,,,,,,,,,,,,,,,,,,,,,,,,,,,,,,,,,,,,,,,,,,,,,,,,,,,,,,,,,,,,,,,,,,,,,,,,,,,,,,,,,,,,,,,,,,,,,,,,,,,,,,,,,,,,,,,,,,,,,,,,,,,,,,,,,,,,,,,,
Data,12,record,timestamp,"944859274",s,position_lat,"389950863",semicircles,position_long,"-1397586758",semicircles,distance,"13503.74",m,altitude,"17.399999999999977",m,speed,"3.172",m/s,unknown,"0",,unknown,"100",,heart_rate,"85",bpm,cadence,"0",rpm,fractional_cadence,"0.0",rpm,enhanced_altitude,"17.399999999999977",m,enhanced_speed,"3.172",m/s,,,,,,,,,,,,,,,,,,,,,,,,,,,,,,,,,,,,,,,,,,,,,,,,,,,,,,,,,,,,,,,,,,,,,,,,,,,,,,,,,,,,,,,,,,,,,,,,,,,,,,,,,,,,,,,,,,,,,,,,,,,,,,,,,,,,,,,,,,,,,,,,,,,,,,,,,,,,,,,,,,,
Data,12,record,timestamp,"944859275",s,position_lat,"389951198",semicircles,position_long,"-1397586858",semicircles,distance,"13506.96",m,altitude,"17.600000000000023",m,speed,"3.2",m/s,unknown,"0",,unknown,"100",,heart_rate,"92",bpm,cadence,"0",rpm,fractional_cadence,"0.0",rpm,enhanced_altitude,"17.600000000000023",m,enhanced_speed,"3.2",m/s,,,,,,,,,,,,,,,,,,,,,,,,,,,,,,,,,,,,,,,,,,,,,,,,,,,,,,,,,,,,,,,,,,,,,,,,,,,,,,,,,,,,,,,,,,,,,,,,,,,,,,,,,,,,,,,,,,,,,,,,,,,,,,,,,,,,,,,,,,,,,,,,,,,,,,,,,,,,,,,,,,,
Data,12,record,timestamp,"944859276",s,position_lat,"389951580",semicircles,position_long,"-1397586966",semicircles,distance,"13510.61",m,altitude,"17.399999999999977",m,speed,"3.35",m/s,unknown,"0",,unknown,"100",,heart_rate,"95",bpm,cadence,"0",rpm,fractional_cadence,"0.0",rpm,enhanced_altitude,"17.399999999999977",m,enhanced_speed,"3.35",m/s,,,,,,,,,,,,,,,,,,,,,,,,,,,,,,,,,,,,,,,,,,,,,,,,,,,,,,,,,,,,,,,,,,,,,,,,,,,,,,,,,,,,,,,,,,,,,,,,,,,,,,,,,,,,,,,,,,,,,,,,,,,,,,,,,,,,,,,,,,,,,,,,,,,,,,,,,,,,,,,,,,,
Data,12,record,timestamp,"944859277",s,position_lat,"389951981",semicircles,position_long,"-1397587067",semicircles,distance,"13514.42",m,altitude,"17.200000000000045",m,speed,"3.434",m/s,unknown,"0",,unknown,"100",,heart_rate,"98",bpm,cadence,"0",rpm,fractional_cadence,"0.0",rpm,enhanced_altitude,"17.200000000000045",m,enhanced_speed,"3.434",m/s,,,,,,,,,,,,,,,,,,,,,,,,,,,,,,,,,,,,,,,,,,,,,,,,,,,,,,,,,,,,,,,,,,,,,,,,,,,,,,,,,,,,,,,,,,,,,,,,,,,,,,,,,,,,,,,,,,,,,,,,,,,,,,,,,,,,,,,,,,,,,,,,,,,,,,,,,,,,,,,,,,,
Data,12,record,timestamp,"944859278",s,position_lat,"389952345",semicircles,position_long,"-1397587132",semicircles,distance,"13517.84",m,altitude,"17.200000000000045",m,speed,"3.424",m/s,unknown,"0",,unknown,"100",,heart_rate,"101",bpm,cadence,"0",rpm,fractional_cadence,"0.0",rpm,enhanced_altitude,"17.200000000000045",m,enhanced_speed,"3.424",m/s,,,,,,,,,,,,,,,,,,,,,,,,,,,,,,,,,,,,,,,,,,,,,,,,,,,,,,,,,,,,,,,,,,,,,,,,,,,,,,,,,,,,,,,,,,,,,,,,,,,,,,,,,,,,,,,,,,,,,,,,,,,,,,,,,,,,,,,,,,,,,,,,,,,,,,,,,,,,,,,,,,,
Data,12,record,timestamp,"944859280",s,position_lat,"389953064",semicircles,position_long,"-1397587267",semicircles,distance,"13524.61",m,altitude,"17.200000000000045",m,speed,"3.303",m/s,unknown,"0",,unknown,"100",,heart_rate,"106",bpm,cadence,"0",rpm,fractional_cadence,"0.0",rpm,enhanced_altitude,"17.200000000000045",m,enhanced_speed,"3.303",m/s,,,,,,,,,,,,,,,,,,,,,,,,,,,,,,,,,,,,,,,,,,,,,,,,,,,,,,,,,,,,,,,,,,,,,,,,,,,,,,,,,,,,,,,,,,,,,,,,,,,,,,,,,,,,,,,,,,,,,,,,,,,,,,,,,,,,,,,,,,,,,,,,,,,,,,,,,,,,,,,,,,,
Data,12,record,timestamp,"944859282",s,position_lat,"389953797",semicircles,position_long,"-1397587437",semicircles,distance,"13531.55",m,altitude,"17.200000000000045",m,speed,"3.312",m/s,unknown,"0",,unknown,"100",,heart_rate,"110",bpm,cadence,"0",rpm,fractional_cadence,"0.0",rpm,enhanced_altitude,"17.200000000000045",m,enhanced_speed,"3.312",m/s,,,,,,,,,,,,,,,,,,,,,,,,,,,,,,,,,,,,,,,,,,,,,,,,,,,,,,,,,,,,,,,,,,,,,,,,,,,,,,,,,,,,,,,,,,,,,,,,,,,,,,,,,,,,,,,,,,,,,,,,,,,,,,,,,,,,,,,,,,,,,,,,,,,,,,,,,,,,,,,,,,,
Data,12,record,timestamp,"944859285",s,position_lat,"389954832",semicircles,position_long,"-1397587670",semicircles,distance,"13541.34",m,altitude,"17.200000000000045",m,speed,"3.182",m/s,unknown,"0",,unknown,"300",,heart_rate,"113",bpm,cadence,"0",rpm,fractional_cadence,"0.0",rpm,enhanced_altitude,"17.200000000000045",m,enhanced_speed,"3.182",m/s,,,,,,,,,,,,,,,,,,,,,,,,,,,,,,,,,,,,,,,,,,,,,,,,,,,,,,,,,,,,,,,,,,,,,,,,,,,,,,,,,,,,,,,,,,,,,,,,,,,,,,,,,,,,,,,,,,,,,,,,,,,,,,,,,,,,,,,,,,,,,,,,,,,,,,,,,,,,,,,,,,,
Data,12,record,timestamp,"944859289",s,position_lat,"389956265",semicircles,position_long,"-1397587973",semicircles,distance,"13554.87",m,altitude,"17.799999999999955",m,speed,"3.294",m/s,unknown,"0",,unknown,"100",,heart_rate,"116",bpm,cadence,"0",rpm,fractional_cadence,"0.0",rpm,enhanced_altitude,"17.799999999999955",m,enhanced_speed,"3.294",m/s,,,,,,,,,,,,,,,,,,,,,,,,,,,,,,,,,,,,,,,,,,,,,,,,,,,,,,,,,,,,,,,,,,,,,,,,,,,,,,,,,,,,,,,,,,,,,,,,,,,,,,,,,,,,,,,,,,,,,,,,,,,,,,,,,,,,,,,,,,,,,,,,,,,,,,,,,,,,,,,,,,,
Data,12,record,timestamp,"944859292",s,position_lat,"389957380",semicircles,position_long,"-1397588212",semicircles,distance,"13565.41",m,altitude,"18.0",m,speed,"3.387",m/s,unknown,"0",,unknown,"100",,heart_rate,"120",bpm,cadence,"0",rpm,fractional_cadence,"0.0",rpm,enhanced_altitude,"18.0",m,enhanced_speed,"3.387",m/s,,,,,,,,,,,,,,,,,,,,,,,,,,,,,,,,,,,,,,,,,,,,,,,,,,,,,,,,,,,,,,,,,,,,,,,,,,,,,,,,,,,,,,,,,,,,,,,,,,,,,,,,,,,,,,,,,,,,,,,,,,,,,,,,,,,,,,,,,,,,,,,,,,,,,,,,,,,,,,,,,,,
Data,12,record,timestamp,"944859298",s,position_lat,"389959570",semicircles,position_long,"-1397588628",semicircles,distance,"13586.02",m,altitude,"18.200000000000045",m,speed,"3.378",m/s,unknown,"0",,unknown,"100",,heart_rate,"117",bpm,cadence,"0",rpm,fractional_cadence,"0.0",rpm,enhanced_altitude,"18.200000000000045",m,enhanced_speed,"3.378",m/s,,,,,,,,,,,,,,,,,,,,,,,,,,,,,,,,,,,,,,,,,,,,,,,,,,,,,,,,,,,,,,,,,,,,,,,,,,,,,,,,,,,,,,,,,,,,,,,,,,,,,,,,,,,,,,,,,,,,,,,,,,,,,,,,,,,,,,,,,,,,,,,,,,,,,,,,,,,,,,,,,,,
Data,12,record,timestamp,"944859300",s,position_lat,"389960287",semicircles,position_long,"-1397588679",semicircles,distance,"13592.68",m,altitude,"18.200000000000045",m,speed,"3.387",m/s,unknown,"0",,unknown,"100",,heart_rate,"117",bpm,cadence,"0",rpm,fractional_cadence,"0.0",rpm,enhanced_altitude,"18.200000000000045",m,enhanced_speed,"3.387",m/s,,,,,,,,,,,,,,,,,,,,,,,,,,,,,,,,,,,,,,,,,,,,,,,,,,,,,,,,,,,,,,,,,,,,,,,,,,,,,,,,,,,,,,,,,,,,,,,,,,,,,,,,,,,,,,,,,,,,,,,,,,,,,,,,,,,,,,,,,,,,,,,,,,,,,,,,,,,,,,,,,,,
Data,12,record,timestamp,"944859303",s,position_lat,"389961431",semicircles,position_long,"-1397588928",semicircles,distance,"13603.5",m,altitude,"18.399999999999977",m,speed,"3.35",m/s,unknown,"0",,unknown,"100",,heart_rate,"114",bpm,cadence,"0",rpm,fractional_cadence,"0.0",rpm,enhanced_altitude,"18.399999999999977",m,enhanced_speed,"3.35",m/s,,,,,,,,,,,,,,,,,,,,,,,,,,,,,,,,,,,,,,,,,,,,,,,,,,,,,,,,,,,,,,,,,,,,,,,,,,,,,,,,,,,,,,,,,,,,,,,,,,,,,,,,,,,,,,,,,,,,,,,,,,,,,,,,,,,,,,,,,,,,,,,,,,,,,,,,,,,,,,,,,,,
Data,12,record,timestamp,"944859305",s,position_lat,"389962208",semicircles,position_long,"-1397589073",semicircles,distance,"13610.81",m,altitude,"18.200000000000045",m,speed,"3.434",m/s,unknown,"0",,unknown,"100",,heart_rate,"111",bpm,cadence,"0",rpm,fractional_cadence,"0.0",rpm,enhanced_altitude,"18.200000000000045",m,enhanced_speed,"3.434",m/s,,,,,,,,,,,,,,,,,,,,,,,,,,,,,,,,,,,,,,,,,,,,,,,,,,,,,,,,,,,,,,,,,,,,,,,,,,,,,,,,,,,,,,,,,,,,,,,,,,,,,,,,,,,,,,,,,,,,,,,,,,,,,,,,,,,,,,,,,,,,,,,,,,,,,,,,,,,,,,,,,,,
Data,12,record,timestamp,"944859310",s,position_lat,"389963960",semicircles,position_long,"-1397589585",semicircles,distance,"13627.59",m,altitude,"18.200000000000045",m,speed,"3.303",m/s,unknown,"0",,unknown,"100",,heart_rate,"108",bpm,cadence,"0",rpm,fractional_cadence,"0.0",rpm,enhanced_altitude,"18.200000000000045",m,enhanced_speed,"3.303",m/s,,,,,,,,,,,,,,,,,,,,,,,,,,,,,,,,,,,,,,,,,,,,,,,,,,,,,,,,,,,,,,,,,,,,,,,,,,,,,,,,,,,,,,,,,,,,,,,,,,,,,,,,,,,,,,,,,,,,,,,,,,,,,,,,,,,,,,,,,,,,,,,,,,,,,,,,,,,,,,,,,,,
Data,12,record,timestamp,"944859311",s,position_lat,"389964296",semicircles,position_long,"-1397589697",semicircles,distance,"13630.83",m,altitude,"18.200000000000045",m,speed,"3.294",m/s,unknown,"0",,unknown,"100",,heart_rate,"109",bpm,cadence,"0",rpm,fractional_cadence,"0.0",rpm,enhanced_altitude,"18.200000000000045",m,enhanced_speed,"3.294",m/s,,,,,,,,,,,,,,,,,,,,,,,,,,,,,,,,,,,,,,,,,,,,,,,,,,,,,,,,,,,,,,,,,,,,,,,,,,,,,,,,,,,,,,,,,,,,,,,,,,,,,,,,,,,,,,,,,,,,,,,,,,,,,,,,,,,,,,,,,,,,,,,,,,,,,,,,,,,,,,,,,,,
Data,12,record,timestamp,"944859316",s,position_lat,"389965940",semicircles,position_long,"-1397590370",semicircles,distance,"13646.99",m,altitude,"18.0",m,speed,"3.2",m/s,unknown,"0",,unknown,"100",,heart_rate,"106",bpm,cadence,"0",rpm,fractional_cadence,"0.0",rpm,enhanced_altitude,"18.0",m,enhanced_speed,"3.2",m/s,,,,,,,,,,,,,,,,,,,,,,,,,,,,,,,,,,,,,,,,,,,,,,,,,,,,,,,,,,,,,,,,,,,,,,,,,,,,,,,,,,,,,,,,,,,,,,,,,,,,,,,,,,,,,,,,,,,,,,,,,,,,,,,,,,,,,,,,,,,,,,,,,,,,,,,,,,,,,,,,,,,
Data,12,record,timestamp,"944859323",s,position_lat,"389968046",semicircles,position_long,"-1397591146",semicircles,distance,"13667.49",m,altitude,"17.399999999999977",m,speed,"3.107",m/s,unknown,"0",,unknown,"100",,heart_rate,"105",bpm,cadence,"0",rpm,fractional_cadence,"0.0",rpm,enhanced_altitude,"17.399999999999977",m,enhanced_speed,"3.107",m/s,,,,,,,,,,,,,,,,,,,,,,,,,,,,,,,,,,,,,,,,,,,,,,,,,,,,,,,,,,,,,,,,,,,,,,,,,,,,,,,,,,,,,,,,,,,,,,,,,,,,,,,,,,,,,,,,,,,,,,,,,,,,,,,,,,,,,,,,,,,,,,,,,,,,,,,,,,,,,,,,,,,
Data,12,record,timestamp,"944859331",s,position_lat,"389970494",semicircles,position_long,"-1397591796",semicircles,distance,"13690.85",m,altitude,"17.399999999999977",m,speed,"3.088",m/s,unknown,"0",,unknown,"100",,heart_rate,"101",bpm,cadence,"0",rpm,fractional_cadence,"0.0",rpm,enhanced_altitude,"17.399999999999977",m,enhanced_speed,"3.088",m/s,,,,,,,,,,,,,,,,,,,,,,,,,,,,,,,,,,,,,,,,,,,,,,,,,,,,,,,,,,,,,,,,,,,,,,,,,,,,,,,,,,,,,,,,,,,,,,,,,,,,,,,,,,,,,,,,,,,,,,,,,,,,,,,,,,,,,,,,,,,,,,,,,,,,,,,,,,,,,,,,,,,
Data,12,record,timestamp,"944859333",s,position_lat,"389971094",semicircles,position_long,"-1397591987",semicircles,distance,"13696.62",m,altitude,"17.600000000000023",m,speed,"2.948",m/s,unknown,"0",,unknown,"100",,heart_rate,"106",bpm,cadence,"0",rpm,fractional_cadence,"0.0",rpm,enhanced_altitude,"17.600000000000023",m,enhanced_speed,"2.948",m/s,,,,,,,,,,,,,,,,,,,,,,,,,,,,,,,,,,,,,,,,,,,,,,,,,,,,,,,,,,,,,,,,,,,,,,,,,,,,,,,,,,,,,,,,,,,,,,,,,,,,,,,,,,,,,,,,,,,,,,,,,,,,,,,,,,,,,,,,,,,,,,,,,,,,,,,,,,,,,,,,,,,
Data,12,record,timestamp,"944859334",s,position_lat,"389971384",semicircles,position_long,"-1397592155",semicircles,distance,"13699.59",m,altitude,"17.799999999999955",m,speed,"2.874",m/s,unknown,"0",,unknown,"100",,heart_rate,"108",bpm,cadence,"0",rpm,fractional_cadence,"0.0",rpm,enhanced_altitude,"17.799999999999955",m,enhanced_speed,"2.874",m/s,,,,,,,,,,,,,,,,,,,,,,,,,,,,,,,,,,,,,,,,,,,,,,,,,,,,,,,,,,,,,,,,,,,,,,,,,,,,,,,,,,,,,,,,,,,,,,,,,,,,,,,,,,,,,,,,,,,,,,,,,,,,,,,,,,,,,,,,,,,,,,,,,,,,,,,,,,,,,,,,,,,
Data,12,record,timestamp,"944859339",s,position_lat,"389972732",semicircles,position_long,"-1397592715",semicircles,distance,"13712.86",m,altitude,"18.200000000000045",m,speed,"2.799",m/s,unknown,"0",,unknown,"100",,heart_rate,"104",bpm,cadence,"0",rpm,fractional_cadence,"0.0",rpm,enhanced_altitude,"18.200000000000045",m,enhanced_speed,"2.799",m/s,,,,,,,,,,,,,,,,,,,,,,,,,,,,,,,,,,,,,,,,,,,,,,,,,,,,,,,,,,,,,,,,,,,,,,,,,,,,,,,,,,,,,,,,,,,,,,,,,,,,,,,,,,,,,,,,,,,,,,,,,,,,,,,,,,,,,,,,,,,,,,,,,,,,,,,,,,,,,,,,,,,
Data,12,record,timestamp,"944859342",s,position_lat,"389973446",semicircles,position_long,"-1397592972",semicircles,distance,"13719.8",m,altitude,"18.200000000000045",m,speed,"2.594",m/s,unknown,"0",,unknown,"100",,heart_rate,"101",bpm,cadence,"0",rpm,fractional_cadence,"0.0",rpm,enhanced_altitude,"18.200000000000045",m,enhanced_speed,"2.594",m/s,,,,,,,,,,,,,,,,,,,,,,,,,,,,,,,,,,,,,,,,,,,,,,,,,,,,,,,,,,,,,,,,,,,,,,,,,,,,,,,,,,,,,,,,,,,,,,,,,,,,,,,,,,,,,,,,,,,,,,,,,,,,,,,,,,,,,,,,,,,,,,,,,,,,,,,,,,,,,,,,,,,
Data,12,record,timestamp,"944859344",s,position_lat,"389973994",semicircles,position_long,"-1397593178",semicircles,distance,"13725.15",m,altitude,"18.200000000000045",m,speed,"2.659",m/s,unknown,"0",,unknown,"100",,heart_rate,"104",bpm,cadence,"0",rpm,fractional_cadence,"0.0",rpm,enhanced_altitude,"18.200000000000045",m,enhanced_speed,"2.659",m/s,,,,,,,,,,,,,,,,,,,,,,,,,,,,,,,,,,,,,,,,,,,,,,,,,,,,,,,,,,,,,,,,,,,,,,,,,,,,,,,,,,,,,,,,,,,,,,,,,,,,,,,,,,,,,,,,,,,,,,,,,,,,,,,,,,,,,,,,,,,,,,,,,,,,,,,,,,,,,,,,,,,
Data,12,record,timestamp,"944859347",s,position_lat,"389974849",semicircles,position_long,"-1397593501",semicircles,distance,"13733.49",m,altitude,"18.0",m,speed,"2.697",m/s,unknown,"0",,unknown,"100",,heart_rate,"101",bpm,cadence,"0",rpm,fractional_cadence,"0.0",rpm,enhanced_altitude,"18.0",m,enhanced_speed,"2.697",m/s,,,,,,,,,,,,,,,,,,,,,,,,,,,,,,,,,,,,,,,,,,,,,,,,,,,,,,,,,,,,,,,,,,,,,,,,,,,,,,,,,,,,,,,,,,,,,,,,,,,,,,,,,,,,,,,,,,,,,,,,,,,,,,,,,,,,,,,,,,,,,,,,,,,,,,,,,,,,,,,,,,,
Data,12,record,timestamp,"944859348",s,position_lat,"389975125",semicircles,position_long,"-1397593632",semicircles,distance,"13736.25",m,altitude,"18.0",m,speed,"2.706",m/s,unknown,"0",,unknown,"100",,heart_rate,"101",bpm,cadence,"0",rpm,fractional_cadence,"0.0",rpm,enhanced_altitude,"18.0",m,enhanced_speed,"2.706",m/s,,,,,,,,,,,,,,,,,,,,,,,,,,,,,,,,,,,,,,,,,,,,,,,,,,,,,,,,,,,,,,,,,,,,,,,,,,,,,,,,,,,,,,,,,,,,,,,,,,,,,,,,,,,,,,,,,,,,,,,,,,,,,,,,,,,,,,,,,,,,,,,,,,,,,,,,,,,,,,,,,,,
Data,12,record,timestamp,"944859351",s,position_lat,"389975931",semicircles,position_long,"-1397593980",semicircles,distance,"13744.23",m,altitude,"18.0",m,speed,"2.687",m/s,unknown,"0",,unknown,"100",,heart_rate,"98",bpm,cadence,"0",rpm,fractional_cadence,"0.0",rpm,enhanced_altitude,"18.0",m,enhanced_speed,"2.687",m/s,,,,,,,,,,,,,,,,,,,,,,,,,,,,,,,,,,,,,,,,,,,,,,,,,,,,,,,,,,,,,,,,,,,,,,,,,,,,,,,,,,,,,,,,,,,,,,,,,,,,,,,,,,,,,,,,,,,,,,,,,,,,,,,,,,,,,,,,,,,,,,,,,,,,,,,,,,,,,,,,,,,
Data,12,record,timestamp,"944859361",s,position_lat,"389978928",semicircles,position_long,"-1397595254",semicircles,distance,"13773.88",m,altitude,"17.600000000000023",m,speed,"2.995",m/s,unknown,"0",,unknown,"100",,heart_rate,"95",bpm,cadence,"0",rpm,fractional_cadence,"0.0",rpm,enhanced_altitude,"17.600000000000023",m,enhanced_speed,"2.995",m/s,,,,,,,,,,,,,,,,,,,,,,,,,,,,,,,,,,,,,,,,,,,,,,,,,,,,,,,,,,,,,,,,,,,,,,,,,,,,,,,,,,,,,,,,,,,,,,,,,,,,,,,,,,,,,,,,,,,,,,,,,,,,,,,,,,,,,,,,,,,,,,,,,,,,,,,,,,,,,,,,,,,
Data,12,record,timestamp,"944859368",s,position_lat,"389979885",semicircles,position_long,"-1397597009",semicircles,distance,"13790.41",m,altitude,"17.600000000000023",m,speed,"2.249",m/s,unknown,"0",,unknown,"100",,heart_rate,"94",bpm,cadence,"0",rpm,fractional_cadence,"0.0",rpm,enhanced_altitude,"17.600000000000023",m,enhanced_speed,"2.249",m/s,,,,,,,,,,,,,,,,,,,,,,,,,,,,,,,,,,,,,,,,,,,,,,,,,,,,,,,,,,,,,,,,,,,,,,,,,,,,,,,,,,,,,,,,,,,,,,,,,,,,,,,,,,,,,,,,,,,,,,,,,,,,,,,,,,,,,,,,,,,,,,,,,,,,,,,,,,,,,,,,,,,
Data,12,record,timestamp,"944859372",s,position_lat,"389979774",semicircles,position_long,"-1397598001",semicircles,distance,"13798.0",m,altitude,"17.600000000000023",m,speed,"2.006",m/s,unknown,"0",,unknown,"100",,heart_rate,"91",bpm,cadence,"0",rpm,fractional_cadence,"0.0",rpm,enhanced_altitude,"17.600000000000023",m,enhanced_speed,"2.006",m/s,,,,,,,,,,,,,,,,,,,,,,,,,,,,,,,,,,,,,,,,,,,,,,,,,,,,,,,,,,,,,,,,,,,,,,,,,,,,,,,,,,,,,,,,,,,,,,,,,,,,,,,,,,,,,,,,,,,,,,,,,,,,,,,,,,,,,,,,,,,,,,,,,,,,,,,,,,,,,,,,,,,
Data,12,record,timestamp,"944859375",s,position_lat,"389979629",semicircles,position_long,"-1397598771",semicircles,distance,"13804.14",m,altitude,"17.600000000000023",m,speed,"2.043",m/s,unknown,"0",,unknown,"100",,heart_rate,"93",bpm,cadence,"73",rpm,fractional_cadence,"0.5",rpm,enhanced_altitude,"17.600000000000023",m,enhanced_speed,"2.043",m/s,,,,,,,,,,,,,,,,,,,,,,,,,,,,,,,,,,,,,,,,,,,,,,,,,,,,,,,,,,,,,,,,,,,,,,,,,,,,,,,,,,,,,,,,,,,,,,,,,,,,,,,,,,,,,,,,,,,,,,,,,,,,,,,,,,,,,,,,,,,,,,,,,,,,,,,,,,,,,,,,,,,
Data,12,record,timestamp,"944859380",s,position_lat,"389979048",semicircles,position_long,"-1397600149",semicircles,distance,"13816.06",m,altitude,"17.799999999999955",m,speed,"2.323",m/s,unknown,"0",,unknown,"100",,heart_rate,"96",bpm,cadence,"0",rpm,fractional_cadence,"0.0",rpm,enhanced_altitude,"17.799999999999955",m,enhanced_speed,"2.323",m/s,,,,,,,,,,,,,,,,,,,,,,,,,,,,,,,,,,,,,,,,,,,,,,,,,,,,,,,,,,,,,,,,,,,,,,,,,,,,,,,,,,,,,,,,,,,,,,,,,,,,,,,,,,,,,,,,,,,,,,,,,,,,,,,,,,,,,,,,,,,,,,,,,,,,,,,,,,,,,,,,,,,
Data,12,record,timestamp,"944859381",s,position_lat,"389978878",semicircles,position_long,"-1397600454",semicircles,distance,"13818.89",m,altitude,"17.799999999999955",m,speed,"2.407",m/s,unknown,"0",,unknown,"100",,heart_rate,"99",bpm,cadence,"0",rpm,fractional_cadence,"0.0",rpm,enhanced_altitude,"17.799999999999955",m,enhanced_speed,"2.407",m/s,,,,,,,,,,,,,,,,,,,,,,,,,,,,,,,,,,,,,,,,,,,,,,,,,,,,,,,,,,,,,,,,,,,,,,,,,,,,,,,,,,,,,,,,,,,,,,,,,,,,,,,,,,,,,,,,,,,,,,,,,,,,,,,,,,,,,,,,,,,,,,,,,,,,,,,,,,,,,,,,,,,
Data,12,record,timestamp,"944859382",s,position_lat,"389978736",semicircles,position_long,"-1397600771",semicircles,distance,"13821.69",m,altitude,"17.799999999999955",m,speed,"2.501",m/s,unknown,"0",,unknown,"100",,heart_rate,"102",bpm,cadence,"0",rpm,fractional_cadence,"0.0",rpm,enhanced_altitude,"17.799999999999955",m,enhanced_speed,"2.501",m/s,,,,,,,,,,,,,,,,,,,,,,,,,,,,,,,,,,,,,,,,,,,,,,,,,,,,,,,,,,,,,,,,,,,,,,,,,,,,,,,,,,,,,,,,,,,,,,,,,,,,,,,,,,,,,,,,,,,,,,,,,,,,,,,,,,,,,,,,,,,,,,,,,,,,,,,,,,,,,,,,,,,
Data,12,record,timestamp,"944859384",s,position_lat,"389978395",semicircles,position_long,"-1397601421",semicircles,distance,"13827.65",m,altitude,"17.799999999999955",m,speed,"2.715",m/s,unknown,"0",,unknown,"100",,heart_rate,"106",bpm,cadence,"0",rpm,fractional_cadence,"0.0",rpm,enhanced_altitude,"17.799999999999955",m,enhanced_speed,"2.715",m/s,,,,,,,,,,,,,,,,,,,,,,,,,,,,,,,,,,,,,,,,,,,,,,,,,,,,,,,,,,,,,,,,,,,,,,,,,,,,,,,,,,,,,,,,,,,,,,,,,,,,,,,,,,,,,,,,,,,,,,,,,,,,,,,,,,,,,,,,,,,,,,,,,,,,,,,,,,,,,,,,,,,
Data,12,record,timestamp,"944859385",s,position_lat,"389978257",semicircles,position_long,"-1397601782",semicircles,distance,"13830.76",m,altitude,"17.799999999999955",m,speed,"2.818",m/s,unknown,"0",,unknown,"100",,heart_rate,"109",bpm,cadence,"43",rpm,fractional_cadence,"0.0",rpm,enhanced_altitude,"17.799999999999955",m,enhanced_speed,"2.818",m/s,,,,,,,,,,,,,,,,,,,,,,,,,,,,,,,,,,,,,,,,,,,,,,,,,,,,,,,,,,,,,,,,,,,,,,,,,,,,,,,,,,,,,,,,,,,,,,,,,,,,,,,,,,,,,,,,,,,,,,,,,,,,,,,,,,,,,,,,,,,,,,,,,,,,,,,,,,,,,,,,,,,
Data,12,record,timestamp,"944859386",s,position_lat,"389978119",semicircles,position_long,"-1397602144",semicircles,distance,"13833.88",m,altitude,"18.0",m,speed,"2.874",m/s,unknown,"0",,unknown,"100",,heart_rate,"109",bpm,cadence,"43",rpm,fractional_cadence,"0.0",rpm,enhanced_altitude,"18.0",m,enhanced_speed,"2.874",m/s,,,,,,,,,,,,,,,,,,,,,,,,,,,,,,,,,,,,,,,,,,,,,,,,,,,,,,,,,,,,,,,,,,,,,,,,,,,,,,,,,,,,,,,,,,,,,,,,,,,,,,,,,,,,,,,,,,,,,,,,,,,,,,,,,,,,,,,,,,,,,,,,,,,,,,,,,,,,,,,,,,,
Data,12,record,timestamp,"944859387",s,position_lat,"389978017",semicircles,position_long,"-1397602505",semicircles,distance,"13836.87",m,altitude,"18.0",m,speed,"2.893",m/s,unknown,"0",,unknown,"100",,heart_rate,"112",bpm,cadence,"49",rpm,fractional_cadence,"0.0",rpm,enhanced_altitude,"18.0",m,enhanced_speed,"2.893",m/s,,,,,,,,,,,,,,,,,,,,,,,,,,,,,,,,,,,,,,,,,,,,,,,,,,,,,,,,,,,,,,,,,,,,,,,,,,,,,,,,,,,,,,,,,,,,,,,,,,,,,,,,,,,,,,,,,,,,,,,,,,,,,,,,,,,,,,,,,,,,,,,,,,,,,,,,,,,,,,,,,,,
Data,12,record,timestamp,"944859389",s,position_lat,"389977807",semicircles,position_long,"-1397603240",semicircles,distance,"13842.97",m,altitude,"18.0",m,speed,"2.883",m/s,unknown,"0",,unknown,"100",,heart_rate,"115",bpm,cadence,"0",rpm,fractional_cadence,"0.0",rpm,enhanced_altitude,"18.0",m,enhanced_speed,"2.883",m/s,,,,,,,,,,,,,,,,,,,,,,,,,,,,,,,,,,,,,,,,,,,,,,,,,,,,,,,,,,,,,,,,,,,,,,,,,,,,,,,,,,,,,,,,,,,,,,,,,,,,,,,,,,,,,,,,,,,,,,,,,,,,,,,,,,,,,,,,,,,,,,,,,,,,,,,,,,,,,,,,,,,
Data,12,record,timestamp,"944859392",s,position_lat,"389977536",semicircles,position_long,"-1397604374",semicircles,distance,"13852.23",m,altitude,"17.799999999999955",m,speed,"2.921",m/s,unknown,"0",,unknown,"100",,heart_rate,"119",bpm,cadence,"0",rpm,fractional_cadence,"0.0",rpm,enhanced_altitude,"17.799999999999955",m,enhanced_speed,"2.921",m/s,,,,,,,,,,,,,,,,,,,,,,,,,,,,,,,,,,,,,,,,,,,,,,,,,,,,,,,,,,,,,,,,,,,,,,,,,,,,,,,,,,,,,,,,,,,,,,,,,,,,,,,,,,,,,,,,,,,,,,,,,,,,,,,,,,,,,,,,,,,,,,,,,,,,,,,,,,,,,,,,,,,
Data,12,record,timestamp,"944859395",s,position_lat,"389977284",semicircles,position_long,"-1397605614",semicircles,distance,"13862.26",m,altitude,"17.600000000000023",m,speed,"3.06",m/s,unknown,"0",,unknown,"100",,heart_rate,"116",bpm,cadence,"0",rpm,fractional_cadence,"0.0",rpm,enhanced_altitude,"17.600000000000023",m,enhanced_speed,"3.06",m/s,,,,,,,,,,,,,,,,,,,,,,,,,,,,,,,,,,,,,,,,,,,,,,,,,,,,,,,,,,,,,,,,,,,,,,,,,,,,,,,,,,,,,,,,,,,,,,,,,,,,,,,,,,,,,,,,,,,,,,,,,,,,,,,,,,,,,,,,,,,,,,,,,,,,,,,,,,,,,,,,,,,
Data,12,record,timestamp,"944859404",s,position_lat,"389976697",semicircles,position_long,"-1397609035",semicircles,distance,"13889.67",m,altitude,"17.0",m,speed,"2.976",m/s,unknown,"0",,unknown,"100",,heart_rate,"112",bpm,cadence,"0",rpm,fractional_cadence,"0.0",rpm,enhanced_altitude,"17.0",m,enhanced_speed,"2.976",m/s,,,,,,,,,,,,,,,,,,,,,,,,,,,,,,,,,,,,,,,,,,,,,,,,,,,,,,,,,,,,,,,,,,,,,,,,,,,,,,,,,,,,,,,,,,,,,,,,,,,,,,,,,,,,,,,,,,,,,,,,,,,,,,,,,,,,,,,,,,,,,,,,,,,,,,,,,,,,,,,,,,,
Data,12,record,timestamp,"944859408",s,position_lat,"389976452",semicircles,position_long,"-1397610501",semicircles,distance,"13901.42",m,altitude,"16.799999999999955",m,speed,"3.004",m/s,unknown,"0",,unknown,"100",,heart_rate,"110",bpm,cadence,"0",rpm,fractional_cadence,"0.0",rpm,enhanced_altitude,"16.799999999999955",m,enhanced_speed,"3.004",m/s,,,,,,,,,,,,,,,,,,,,,,,,,,,,,,,,,,,,,,,,,,,,,,,,,,,,,,,,,,,,,,,,,,,,,,,,,,,,,,,,,,,,,,,,,,,,,,,,,,,,,,,,,,,,,,,,,,,,,,,,,,,,,,,,,,,,,,,,,,,,,,,,,,,,,,,,,,,,,,,,,,,
Data,12,record,timestamp,"944859414",s,position_lat,"389976095",semicircles,position_long,"-1397612731",semicircles,distance,"13919.25",m,altitude,"16.799999999999955",m,speed,"3.004",m/s,unknown,"0",,unknown,"100",,heart_rate,"107",bpm,cadence,"0",rpm,fractional_cadence,"0.0",rpm,enhanced_altitude,"16.799999999999955",m,enhanced_speed,"3.004",m/s,,,,,,,,,,,,,,,,,,,,,,,,,,,,,,,,,,,,,,,,,,,,,,,,,,,,,,,,,,,,,,,,,,,,,,,,,,,,,,,,,,,,,,,,,,,,,,,,,,,,,,,,,,,,,,,,,,,,,,,,,,,,,,,,,,,,,,,,,,,,,,,,,,,,,,,,,,,,,,,,,,,
Data,12,record,timestamp,"944859420",s,position_lat,"389975885",semicircles,position_long,"-1397614964",semicircles,distance,"13936.91",m,altitude,"16.799999999999955",m,speed,"2.874",m/s,unknown,"0",,unknown,"100",,heart_rate,"104",bpm,cadence,"0",rpm,fractional_cadence,"0.0",rpm,enhanced_altitude,"16.799999999999955",m,enhanced_speed,"2.874",m/s,,,,,,,,,,,,,,,,,,,,,,,,,,,,,,,,,,,,,,,,,,,,,,,,,,,,,,,,,,,,,,,,,,,,,,,,,,,,,,,,,,,,,,,,,,,,,,,,,,,,,,,,,,,,,,,,,,,,,,,,,,,,,,,,,,,,,,,,,,,,,,,,,,,,,,,,,,,,,,,,,,,
Data,12,record,timestamp,"944859423",s,position_lat,"389975754",semicircles,position_long,"-1397616016",semicircles,distance,"13945.28",m,altitude,"16.799999999999955",m,speed,"2.818",m/s,unknown,"0",,unknown,"100",,heart_rate,"102",bpm,cadence,"0",rpm,fractional_cadence,"0.0",rpm,enhanced_altitude,"16.799999999999955",m,enhanced_speed,"2.818",m/s,,,,,,,,,,,,,,,,,,,,,,,,,,,,,,,,,,,,,,,,,,,,,,,,,,,,,,,,,,,,,,,,,,,,,,,,,,,,,,,,,,,,,,,,,,,,,,,,,,,,,,,,,,,,,,,,,,,,,,,,,,,,,,,,,,,,,,,,,,,,,,,,,,,,,,,,,,,,,,,,,,,
Data,12,record,timestamp,"944859427",s,position_lat,"389975405",semicircles,position_long,"-1397617448",semicircles,distance,"13957.02",m,altitude,"16.799999999999955",m,speed,"2.837",m/s,unknown,"0",,unknown,"100",,heart_rate,"98",bpm,cadence,"0",rpm,fractional_cadence,"0.0",rpm,enhanced_altitude,"16.799999999999955",m,enhanced_speed,"2.837",m/s,,,,,,,,,,,,,,,,,,,,,,,,,,,,,,,,,,,,,,,,,,,,,,,,,,,,,,,,,,,,,,,,,,,,,,,,,,,,,,,,,,,,,,,,,,,,,,,,,,,,,,,,,,,,,,,,,,,,,,,,,,,,,,,,,,,,,,,,,,,,,,,,,,,,,,,,,,,,,,,,,,,
Data,12,record,timestamp,"944859433",s,position_lat,"389974808",semicircles,position_long,"-1397619472",semicircles,distance,"13973.87",m,altitude,"16.600000000000023",m,speed,"2.893",m/s,unknown,"0",,unknown,"100",,heart_rate,"96",bpm,cadence,"0",rpm,fractional_cadence,"0.0",rpm,enhanced_altitude,"16.600000000000023",m,enhanced_speed,"2.893",m/s,,,,,,,,,,,,,,,,,,,,,,,,,,,,,,,,,,,,,,,,,,,,,,,,,,,,,,,,,,,,,,,,,,,,,,,,,,,,,,,,,,,,,,,,,,,,,,,,,,,,,,,,,,,,,,,,,,,,,,,,,,,,,,,,,,,,,,,,,,,,,,,,,,,,,,,,,,,,,,,,,,,
Data,12,record,timestamp,"944859435",s,position_lat,"389974639",semicircles,position_long,"-1397620184",semicircles,distance,"13979.68",m,altitude,"16.600000000000023",m,speed,"2.958",m/s,unknown,"0",,unknown,"100",,heart_rate,"95",bpm,cadence,"0",rpm,fractional_cadence,"0.0",rpm,enhanced_altitude,"16.600000000000023",m,enhanced_speed,"2.958",m/s,,,,,,,,,,,,,,,,,,,,,,,,,,,,,,,,,,,,,,,,,,,,,,,,,,,,,,,,,,,,,,,,,,,,,,,,,,,,,,,,,,,,,,,,,,,,,,,,,,,,,,,,,,,,,,,,,,,,,,,,,,,,,,,,,,,,,,,,,,,,,,,,,,,,,,,,,,,,,,,,,,,
Data,12,record,timestamp,"944859445",s,position_lat,"389973769",semicircles,position_long,"-1397624230",semicircles,distance,"14012.52",m,altitude,"16.200000000000045",m,speed,"3.144",m/s,unknown,"0",,unknown,"100",,heart_rate,"92",bpm,cadence,"0",rpm,fractional_cadence,"0.0",rpm,enhanced_altitude,"16.200000000000045",m,enhanced_speed,"3.144",m/s,,,,,,,,,,,,,,,,,,,,,,,,,,,,,,,,,,,,,,,,,,,,,,,,,,,,,,,,,,,,,,,,,,,,,,,,,,,,,,,,,,,,,,,,,,,,,,,,,,,,,,,,,,,,,,,,,,,,,,,,,,,,,,,,,,,,,,,,,,,,,,,,,,,,,,,,,,,,,,,,,,,
Data,12,record,timestamp,"944859447",s,position_lat,"389973756",semicircles,position_long,"-1397625090",semicircles,distance,"14019.23",m,altitude,"16.200000000000045",m,speed,"3.247",m/s,unknown,"0",,unknown,"100",,heart_rate,"88",bpm,cadence,"0",rpm,fractional_cadence,"0.0",rpm,enhanced_altitude,"16.200000000000045",m,enhanced_speed,"3.247",m/s,,,,,,,,,,,,,,,,,,,,,,,,,,,,,,,,,,,,,,,,,,,,,,,,,,,,,,,,,,,,,,,,,,,,,,,,,,,,,,,,,,,,,,,,,,,,,,,,,,,,,,,,,,,,,,,,,,,,,,,,,,,,,,,,,,,,,,,,,,,,,,,,,,,,,,,,,,,,,,,,,,,
Data,12,record,timestamp,"944859448",s,position_lat,"389973716",semicircles,position_long,"-1397625534",semicircles,distance,"14022.74",m,altitude,"16.200000000000045",m,speed,"3.303",m/s,unknown,"0",,unknown,"100",,heart_rate,"89",bpm,cadence,"0",rpm,fractional_cadence,"0.0",rpm,enhanced_altitude,"16.200000000000045",m,enhanced_speed,"3.303",m/s,,,,,,,,,,,,,,,,,,,,,,,,,,,,,,,,,,,,,,,,,,,,,,,,,,,,,,,,,,,,,,,,,,,,,,,,,,,,,,,,,,,,,,,,,,,,,,,,,,,,,,,,,,,,,,,,,,,,,,,,,,,,,,,,,,,,,,,,,,,,,,,,,,,,,,,,,,,,,,,,,,,
Data,12,record,timestamp,"944859455",s,position_lat,"389973301",semicircles,position_long,"-1397628425",semicircles,distance,"14045.8",m,altitude,"16.200000000000045",m,speed,"3.238",m/s,unknown,"0",,unknown,"100",,heart_rate,"86",bpm,cadence,"0",rpm,fractional_cadence,"0.0",rpm,enhanced_altitude,"16.200000000000045",m,enhanced_speed,"3.238",m/s,,,,,,,,,,,,,,,,,,,,,,,,,,,,,,,,,,,,,,,,,,,,,,,,,,,,,,,,,,,,,,,,,,,,,,,,,,,,,,,,,,,,,,,,,,,,,,,,,,,,,,,,,,,,,,,,,,,,,,,,,,,,,,,,,,,,,,,,,,,,,,,,,,,,,,,,,,,,,,,,,,,
Data,12,record,timestamp,"944859456",s,position_lat,"389973246",semicircles,position_long,"-1397628848",semicircles,distance,"14049.17",m,altitude,"16.200000000000045",m,speed,"3.228",m/s,unknown,"0",,unknown,"100",,heart_rate,"90",bpm,cadence,"0",rpm,fractional_cadence,"0.0",rpm,enhanced_altitude,"16.200000000000045",m,enhanced_speed,"3.228",m/s,,,,,,,,,,,,,,,,,,,,,,,,,,,,,,,,,,,,,,,,,,,,,,,,,,,,,,,,,,,,,,,,,,,,,,,,,,,,,,,,,,,,,,,,,,,,,,,,,,,,,,,,,,,,,,,,,,,,,,,,,,,,,,,,,,,,,,,,,,,,,,,,,,,,,,,,,,,,,,,,,,,
Data,12,record,timestamp,"944859457",s,position_lat,"389973163",semicircles,position_long,"-1397629275",semicircles,distance,"14052.6",m,altitude,"16.200000000000045",m,speed,"3.294",m/s,unknown,"0",,unknown,"100",,heart_rate,"87",bpm,cadence,"0",rpm,fractional_cadence,"0.0",rpm,enhanced_altitude,"16.200000000000045",m,enhanced_speed,"3.294",m/s,,,,,,,,,,,,,,,,,,,,,,,,,,,,,,,,,,,,,,,,,,,,,,,,,,,,,,,,,,,,,,,,,,,,,,,,,,,,,,,,,,,,,,,,,,,,,,,,,,,,,,,,,,,,,,,,,,,,,,,,,,,,,,,,,,,,,,,,,,,,,,,,,,,,,,,,,,,,,,,,,,,
Data,12,record,timestamp,"944859460",s,position_lat,"389972861",semicircles,position_long,"-1397630413",semicircles,distance,"14061.96",m,altitude,"16.200000000000045",m,speed,"3.182",m/s,unknown,"0",,unknown,"100",,heart_rate,"87",bpm,cadence,"0",rpm,fractional_cadence,"0.0",rpm,enhanced_altitude,"16.200000000000045",m,enhanced_speed,"3.182",m/s,,,,,,,,,,,,,,,,,,,,,,,,,,,,,,,,,,,,,,,,,,,,,,,,,,,,,,,,,,,,,,,,,,,,,,,,,,,,,,,,,,,,,,,,,,,,,,,,,,,,,,,,,,,,,,,,,,,,,,,,,,,,,,,,,,,,,,,,,,,,,,,,,,,,,,,,,,,,,,,,,,,
Data,12,record,timestamp,"944859471",s,position_lat,"389972431",semicircles,position_long,"-1397634052",semicircles,distance,"14091.04",m,altitude,"16.200000000000045",m,speed,"2.314",m/s,unknown,"0",,unknown,"100",,heart_rate,"87",bpm,cadence,"0",rpm,fractional_cadence,"0.0",rpm,enhanced_altitude,"16.200000000000045",m,enhanced_speed,"2.314",m/s,,,,,,,,,,,,,,,,,,,,,,,,,,,,,,,,,,,,,,,,,,,,,,,,,,,,,,,,,,,,,,,,,,,,,,,,,,,,,,,,,,,,,,,,,,,,,,,,,,,,,,,,,,,,,,,,,,,,,,,,,,,,,,,,,,,,,,,,,,,,,,,,,,,,,,,,,,,,,,,,,,,
Data,12,record,timestamp,"944859476",s,position_lat,"389972939",semicircles,position_long,"-1397635074",semicircles,distance,"14100.04",m,altitude,"16.0",m,speed,"1.791",m/s,unknown,"0",,unknown,"100",,heart_rate,"84",bpm,cadence,"0",rpm,fractional_cadence,"0.0",rpm,enhanced_altitude,"16.0",m,enhanced_speed,"1.791",m/s,,,,,,,,,,,,,,,,,,,,,,,,,,,,,,,,,,,,,,,,,,,,,,,,,,,,,,,,,,,,,,,,,,,,,,,,,,,,,,,,,,,,,,,,,,,,,,,,,,,,,,,,,,,,,,,,,,,,,,,,,,,,,,,,,,,,,,,,,,,,,,,,,,,,,,,,,,,,,,,,,,,
Data,12,record,timestamp,"944859478",s,position_lat,"389973219",semicircles,position_long,"-1397635319",semicircles,distance,"14103.1",m,altitude,"16.0",m,speed,"1.642",m/s,unknown,"0",,unknown,"100",,heart_rate,"85",bpm,cadence,"0",rpm,fractional_cadence,"0.0",rpm,enhanced_altitude,"16.0",m,enhanced_speed,"1.642",m/s,,,,,,,,,,,,,,,,,,,,,,,,,,,,,,,,,,,,,,,,,,,,,,,,,,,,,,,,,,,,,,,,,,,,,,,,,,,,,,,,,,,,,,,,,,,,,,,,,,,,,,,,,,,,,,,,,,,,,,,,,,,,,,,,,,,,,,,,,,,,,,,,,,,,,,,,,,,,,,,,,,,
Data,12,record,timestamp,"944859487",s,position_lat,"389974811",semicircles,position_long,"-1397635988",semicircles,distance,"14118.83",m,altitude,"16.0",m,speed,"1.586",m/s,unknown,"0",,unknown,"100",,heart_rate,"82",bpm,cadence,"0",rpm,fractional_cadence,"0.0",rpm,enhanced_altitude,"16.0",m,enhanced_speed,"1.586",m/s,,,,,,,,,,,,,,,,,,,,,,,,,,,,,,,,,,,,,,,,,,,,,,,,,,,,,,,,,,,,,,,,,,,,,,,,,,,,,,,,,,,,,,,,,,,,,,,,,,,,,,,,,,,,,,,,,,,,,,,,,,,,,,,,,,,,,,,,,,,,,,,,,,,,,,,,,,,,,,,,,,,
Data,12,record,timestamp,"944859491",s,position_lat,"389975373",semicircles,position_long,"-1397636222",semicircles,distance,"14124.36",m,altitude,"16.0",m,speed,"1.428",m/s,unknown,"0",,unknown,"100",,heart_rate,"79",bpm,cadence,"0",rpm,fractional_cadence,"0.0",rpm,enhanced_altitude,"16.0",m,enhanced_speed,"1.428",m/s,,,,,,,,,,,,,,,,,,,,,,,,,,,,,,,,,,,,,,,,,,,,,,,,,,,,,,,,,,,,,,,,,,,,,,,,,,,,,,,,,,,,,,,,,,,,,,,,,,,,,,,,,,,,,,,,,,,,,,,,,,,,,,,,,,,,,,,,,,,,,,,,,,,,,,,,,,,,,,,,,,,
Data,12,record,timestamp,"944859498",s,position_lat,"389976030",semicircles,position_long,"-1397636713",semicircles,distance,"14131.59",m,altitude,"16.0",m,speed,"0.989",m/s,unknown,"0",,unknown,"100",,heart_rate,"78",bpm,cadence,"0",rpm,fractional_cadence,"0.0",rpm,enhanced_altitude,"16.0",m,enhanced_speed,"0.989",m/s,,,,,,,,,,,,,,,,,,,,,,,,,,,,,,,,,,,,,,,,,,,,,,,,,,,,,,,,,,,,,,,,,,,,,,,,,,,,,,,,,,,,,,,,,,,,,,,,,,,,,,,,,,,,,,,,,,,,,,,,,,,,,,,,,,,,,,,,,,,,,,,,,,,,,,,,,,,,,,,,,,,
Data,12,record,timestamp,"944859504",s,position_lat,"389976400",semicircles,position_long,"-1397637032",semicircles,distance,"14135.78",m,altitude,"16.0",m,speed,"0.551",m/s,unknown,"0",,unknown,"300",,heart_rate,"75",bpm,cadence,"0",rpm,fractional_cadence,"0.0",rpm,enhanced_altitude,"16.0",m,enhanced_speed,"0.551",m/s,,,,,,,,,,,,,,,,,,,,,,,,,,,,,,,,,,,,,,,,,,,,,,,,,,,,,,,,,,,,,,,,,,,,,,,,,,,,,,,,,,,,,,,,,,,,,,,,,,,,,,,,,,,,,,,,,,,,,,,,,,,,,,,,,,,,,,,,,,,,,,,,,,,,,,,,,,,,,,,,,,,
Data,12,record,timestamp,"944859511",s,position_lat,"389976925",semicircles,position_long,"-1397637202",semicircles,distance,"14141.15",m,altitude,"16.0",m,speed,"0.69",m/s,unknown,"0",,unknown,"300",,heart_rate,"72",bpm,cadence,"0",rpm,fractional_cadence,"0.0",rpm,enhanced_altitude,"16.0",m,enhanced_speed,"0.69",m/s,,,,,,,,,,,,,,,,,,,,,,,,,,,,,,,,,,,,,,,,,,,,,,,,,,,,,,,,,,,,,,,,,,,,,,,,,,,,,,,,,,,,,,,,,,,,,,,,,,,,,,,,,,,,,,,,,,,,,,,,,,,,,,,,,,,,,,,,,,,,,,,,,,,,,,,,,,,,,,,,,,,
Data,12,record,timestamp,"944859517",s,position_lat,"389977326",semicircles,position_long,"-1397636590",semicircles,distance,"14147.24",m,altitude,"16.0",m,speed,"1.026",m/s,unknown,"0",,unknown,"100",,heart_rate,"74",bpm,cadence,"0",rpm,fractional_cadence,"0.0",rpm,enhanced_altitude,"16.0",m,enhanced_speed,"1.026",m/s,,,,,,,,,,,,,,,,,,,,,,,,,,,,,,,,,,,,,,,,,,,,,,,,,,,,,,,,,,,,,,,,,,,,,,,,,,,,,,,,,,,,,,,,,,,,,,,,,,,,,,,,,,,,,,,,,,,,,,,,,,,,,,,,,,,,,,,,,,,,,,,,,,,,,,,,,,,,,,,,,,,
Data,12,record,timestamp,"944859520",s,position_lat,"389977574",semicircles,position_long,"-1397636258",semicircles,distance,"14150.71",m,altitude,"16.0",m,speed,"1.026",m/s,unknown,"0",,unknown,"100",,heart_rate,"76",bpm,cadence,"0",rpm,fractional_cadence,"0.0",rpm,enhanced_altitude,"16.0",m,enhanced_speed,"1.026",m/s,,,,,,,,,,,,,,,,,,,,,,,,,,,,,,,,,,,,,,,,,,,,,,,,,,,,,,,,,,,,,,,,,,,,,,,,,,,,,,,,,,,,,,,,,,,,,,,,,,,,,,,,,,,,,,,,,,,,,,,,,,,,,,,,,,,,,,,,,,,,,,,,,,,,,,,,,,,,,,,,,,,
Data,12,record,timestamp,"944859529",s,position_lat,"389978155",semicircles,position_long,"-1397635357",semicircles,distance,"14159.62",m,altitude,"16.600000000000023",m,speed,"0.98",m/s,unknown,"0",,unknown,"100",,heart_rate,"79",bpm,cadence,"0",rpm,fractional_cadence,"0.0",rpm,enhanced_altitude,"16.600000000000023",m,enhanced_speed,"0.98",m/s,,,,,,,,,,,,,,,,,,,,,,,,,,,,,,,,,,,,,,,,,,,,,,,,,,,,,,,,,,,,,,,,,,,,,,,,,,,,,,,,,,,,,,,,,,,,,,,,,,,,,,,,,,,,,,,,,,,,,,,,,,,,,,,,,,,,,,,,,,,,,,,,,,,,,,,,,,,,,,,,,,,
Data,12,record,timestamp,"944859530",s,position_lat,"389978203",semicircles,position_long,"-1397635265",semicircles,distance,"14160.47",m,altitude,"16.600000000000023",m,speed,"0.942",m/s,unknown,"0",,unknown,"100",,heart_rate,"76",bpm,cadence,"0",rpm,fractional_cadence,"0.0",rpm,enhanced_altitude,"16.600000000000023",m,enhanced_speed,"0.942",m/s,,,,,,,,,,,,,,,,,,,,,,,,,,,,,,,,,,,,,,,,,,,,,,,,,,,,,,,,,,,,,,,,,,,,,,,,,,,,,,,,,,,,,,,,,,,,,,,,,,,,,,,,,,,,,,,,,,,,,,,,,,,,,,,,,,,,,,,,,,,,,,,,,,,,,,,,,,,,,,,,,,,
Data,12,record,timestamp,"944859535",s,position_lat,"389978412",semicircles,position_long,"-1397634771",semicircles,distance,"14164.82",m,altitude,"16.399999999999977",m,speed,"0.924",m/s,unknown,"0",,unknown,"100",,heart_rate,"75",bpm,cadence,"0",rpm,fractional_cadence,"0.0",rpm,enhanced_altitude,"16.399999999999977",m,enhanced_speed,"0.924",m/s,,,,,,,,,,,,,,,,,,,,,,,,,,,,,,,,,,,,,,,,,,,,,,,,,,,,,,,,,,,,,,,,,,,,,,,,,,,,,,,,,,,,,,,,,,,,,,,,,,,,,,,,,,,,,,,,,,,,,,,,,,,,,,,,,,,,,,,,,,,,,,,,,,,,,,,,,,,,,,,,,,,
Data,12,record,timestamp,"944859541",s,position_lat,"389978738",semicircles,position_long,"-1397634214",semicircles,distance,"14170.12",m,altitude,"16.200000000000045",m,speed,"0.868",m/s,unknown,"0",,unknown,"100",,heart_rate,"72",bpm,cadence,"0",rpm,fractional_cadence,"0.0",rpm,enhanced_altitude,"16.200000000000045",m,enhanced_speed,"0.868",m/s,,,,,,,,,,,,,,,,,,,,,,,,,,,,,,,,,,,,,,,,,,,,,,,,,,,,,,,,,,,,,,,,,,,,,,,,,,,,,,,,,,,,,,,,,,,,,,,,,,,,,,,,,,,,,,,,,,,,,,,,,,,,,,,,,,,,,,,,,,,,,,,,,,,,,,,,,,,,,,,,,,,
Data,12,record,timestamp,"944859550",s,position_lat,"389979565",semicircles,position_long,"-1397633213",semicircles,distance,"14181.16",m,altitude,"15.799999999999955",m,speed,"1.166",m/s,unknown,"0",,unknown,"300",,heart_rate,"73",bpm,cadence,"0",rpm,fractional_cadence,"0.0",rpm,enhanced_altitude,"15.799999999999955",m,enhanced_speed,"1.166",m/s,,,,,,,,,,,,,,,,,,,,,,,,,,,,,,,,,,,,,,,,,,,,,,,,,,,,,,,,,,,,,,,,,,,,,,,,,,,,,,,,,,,,,,,,,,,,,,,,,,,,,,,,,,,,,,,,,,,,,,,,,,,,,,,,,,,,,,,,,,,,,,,,,,,,,,,,,,,,,,,,,,,
Data,12,record,timestamp,"944859554",s,position_lat,"389979712",semicircles,position_long,"-1397632883",semicircles,distance,"14184.08",m,altitude,"15.600000000000023",m,speed,"0.83",m/s,unknown,"0",,unknown,"100",,heart_rate,"71",bpm,cadence,"0",rpm,fractional_cadence,"0.0",rpm,enhanced_altitude,"15.600000000000023",m,enhanced_speed,"0.83",m/s,,,,,,,,,,,,,,,,,,,,,,,,,,,,,,,,,,,,,,,,,,,,,,,,,,,,,,,,,,,,,,,,,,,,,,,,,,,,,,,,,,,,,,,,,,,,,,,,,,,,,,,,,,,,,,,,,,,,,,,,,,,,,,,,,,,,,,,,,,,,,,,,,,,,,,,,,,,,,,,,,,,
Data,12,record,timestamp,"944859556",s,position_lat,"389979868",semicircles,position_long,"-1397632537",semicircles,distance,"14187.14",m,altitude,"15.600000000000023",m,speed,"1.166",m/s,unknown,"0",,unknown,"100",,heart_rate,"74",bpm,cadence,"0",rpm,fractional_cadence,"0.0",rpm,enhanced_altitude,"15.600000000000023",m,enhanced_speed,"1.166",m/s,,,,,,,,,,,,,,,,,,,,,,,,,,,,,,,,,,,,,,,,,,,,,,,,,,,,,,,,,,,,,,,,,,,,,,,,,,,,,,,,,,,,,,,,,,,,,,,,,,,,,,,,,,,,,,,,,,,,,,,,,,,,,,,,,,,,,,,,,,,,,,,,,,,,,,,,,,,,,,,,,,,
Data,12,record,timestamp,"944859560",s,position_lat,"389979893",semicircles,position_long,"-1397632253",semicircles,distance,"14189.43",m,altitude,"15.600000000000023",m,speed,"0.709",m/s,unknown,"0",,unknown,"100",,heart_rate,"78",bpm,cadence,"0",rpm,fractional_cadence,"0.0",rpm,enhanced_altitude,"15.600000000000023",m,enhanced_speed,"0.709",m/s,,,,,,,,,,,,,,,,,,,,,,,,,,,,,,,,,,,,,,,,,,,,,,,,,,,,,,,,,,,,,,,,,,,,,,,,,,,,,,,,,,,,,,,,,,,,,,,,,,,,,,,,,,,,,,,,,,,,,,,,,,,,,,,,,,,,,,,,,,,,,,,,,,,,,,,,,,,,,,,,,,,
Data,12,record,timestamp,"944859565",s,position_lat,"389979991",semicircles,position_long,"-1397631797",semicircles,distance,"14193.18",m,altitude,"15.600000000000023",m,speed,"0.774",m/s,unknown,"0",,unknown,"100",,heart_rate,"81",bpm,cadence,"0",rpm,fractional_cadence,"0.0",rpm,enhanced_altitude,"15.600000000000023",m,enhanced_speed,"0.774",m/s,,,,,,,,,,,,,,,,,,,,,,,,,,,,,,,,,,,,,,,,,,,,,,,,,,,,,,,,,,,,,,,,,,,,,,,,,,,,,,,,,,,,,,,,,,,,,,,,,,,,,,,,,,,,,,,,,,,,,,,,,,,,,,,,,,,,,,,,,,,,,,,,,,,,,,,,,,,,,,,,,,,
Data,12,record,timestamp,"944859567",s,position_lat,"389980134",semicircles,position_long,"-1397631678",semicircles,distance,"14194.7",m,altitude,"15.799999999999955",m,speed,"0.774",m/s,unknown,"0",,unknown,"100",,heart_rate,"84",bpm,cadence,"0",rpm,fractional_cadence,"0.0",rpm,enhanced_altitude,"15.799999999999955",m,enhanced_speed,"0.774",m/s,,,,,,,,,,,,,,,,,,,,,,,,,,,,,,,,,,,,,,,,,,,,,,,,,,,,,,,,,,,,,,,,,,,,,,,,,,,,,,,,,,,,,,,,,,,,,,,,,,,,,,,,,,,,,,,,,,,,,,,,,,,,,,,,,,,,,,,,,,,,,,,,,,,,,,,,,,,,,,,,,,,
Data,12,record,timestamp,"944859569",s,position_lat,"389980263",semicircles,position_long,"-1397631555",semicircles,distance,"14196.22",m,altitude,"16.200000000000045",m,speed,"0.746",m/s,unknown,"0",,unknown,"100",,heart_rate,"81",bpm,cadence,"0",rpm,fractional_cadence,"0.0",rpm,enhanced_altitude,"16.200000000000045",m,enhanced_speed,"0.746",m/s,,,,,,,,,,,,,,,,,,,,,,,,,,,,,,,,,,,,,,,,,,,,,,,,,,,,,,,,,,,,,,,,,,,,,,,,,,,,,,,,,,,,,,,,,,,,,,,,,,,,,,,,,,,,,,,,,,,,,,,,,,,,,,,,,,,,,,,,,,,,,,,,,,,,,,,,,,,,,,,,,,,
Data,12,record,timestamp,"944859574",s,position_lat,"389980604",semicircles,position_long,"-1397630999",semicircles,distance,"14201.61",m,altitude,"16.399999999999977",m,speed,"0.942",m/s,unknown,"0",,unknown,"100",,heart_rate,"83",bpm,cadence,"0",rpm,fractional_cadence,"0.0",rpm,enhanced_altitude,"16.399999999999977",m,enhanced_speed,"0.942",m/s,,,,,,,,,,,,,,,,,,,,,,,,,,,,,,,,,,,,,,,,,,,,,,,,,,,,,,,,,,,,,,,,,,,,,,,,,,,,,,,,,,,,,,,,,,,,,,,,,,,,,,,,,,,,,,,,,,,,,,,,,,,,,,,,,,,,,,,,,,,,,,,,,,,,,,,,,,,,,,,,,,,
Data,12,record,timestamp,"944859580",s,position_lat,"389980946",semicircles,position_long,"-1397630401",semicircles,distance,"14207.28",m,altitude,"16.600000000000023",m,speed,"0.858",m/s,unknown,"0",,unknown,"100",,heart_rate,"81",bpm,cadence,"0",rpm,fractional_cadence,"0.0",rpm,enhanced_altitude,"16.600000000000023",m,enhanced_speed,"0.858",m/s,,,,,,,,,,,,,,,,,,,,,,,,,,,,,,,,,,,,,,,,,,,,,,,,,,,,,,,,,,,,,,,,,,,,,,,,,,,,,,,,,,,,,,,,,,,,,,,,,,,,,,,,,,,,,,,,,,,,,,,,,,,,,,,,,,,,,,,,,,,,,,,,,,,,,,,,,,,,,,,,,,,
Data,12,record,timestamp,"944859581",s,position_lat,"389980971",semicircles,position_long,"-1397630293",semicircles,distance,"14208.13",m,altitude,"16.799999999999955",m,speed,"0.868",m/s,unknown,"0",,unknown,"100",,heart_rate,"84",bpm,cadence,"0",rpm,fractional_cadence,"0.0",rpm,enhanced_altitude,"16.799999999999955",m,enhanced_speed,"0.868",m/s,,,,,,,,,,,,,,,,,,,,,,,,,,,,,,,,,,,,,,,,,,,,,,,,,,,,,,,,,,,,,,,,,,,,,,,,,,,,,,,,,,,,,,,,,,,,,,,,,,,,,,,,,,,,,,,,,,,,,,,,,,,,,,,,,,,,,,,,,,,,,,,,,,,,,,,,,,,,,,,,,,,
Data,12,record,timestamp,"944859583",s,position_lat,"389981055",semicircles,position_long,"-1397630148",semicircles,distance,"14209.51",m,altitude,"17.0",m,speed,"0.746",m/s,unknown,"0",,unknown,"100",,heart_rate,"81",bpm,cadence,"0",rpm,fractional_cadence,"0.0",rpm,enhanced_altitude,"17.0",m,enhanced_speed,"0.746",m/s,,,,,,,,,,,,,,,,,,,,,,,,,,,,,,,,,,,,,,,,,,,,,,,,,,,,,,,,,,,,,,,,,,,,,,,,,,,,,,,,,,,,,,,,,,,,,,,,,,,,,,,,,,,,,,,,,,,,,,,,,,,,,,,,,,,,,,,,,,,,,,,,,,,,,,,,,,,,,,,,,,,
Data,12,record,timestamp,"944859587",s,position_lat,"389981257",semicircles,position_long,"-1397629864",semicircles,distance,"14212.41",m,altitude,"17.0",m,speed,"0.718",m/s,unknown,"0",,unknown,"100",,heart_rate,"79",bpm,cadence,"0",rpm,fractional_cadence,"0.0",rpm,enhanced_altitude,"17.0",m,enhanced_speed,"0.718",m/s,,,,,,,,,,,,,,,,,,,,,,,,,,,,,,,,,,,,,,,,,,,,,,,,,,,,,,,,,,,,,,,,,,,,,,,,,,,,,,,,,,,,,,,,,,,,,,,,,,,,,,,,,,,,,,,,,,,,,,,,,,,,,,,,,,,,,,,,,,,,,,,,,,,,,,,,,,,,,,,,,,,
Data,12,record,timestamp,"944859596",s,position_lat,"389981727",semicircles,position_long,"-1397629101",semicircles,distance,"14219.85",m,altitude,"17.0",m,speed,"0.868",m/s,unknown,"0",,unknown,"100",,heart_rate,"76",bpm,cadence,"0",rpm,fractional_cadence,"0.0",rpm,enhanced_altitude,"17.0",m,enhanced_speed,"0.868",m/s,,,,,,,,,,,,,,,,,,,,,,,,,,,,,,,,,,,,,,,,,,,,,,,,,,,,,,,,,,,,,,,,,,,,,,,,,,,,,,,,,,,,,,,,,,,,,,,,,,,,,,,,,,,,,,,,,,,,,,,,,,,,,,,,,,,,,,,,,,,,,,,,,,,,,,,,,,,,,,,,,,,
Data,12,record,timestamp,"944859603",s,position_lat,"389982095",semicircles,position_long,"-1397628526",semicircles,distance,"14225.55",m,altitude,"17.0",m,speed,"0.877",m/s,unknown,"0",,unknown,"100",,heart_rate,"75",bpm,cadence,"0",rpm,fractional_cadence,"0.0",rpm,enhanced_altitude,"17.0",m,enhanced_speed,"0.877",m/s,,,,,,,,,,,,,,,,,,,,,,,,,,,,,,,,,,,,,,,,,,,,,,,,,,,,,,,,,,,,,,,,,,,,,,,,,,,,,,,,,,,,,,,,,,,,,,,,,,,,,,,,,,,,,,,,,,,,,,,,,,,,,,,,,,,,,,,,,,,,,,,,,,,,,,,,,,,,,,,,,,,
Data,12,record,timestamp,"944859611",s,position_lat,"389982819",semicircles,position_long,"-1397627503",semicircles,distance,"14236.1",m,altitude,"16.799999999999955",m,speed,"1.428",m/s,unknown,"0",,unknown,"100",,heart_rate,"72",bpm,cadence,"0",rpm,fractional_cadence,"0.0",rpm,enhanced_altitude,"16.799999999999955",m,enhanced_speed,"1.428",m/s,,,,,,,,,,,,,,,,,,,,,,,,,,,,,,,,,,,,,,,,,,,,,,,,,,,,,,,,,,,,,,,,,,,,,,,,,,,,,,,,,,,,,,,,,,,,,,,,,,,,,,,,,,,,,,,,,,,,,,,,,,,,,,,,,,,,,,,,,,,,,,,,,,,,,,,,,,,,,,,,,,,
Data,12,record,timestamp,"944859613",s,position_lat,"389982985",semicircles,position_long,"-1397627176",semicircles,distance,"14239.1",m,altitude,"16.600000000000023",m,speed,"1.549",m/s,unknown,"0",,unknown,"100",,heart_rate,"74",bpm,cadence,"0",rpm,fractional_cadence,"0.0",rpm,enhanced_altitude,"16.600000000000023",m,enhanced_speed,"1.549",m/s,,,,,,,,,,,,,,,,,,,,,,,,,,,,,,,,,,,,,,,,,,,,,,,,,,,,,,,,,,,,,,,,,,,,,,,,,,,,,,,,,,,,,,,,,,,,,,,,,,,,,,,,,,,,,,,,,,,,,,,,,,,,,,,,,,,,,,,,,,,,,,,,,,,,,,,,,,,,,,,,,,,
Data,12,record,timestamp,"944859615",s,position_lat,"389983096",semicircles,position_long,"-1397626784",semicircles,distance,"14242.34",m,altitude,"16.600000000000023",m,speed,"1.661",m/s,unknown,"0",,unknown,"100",,heart_rate,"77",bpm,cadence,"0",rpm,fractional_cadence,"0.0",rpm,enhanced_altitude,"16.600000000000023",m,enhanced_speed,"1.661",m/s,,,,,,,,,,,,,,,,,,,,,,,,,,,,,,,,,,,,,,,,,,,,,,,,,,,,,,,,,,,,,,,,,,,,,,,,,,,,,,,,,,,,,,,,,,,,,,,,,,,,,,,,,,,,,,,,,,,,,,,,,,,,,,,,,,,,,,,,,,,,,,,,,,,,,,,,,,,,,,,,,,,
Data,12,record,timestamp,"944859618",s,position_lat,"389983067",semicircles,position_long,"-1397626114",semicircles,distance,"14247.66",m,altitude,"16.600000000000023",m,speed,"1.754",m/s,unknown,"0",,unknown,"100",,heart_rate,"81",bpm,cadence,"0",rpm,fractional_cadence,"0.0",rpm,enhanced_altitude,"16.600000000000023",m,enhanced_speed,"1.754",m/s,,,,,,,,,,,,,,,,,,,,,,,,,,,,,,,,,,,,,,,,,,,,,,,,,,,,,,,,,,,,,,,,,,,,,,,,,,,,,,,,,,,,,,,,,,,,,,,,,,,,,,,,,,,,,,,,,,,,,,,,,,,,,,,,,,,,,,,,,,,,,,,,,,,,,,,,,,,,,,,,,,,
Data,12,record,timestamp,"944859621",s,position_lat,"389982935",semicircles,position_long,"-1397625445",semicircles,distance,"14253.06",m,altitude,"16.399999999999977",m,speed,"1.568",m/s,unknown,"0",,unknown,"100",,heart_rate,"81",bpm,cadence,"0",rpm,fractional_cadence,"0.0",rpm,enhanced_altitude,"16.399999999999977",m,enhanced_speed,"1.568",m/s,,,,,,,,,,,,,,,,,,,,,,,,,,,,,,,,,,,,,,,,,,,,,,,,,,,,,,,,,,,,,,,,,,,,,,,,,,,,,,,,,,,,,,,,,,,,,,,,,,,,,,,,,,,,,,,,,,,,,,,,,,,,,,,,,,,,,,,,,,,,,,,,,,,,,,,,,,,,,,,,,,,
Data,12,record,timestamp,"944859625",s,position_lat,"389982600",semicircles,position_long,"-1397624683",semicircles,distance,"14259.86",m,altitude,"16.600000000000023",m,speed,"1.633",m/s,unknown,"0",,unknown,"100",,heart_rate,"78",bpm,cadence,"0",rpm,fractional_cadence,"0.0",rpm,enhanced_altitude,"16.600000000000023",m,enhanced_speed,"1.633",m/s,,,,,,,,,,,,,,,,,,,,,,,,,,,,,,,,,,,,,,,,,,,,,,,,,,,,,,,,,,,,,,,,,,,,,,,,,,,,,,,,,,,,,,,,,,,,,,,,,,,,,,,,,,,,,,,,,,,,,,,,,,,,,,,,,,,,,,,,,,,,,,,,,,,,,,,,,,,,,,,,,,,
Data,12,record,timestamp,"944859628",s,position_lat,"389982235",semicircles,position_long,"-1397624462",semicircles,distance,"14263.81",m,altitude,"16.399999999999977",m,speed,"1.652",m/s,unknown,"0",,unknown,"100",,heart_rate,"78",bpm,cadence,"49",rpm,fractional_cadence,"0.0",rpm,enhanced_altitude,"16.399999999999977",m,enhanced_speed,"1.652",m/s,,,,,,,,,,,,,,,,,,,,,,,,,,,,,,,,,,,,,,,,,,,,,,,,,,,,,,,,,,,,,,,,,,,,,,,,,,,,,,,,,,,,,,,,,,,,,,,,,,,,,,,,,,,,,,,,,,,,,,,,,,,,,,,,,,,,,,,,,,,,,,,,,,,,,,,,,,,,,,,,,,,
Data,12,record,timestamp,"944859633",s,position_lat,"389981158",semicircles,position_long,"-1397624353",semicircles,distance,"14273.85",m,altitude,"16.399999999999977",m,speed,"2.015",m/s,unknown,"0",,unknown,"100",,heart_rate,"81",bpm,cadence,"0",rpm,fractional_cadence,"0.0",rpm,enhanced_altitude,"16.399999999999977",m,enhanced_speed,"2.015",m/s,,,,,,,,,,,,,,,,,,,,,,,,,,,,,,,,,,,,,,,,,,,,,,,,,,,,,,,,,,,,,,,,,,,,,,,,,,,,,,,,,,,,,,,,,,,,,,,,,,,,,,,,,,,,,,,,,,,,,,,,,,,,,,,,,,,,,,,,,,,,,,,,,,,,,,,,,,,,,,,,,,,
Data,12,record,timestamp,"944859634",s,position_lat,"389980912",semicircles,position_long,"-1397624367",semicircles,distance,"14276.14",m,altitude,"16.399999999999977",m,speed,"2.23",m/s,unknown,"0",,unknown,"100",,heart_rate,"78",bpm,cadence,"0",rpm,fractional_cadence,"0.0",rpm,enhanced_altitude,"16.399999999999977",m,enhanced_speed,"2.23",m/s,,,,,,,,,,,,,,,,,,,,,,,,,,,,,,,,,,,,,,,,,,,,,,,,,,,,,,,,,,,,,,,,,,,,,,,,,,,,,,,,,,,,,,,,,,,,,,,,,,,,,,,,,,,,,,,,,,,,,,,,,,,,,,,,,,,,,,,,,,,,,,,,,,,,,,,,,,,,,,,,,,,
Data,12,record,timestamp,"944859635",s,position_lat,"389980676",semicircles,position_long,"-1397624399",semicircles,distance,"14278.35",m,altitude,"16.200000000000045",m,speed,"2.305",m/s,unknown,"0",,unknown,"100",,heart_rate,"82",bpm,cadence,"0",rpm,fractional_cadence,"0.0",rpm,enhanced_altitude,"16.200000000000045",m,enhanced_speed,"2.305",m/s,,,,,,,,,,,,,,,,,,,,,,,,,,,,,,,,,,,,,,,,,,,,,,,,,,,,,,,,,,,,,,,,,,,,,,,,,,,,,,,,,,,,,,,,,,,,,,,,,,,,,,,,,,,,,,,,,,,,,,,,,,,,,,,,,,,,,,,,,,,,,,,,,,,,,,,,,,,,,,,,,,,
Data,12,record,timestamp,"944859636",s,position_lat,"389980425",semicircles,position_long,"-1397624442",semicircles,distance,"14280.7",m,altitude,"16.200000000000045",m,speed,"2.398",m/s,unknown,"0",,unknown,"100",,heart_rate,"81",bpm,cadence,"0",rpm,fractional_cadence,"0.0",rpm,enhanced_altitude,"16.200000000000045",m,enhanced_speed,"2.398",m/s,,,,,,,,,,,,,,,,,,,,,,,,,,,,,,,,,,,,,,,,,,,,,,,,,,,,,,,,,,,,,,,,,,,,,,,,,,,,,,,,,,,,,,,,,,,,,,,,,,,,,,,,,,,,,,,,,,,,,,,,,,,,,,,,,,,,,,,,,,,,,,,,,,,,,,,,,,,,,,,,,,,
Data,12,record,timestamp,"944859640",s,position_lat,"389979508",semicircles,position_long,"-1397624910",semicircles,distance,"14290.05",m,altitude,"16.399999999999977",m,speed,"2.417",m/s,unknown,"0",,unknown,"100",,heart_rate,"85",bpm,cadence,"0",rpm,fractional_cadence,"0.0",rpm,enhanced_altitude,"16.399999999999977",m,enhanced_speed,"2.417",m/s,,,,,,,,,,,,,,,,,,,,,,,,,,,,,,,,,,,,,,,,,,,,,,,,,,,,,,,,,,,,,,,,,,,,,,,,,,,,,,,,,,,,,,,,,,,,,,,,,,,,,,,,,,,,,,,,,,,,,,,,,,,,,,,,,,,,,,,,,,,,,,,,,,,,,,,,,,,,,,,,,,,
Data,12,record,timestamp,"944859642",s,position_lat,"389979090",semicircles,position_long,"-1397625187",semicircles,distance,"14294.49",m,altitude,"16.399999999999977",m,speed,"2.23",m/s,unknown,"0",,unknown,"100",,heart_rate,"85",bpm,cadence,"0",rpm,fractional_cadence,"0.0",rpm,enhanced_altitude,"16.399999999999977",m,enhanced_speed,"2.23",m/s,,,,,,,,,,,,,,,,,,,,,,,,,,,,,,,,,,,,,,,,,,,,,,,,,,,,,,,,,,,,,,,,,,,,,,,,,,,,,,,,,,,,,,,,,,,,,,,,,,,,,,,,,,,,,,,,,,,,,,,,,,,,,,,,,,,,,,,,,,,,,,,,,,,,,,,,,,,,,,,,,,,
Data,12,record,timestamp,"944859648",s,position_lat,"389978021",semicircles,position_long,"-1397626076",semicircles,distance,"14306.94",m,altitude,"16.399999999999977",m,speed,"2.034",m/s,unknown,"0",,unknown,"100",,heart_rate,"82",bpm,cadence,"0",rpm,fractional_cadence,"0.0",rpm,enhanced_altitude,"16.399999999999977",m,enhanced_speed,"2.034",m/s,,,,,,,,,,,,,,,,,,,,,,,,,,,,,,,,,,,,,,,,,,,,,,,,,,,,,,,,,,,,,,,,,,,,,,,,,,,,,,,,,,,,,,,,,,,,,,,,,,,,,,,,,,,,,,,,,,,,,,,,,,,,,,,,,,,,,,,,,,,,,,,,,,,,,,,,,,,,,,,,,,,
Data,12,record,timestamp,"944859649",s,position_lat,"389977928",semicircles,position_long,"-1397626279",semicircles,distance,"14308.76",m,altitude,"16.399999999999977",m,speed,"1.801",m/s,unknown,"0",,unknown,"100",,heart_rate,"82",bpm,cadence,"0",rpm,fractional_cadence,"0.0",rpm,enhanced_altitude,"16.399999999999977",m,enhanced_speed,"1.801",m/s,,,,,,,,,,,,,,,,,,,,,,,,,,,,,,,,,,,,,,,,,,,,,,,,,,,,,,,,,,,,,,,,,,,,,,,,,,,,,,,,,,,,,,,,,,,,,,,,,,,,,,,,,,,,,,,,,,,,,,,,,,,,,,,,,,,,,,,,,,,,,,,,,,,,,,,,,,,,,,,,,,,
Data,12,record,timestamp,"944859655",s,position_lat,"389977883",semicircles,position_long,"-1397627612",semicircles,distance,"14319.88",m,altitude,"16.399999999999977",m,speed,"1.782",m/s,unknown,"0",,unknown,"100",,heart_rate,"84",bpm,cadence,"0",rpm,fractional_cadence,"0.0",rpm,enhanced_altitude,"16.399999999999977",m,enhanced_speed,"1.782",m/s,,,,,,,,,,,,,,,,,,,,,,,,,,,,,,,,,,,,,,,,,,,,,,,,,,,,,,,,,,,,,,,,,,,,,,,,,,,,,,,,,,,,,,,,,,,,,,,,,,,,,,,,,,,,,,,,,,,,,,,,,,,,,,,,,,,,,,,,,,,,,,,,,,,,,,,,,,,,,,,,,,,
Data,12,record,timestamp,"944859659",s,position_lat,"389978095",semicircles,position_long,"-1397628404",semicircles,distance,"14326.39",m,altitude,"16.600000000000023",m,speed,"1.297",m/s,unknown,"0",,unknown,"100",,heart_rate,"81",bpm,cadence,"0",rpm,fractional_cadence,"0.0",rpm,enhanced_altitude,"16.600000000000023",m,enhanced_speed,"1.297",m/s,,,,,,,,,,,,,,,,,,,,,,,,,,,,,,,,,,,,,,,,,,,,,,,,,,,,,,,,,,,,,,,,,,,,,,,,,,,,,,,,,,,,,,,,,,,,,,,,,,,,,,,,,,,,,,,,,,,,,,,,,,,,,,,,,,,,,,,,,,,,,,,,,,,,,,,,,,,,,,,,,,,
Data,12,record,timestamp,"944859662",s,position_lat,"389978249",semicircles,position_long,"-1397628777",semicircles,distance,"14329.62",m,altitude,"16.399999999999977",m,speed,"0.98",m/s,unknown,"0",,unknown,"100",,heart_rate,"77",bpm,cadence,"0",rpm,fractional_cadence,"0.0",rpm,enhanced_altitude,"16.399999999999977",m,enhanced_speed,"0.98",m/s,,,,,,,,,,,,,,,,,,,,,,,,,,,,,,,,,,,,,,,,,,,,,,,,,,,,,,,,,,,,,,,,,,,,,,,,,,,,,,,,,,,,,,,,,,,,,,,,,,,,,,,,,,,,,,,,,,,,,,,,,,,,,,,,,,,,,,,,,,,,,,,,,,,,,,,,,,,,,,,,,,,
Data,12,record,timestamp,"944859663",s,position_lat,"389978319",semicircles,position_long,"-1397628848",semicircles,distance,"14330.48",m,altitude,"16.600000000000023",m,speed,"0.961",m/s,unknown,"0",,unknown,"100",,heart_rate,"82",bpm,cadence,"0",rpm,fractional_cadence,"0.0",rpm,enhanced_altitude,"16.600000000000023",m,enhanced_speed,"0.961",m/s,,,,,,,,,,,,,,,,,,,,,,,,,,,,,,,,,,,,,,,,,,,,,,,,,,,,,,,,,,,,,,,,,,,,,,,,,,,,,,,,,,,,,,,,,,,,,,,,,,,,,,,,,,,,,,,,,,,,,,,,,,,,,,,,,,,,,,,,,,,,,,,,,,,,,,,,,,,,,,,,,,,
Data,12,record,timestamp,"944859668",s,position_lat,"389978653",semicircles,position_long,"-1397629320",semicircles,distance,"14335.33",m,altitude,"16.600000000000023",m,speed,"0.858",m/s,unknown,"0",,unknown,"100",,heart_rate,"85",bpm,cadence,"0",rpm,fractional_cadence,"0.0",rpm,enhanced_altitude,"16.600000000000023",m,enhanced_speed,"0.858",m/s,,,,,,,,,,,,,,,,,,,,,,,,,,,,,,,,,,,,,,,,,,,,,,,,,,,,,,,,,,,,,,,,,,,,,,,,,,,,,,,,,,,,,,,,,,,,,,,,,,,,,,,,,,,,,,,,,,,,,,,,,,,,,,,,,,,,,,,,,,,,,,,,,,,,,,,,,,,,,,,,,,,
Data,12,record,timestamp,"944859671",s,position_lat,"389978864",semicircles,position_long,"-1397629439",semicircles,distance,"14337.55",m,altitude,"16.799999999999955",m,speed,"0.625",m/s,unknown,"0",,unknown,"100",,heart_rate,"87",bpm,cadence,"0",rpm,fractional_cadence,"0.0",rpm,enhanced_altitude,"16.799999999999955",m,enhanced_speed,"0.625",m/s,,,,,,,,,,,,,,,,,,,,,,,,,,,,,,,,,,,,,,,,,,,,,,,,,,,,,,,,,,,,,,,,,,,,,,,,,,,,,,,,,,,,,,,,,,,,,,,,,,,,,,,,,,,,,,,,,,,,,,,,,,,,,,,,,,,,,,,,,,,,,,,,,,,,,,,,,,,,,,,,,,,
Data,12,record,timestamp,"944859676",s,position_lat,"389978924",semicircles,position_long,"-1397629731",semicircles,distance,"14339.97",m,altitude,"16.799999999999955",m,speed,"0.467",m/s,unknown,"0",,unknown,"100",,heart_rate,"90",bpm,cadence,"0",rpm,fractional_cadence,"0.0",rpm,enhanced_altitude,"16.799999999999955",m,enhanced_speed,"0.467",m/s,,,,,,,,,,,,,,,,,,,,,,,,,,,,,,,,,,,,,,,,,,,,,,,,,,,,,,,,,,,,,,,,,,,,,,,,,,,,,,,,,,,,,,,,,,,,,,,,,,,,,,,,,,,,,,,,,,,,,,,,,,,,,,,,,,,,,,,,,,,,,,,,,,,,,,,,,,,,,,,,,,,
Data,12,record,timestamp,"944859677",s,position_lat,"389978922",semicircles,position_long,"-1397629799",semicircles,distance,"14340.5",m,altitude,"16.799999999999955",m,speed,"0.457",m/s,unknown,"0",,unknown,"100",,heart_rate,"86",bpm,cadence,"0",rpm,fractional_cadence,"0.0",rpm,enhanced_altitude,"16.799999999999955",m,enhanced_speed,"0.457",m/s,,,,,,,,,,,,,,,,,,,,,,,,,,,,,,,,,,,,,,,,,,,,,,,,,,,,,,,,,,,,,,,,,,,,,,,,,,,,,,,,,,,,,,,,,,,,,,,,,,,,,,,,,,,,,,,,,,,,,,,,,,,,,,,,,,,,,,,,,,,,,,,,,,,,,,,,,,,,,,,,,,,
Data,12,record,timestamp,"944859681",s,position_lat,"389979128",semicircles,position_long,"-1397629964",semicircles,distance,"14342.67",m,altitude,"17.0",m,speed,"0.439",m/s,unknown,"0",,unknown,"100",,heart_rate,"86",bpm,cadence,"0",rpm,fractional_cadence,"0.0",rpm,enhanced_altitude,"17.0",m,enhanced_speed,"0.439",m/s,,,,,,,,,,,,,,,,,,,,,,,,,,,,,,,,,,,,,,,,,,,,,,,,,,,,,,,,,,,,,,,,,,,,,,,,,,,,,,,,,,,,,,,,,,,,,,,,,,,,,,,,,,,,,,,,,,,,,,,,,,,,,,,,,,,,,,,,,,,,,,,,,,,,,,,,,,,,,,,,,,,
Data,12,record,timestamp,"944859684",s,position_lat,"389979255",semicircles,position_long,"-1397629983",semicircles,distance,"14343.75",m,altitude,"17.0",m,speed,"0.0",m/s,unknown,"0",,unknown,"100",,heart_rate,"89",bpm,cadence,"0",rpm,fractional_cadence,"0.0",rpm,enhanced_altitude,"17.0",m,enhanced_speed,"0.0",m/s,,,,,,,,,,,,,,,,,,,,,,,,,,,,,,,,,,,,,,,,,,,,,,,,,,,,,,,,,,,,,,,,,,,,,,,,,,,,,,,,,,,,,,,,,,,,,,,,,,,,,,,,,,,,,,,,,,,,,,,,,,,,,,,,,,,,,,,,,,,,,,,,,,,,,,,,,,,,,,,,,,,
Data,12,record,timestamp,"944859687",s,position_lat,"389979264",semicircles,position_long,"-1397630001",semicircles,distance,"14343.92",m,altitude,"17.200000000000045",m,speed,"0.0",m/s,unknown,"0",,unknown,"100",,heart_rate,"86",bpm,cadence,"0",rpm,fractional_cadence,"0.0",rpm,enhanced_altitude,"17.200000000000045",m,enhanced_speed,"0.0",m/s,,,,,,,,,,,,,,,,,,,,,,,,,,,,,,,,,,,,,,,,,,,,,,,,,,,,,,,,,,,,,,,,,,,,,,,,,,,,,,,,,,,,,,,,,,,,,,,,,,,,,,,,,,,,,,,,,,,,,,,,,,,,,,,,,,,,,,,,,,,,,,,,,,,,,,,,,,,,,,,,,,,
Data,12,record,timestamp,"944859694",s,position_lat,"389979323",semicircles,position_long,"-1397630197",semicircles,distance,"14345.51",m,altitude,"17.0",m,speed,"0.0",m/s,unknown,"0",,unknown,"100",,heart_rate,"85",bpm,cadence,"0",rpm,fractional_cadence,"0.0",rpm,enhanced_altitude,"17.0",m,enhanced_speed,"0.0",m/s,,,,,,,,,,,,,,,,,,,,,,,,,,,,,,,,,,,,,,,,,,,,,,,,,,,,,,,,,,,,,,,,,,,,,,,,,,,,,,,,,,,,,,,,,,,,,,,,,,,,,,,,,,,,,,,,,,,,,,,,,,,,,,,,,,,,,,,,,,,,,,,,,,,,,,,,,,,,,,,,,,,
Data,12,record,timestamp,"944859699",s,position_lat,"389979083",semicircles,position_long,"-1397630509",semicircles,distance,"14348.6",m,altitude,"17.0",m,speed,"0.532",m/s,unknown,"0",,unknown,"100",,heart_rate,"82",bpm,cadence,"0",rpm,fractional_cadence,"0.0",rpm,enhanced_altitude,"17.0",m,enhanced_speed,"0.532",m/s,,,,,,,,,,,,,,,,,,,,,,,,,,,,,,,,,,,,,,,,,,,,,,,,,,,,,,,,,,,,,,,,,,,,,,,,,,,,,,,,,,,,,,,,,,,,,,,,,,,,,,,,,,,,,,,,,,,,,,,,,,,,,,,,,,,,,,,,,,,,,,,,,,,,,,,,,,,,,,,,,,,
Data,12,record,timestamp,"944859704",s,position_lat,"389978598",semicircles,position_long,"-1397630724",semicircles,distance,"14353.34",m,altitude,"17.0",m,speed,"0.942",m/s,unknown,"0",,unknown,"100",,heart_rate,"82",bpm,cadence,"0",rpm,fractional_cadence,"0.0",rpm,enhanced_altitude,"17.0",m,enhanced_speed,"0.942",m/s,,,,,,,,,,,,,,,,,,,,,,,,,,,,,,,,,,,,,,,,,,,,,,,,,,,,,,,,,,,,,,,,,,,,,,,,,,,,,,,,,,,,,,,,,,,,,,,,,,,,,,,,,,,,,,,,,,,,,,,,,,,,,,,,,,,,,,,,,,,,,,,,,,,,,,,,,,,,,,,,,,,
Data,12,record,timestamp,"944859706",s,position_lat,"389978439",semicircles,position_long,"-1397630824",semicircles,distance,"14355.01",m,altitude,"17.0",m,speed,"0.868",m/s,unknown,"0",,unknown,"100",,heart_rate,"78",bpm,cadence,"0",rpm,fractional_cadence,"0.0",rpm,enhanced_altitude,"17.0",m,enhanced_speed,"0.868",m/s,,,,,,,,,,,,,,,,,,,,,,,,,,,,,,,,,,,,,,,,,,,,,,,,,,,,,,,,,,,,,,,,,,,,,,,,,,,,,,,,,,,,,,,,,,,,,,,,,,,,,,,,,,,,,,,,,,,,,,,,,,,,,,,,,,,,,,,,,,,,,,,,,,,,,,,,,,,,,,,,,,,
Data,12,record,timestamp,"944859709",s,position_lat,"389978274",semicircles,position_long,"-1397630975",semicircles,distance,"14356.86",m,altitude,"17.0",m,speed,"0.7",m/s,unknown,"0",,unknown,"100",,heart_rate,"81",bpm,cadence,"0",rpm,fractional_cadence,"0.0",rpm,enhanced_altitude,"17.0",m,enhanced_speed,"0.7",m/s,,,,,,,,,,,,,,,,,,,,,,,,,,,,,,,,,,,,,,,,,,,,,,,,,,,,,,,,,,,,,,,,,,,,,,,,,,,,,,,,,,,,,,,,,,,,,,,,,,,,,,,,,,,,,,,,,,,,,,,,,,,,,,,,,,,,,,,,,,,,,,,,,,,,,,,,,,,,,,,,,,,
Data,12,record,timestamp,"944859711",s,position_lat,"389978185",semicircles,position_long,"-1397631102",semicircles,distance,"14358.07",m,altitude,"17.200000000000045",m,speed,"0.634",m/s,unknown,"0",,unknown,"100",,heart_rate,"78",bpm,cadence,"0",rpm,fractional_cadence,"0.0",rpm,enhanced_altitude,"17.200000000000045",m,enhanced_speed,"0.634",m/s,,,,,,,,,,,,,,,,,,,,,,,,,,,,,,,,,,,,,,,,,,,,,,,,,,,,,,,,,,,,,,,,,,,,,,,,,,,,,,,,,,,,,,,,,,,,,,,,,,,,,,,,,,,,,,,,,,,,,,,,,,,,,,,,,,,,,,,,,,,,,,,,,,,,,,,,,,,,,,,,,,,
Data,12,record,timestamp,"944859719",s,position_lat,"389977675",semicircles,position_long,"-1397631276",semicircles,distance,"14363.09",m,altitude,"17.200000000000045",m,speed,"0.606",m/s,unknown,"0",,unknown,"100",,heart_rate,"78",bpm,cadence,"0",rpm,fractional_cadence,"0.0",rpm,enhanced_altitude,"17.200000000000045",m,enhanced_speed,"0.606",m/s,,,,,,,,,,,,,,,,,,,,,,,,,,,,,,,,,,,,,,,,,,,,,,,,,,,,,,,,,,,,,,,,,,,,,,,,,,,,,,,,,,,,,,,,,,,,,,,,,,,,,,,,,,,,,,,,,,,,,,,,,,,,,,,,,,,,,,,,,,,,,,,,,,,,,,,,,,,,,,,,,,,
Data,12,record,timestamp,"944859725",s,position_lat,"389977202",semicircles,position_long,"-1397631321",semicircles,distance,"14367.49",m,altitude,"17.0",m,speed,"0.756",m/s,unknown,"0",,unknown,"100",,heart_rate,"74",bpm,cadence,"0",rpm,fractional_cadence,"0.0",rpm,enhanced_altitude,"17.0",m,enhanced_speed,"0.756",m/s,,,,,,,,,,,,,,,,,,,,,,,,,,,,,,,,,,,,,,,,,,,,,,,,,,,,,,,,,,,,,,,,,,,,,,,,,,,,,,,,,,,,,,,,,,,,,,,,,,,,,,,,,,,,,,,,,,,,,,,,,,,,,,,,,,,,,,,,,,,,,,,,,,,,,,,,,,,,,,,,,,,
Data,12,record,timestamp,"944859733",s,position_lat,"389976256",semicircles,position_long,"-1397631360",semicircles,distance,"14376.27",m,altitude,"17.0",m,speed,"1.008",m/s,unknown,"0",,unknown,"100",,heart_rate,"74",bpm,cadence,"0",rpm,fractional_cadence,"0.0",rpm,enhanced_altitude,"17.0",m,enhanced_speed,"1.008",m/s,,,,,,,,,,,,,,,,,,,,,,,,,,,,,,,,,,,,,,,,,,,,,,,,,,,,,,,,,,,,,,,,,,,,,,,,,,,,,,,,,,,,,,,,,,,,,,,,,,,,,,,,,,,,,,,,,,,,,,,,,,,,,,,,,,,,,,,,,,,,,,,,,,,,,,,,,,,,,,,,,,,
Data,12,record,timestamp,"944859734",s,position_lat,"389976129",semicircles,position_long,"-1397631376",semicircles,distance,"14377.45",m,altitude,"17.0",m,speed,"1.045",m/s,unknown,"0",,unknown,"100",,heart_rate,"75",bpm,cadence,"0",rpm,fractional_cadence,"0.0",rpm,enhanced_altitude,"17.0",m,enhanced_speed,"1.045",m/s,,,,,,,,,,,,,,,,,,,,,,,,,,,,,,,,,,,,,,,,,,,,,,,,,,,,,,,,,,,,,,,,,,,,,,,,,,,,,,,,,,,,,,,,,,,,,,,,,,,,,,,,,,,,,,,,,,,,,,,,,,,,,,,,,,,,,,,,,,,,,,,,,,,,,,,,,,,,,,,,,,,
Data,12,record,timestamp,"944859746",s,position_lat,"389975195",semicircles,position_long,"-1397631500",semicircles,distance,"14386.23",m,altitude,"16.799999999999955",m,speed,"0.672",m/s,unknown,"0",,unknown,"100",,heart_rate,"79",bpm,cadence,"0",rpm,fractional_cadence,"0.0",rpm,enhanced_altitude,"16.799999999999955",m,enhanced_speed,"0.672",m/s,,,,,,,,,,,,,,,,,,,,,,,,,,,,,,,,,,,,,,,,,,,,,,,,,,,,,,,,,,,,,,,,,,,,,,,,,,,,,,,,,,,,,,,,,,,,,,,,,,,,,,,,,,,,,,,,,,,,,,,,,,,,,,,,,,,,,,,,,,,,,,,,,,,,,,,,,,,,,,,,,,,
Data,12,record,timestamp,"944859749",s,position_lat,"389975060",semicircles,position_long,"-1397631558",semicircles,distance,"14387.55",m,altitude,"16.600000000000023",m,speed,"0.662",m/s,unknown,"0",,unknown,"100",,heart_rate,"83",bpm,cadence,"0",rpm,fractional_cadence,"0.0",rpm,enhanced_altitude,"16.600000000000023",m,enhanced_speed,"0.662",m/s,,,,,,,,,,,,,,,,,,,,,,,,,,,,,,,,,,,,,,,,,,,,,,,,,,,,,,,,,,,,,,,,,,,,,,,,,,,,,,,,,,,,,,,,,,,,,,,,,,,,,,,,,,,,,,,,,,,,,,,,,,,,,,,,,,,,,,,,,,,,,,,,,,,,,,,,,,,,,,,,,,,
Data,12,record,timestamp,"944859760",s,position_lat,"389974180",semicircles,position_long,"-1397632022",semicircles,distance,"14396.25",m,altitude,"16.399999999999977",m,speed,"0.83",m/s,unknown,"0",,unknown,"100",,heart_rate,"80",bpm,cadence,"0",rpm,fractional_cadence,"0.0",rpm,enhanced_altitude,"16.399999999999977",m,enhanced_speed,"0.83",m/s,,,,,,,,,,,,,,,,,,,,,,,,,,,,,,,,,,,,,,,,,,,,,,,,,,,,,,,,,,,,,,,,,,,,,,,,,,,,,,,,,,,,,,,,,,,,,,,,,,,,,,,,,,,,,,,,,,,,,,,,,,,,,,,,,,,,,,,,,,,,,,,,,,,,,,,,,,,,,,,,,,,
Data,12,record,timestamp,"944859762",s,position_lat,"389973984",semicircles,position_long,"-1397632108",semicircles,distance,"14398.18",m,altitude,"16.399999999999977",m,speed,"0.821",m/s,unknown,"0",,unknown,"100",,heart_rate,"80",bpm,cadence,"0",rpm,fractional_cadence,"0.0",rpm,enhanced_altitude,"16.399999999999977",m,enhanced_speed,"0.821",m/s,,,,,,,,,,,,,,,,,,,,,,,,,,,,,,,,,,,,,,,,,,,,,,,,,,,,,,,,,,,,,,,,,,,,,,,,,,,,,,,,,,,,,,,,,,,,,,,,,,,,,,,,,,,,,,,,,,,,,,,,,,,,,,,,,,,,,,,,,,,,,,,,,,,,,,,,,,,,,,,,,,,
Data,12,record,timestamp,"944859765",s,position_lat,"389973735",semicircles,position_long,"-1397632171",semicircles,distance,"14400.56",m,altitude,"16.399999999999977",m,speed,"0.83",m/s,unknown,"0",,unknown,"300",,heart_rate,"75",bpm,cadence,"0",rpm,fractional_cadence,"0.0",rpm,enhanced_altitude,"16.399999999999977",m,enhanced_speed,"0.83",m/s,,,,,,,,,,,,,,,,,,,,,,,,,,,,,,,,,,,,,,,,,,,,,,,,,,,,,,,,,,,,,,,,,,,,,,,,,,,,,,,,,,,,,,,,,,,,,,,,,,,,,,,,,,,,,,,,,,,,,,,,,,,,,,,,,,,,,,,,,,,,,,,,,,,,,,,,,,,,,,,,,,,
Data,12,record,timestamp,"944859775",s,position_lat,"389972856",semicircles,position_long,"-1397632388",semicircles,distance,"14409.03",m,altitude,"16.799999999999955",m,speed,"0.784",m/s,unknown,"0",,unknown,"100",,heart_rate,"72",bpm,cadence,"0",rpm,fractional_cadence,"0.0",rpm,enhanced_altitude,"16.799999999999955",m,enhanced_speed,"0.784",m/s,,,,,,,,,,,,,,,,,,,,,,,,,,,,,,,,,,,,,,,,,,,,,,,,,,,,,,,,,,,,,,,,,,,,,,,,,,,,,,,,,,,,,,,,,,,,,,,,,,,,,,,,,,,,,,,,,,,,,,,,,,,,,,,,,,,,,,,,,,,,,,,,,,,,,,,,,,,,,,,,,,,
Data,12,record,timestamp,"944859777",s,position_lat,"389972671",semicircles,position_long,"-1397632361",semicircles,distance,"14410.72",m,altitude,"17.0",m,speed,"0.83",m/s,unknown,"0",,unknown,"100",,heart_rate,"70",bpm,cadence,"0",rpm,fractional_cadence,"0.0",rpm,enhanced_altitude,"17.0",m,enhanced_speed,"0.83",m/s,,,,,,,,,,,,,,,,,,,,,,,,,,,,,,,,,,,,,,,,,,,,,,,,,,,,,,,,,,,,,,,,,,,,,,,,,,,,,,,,,,,,,,,,,,,,,,,,,,,,,,,,,,,,,,,,,,,,,,,,,,,,,,,,,,,,,,,,,,,,,,,,,,,,,,,,,,,,,,,,,,,
Data,12,record,timestamp,"944859785",s,position_lat,"389971987",semicircles,position_long,"-1397632314",semicircles,distance,"14417.06",m,altitude,"17.200000000000045",m,speed,"0.84",m/s,unknown,"0",,unknown,"300",,heart_rate,"73",bpm,cadence,"0",rpm,fractional_cadence,"0.0",rpm,enhanced_altitude,"17.200000000000045",m,enhanced_speed,"0.84",m/s,,,,,,,,,,,,,,,,,,,,,,,,,,,,,,,,,,,,,,,,,,,,,,,,,,,,,,,,,,,,,,,,,,,,,,,,,,,,,,,,,,,,,,,,,,,,,,,,,,,,,,,,,,,,,,,,,,,,,,,,,,,,,,,,,,,,,,,,,,,,,,,,,,,,,,,,,,,,,,,,,,,
Data,12,record,timestamp,"944859788",s,position_lat,"389971780",semicircles,position_long,"-1397632358",semicircles,distance,"14419.01",m,altitude,"17.200000000000045",m,speed,"0.784",m/s,unknown,"0",,unknown,"100",,heart_rate,"69",bpm,cadence,"0",rpm,fractional_cadence,"0.0",rpm,enhanced_altitude,"17.200000000000045",m,enhanced_speed,"0.784",m/s,,,,,,,,,,,,,,,,,,,,,,,,,,,,,,,,,,,,,,,,,,,,,,,,,,,,,,,,,,,,,,,,,,,,,,,,,,,,,,,,,,,,,,,,,,,,,,,,,,,,,,,,,,,,,,,,,,,,,,,,,,,,,,,,,,,,,,,,,,,,,,,,,,,,,,,,,,,,,,,,,,,
Data,12,record,timestamp,"944859794",s,position_lat,"389971281",semicircles,position_long,"-1397632436",semicircles,distance,"14423.7",m,altitude,"17.200000000000045",m,speed,"0.784",m/s,unknown,"0",,unknown,"100",,heart_rate,"73",bpm,cadence,"0",rpm,fractional_cadence,"0.0",rpm,enhanced_altitude,"17.200000000000045",m,enhanced_speed,"0.784",m/s,,,,,,,,,,,,,,,,,,,,,,,,,,,,,,,,,,,,,,,,,,,,,,,,,,,,,,,,,,,,,,,,,,,,,,,,,,,,,,,,,,,,,,,,,,,,,,,,,,,,,,,,,,,,,,,,,,,,,,,,,,,,,,,,,,,,,,,,,,,,,,,,,,,,,,,,,,,,,,,,,,,
Data,12,record,timestamp,"944859795",s,position_lat,"389971204",semicircles,position_long,"-1397632444",semicircles,distance,"14424.41",m,altitude,"17.200000000000045",m,speed,"0.746",m/s,unknown,"0",,unknown,"100",,heart_rate,"70",bpm,cadence,"0",rpm,fractional_cadence,"0.0",rpm,enhanced_altitude,"17.200000000000045",m,enhanced_speed,"0.746",m/s,,,,,,,,,,,,,,,,,,,,,,,,,,,,,,,,,,,,,,,,,,,,,,,,,,,,,,,,,,,,,,,,,,,,,,,,,,,,,,,,,,,,,,,,,,,,,,,,,,,,,,,,,,,,,,,,,,,,,,,,,,,,,,,,,,,,,,,,,,,,,,,,,,,,,,,,,,,,,,,,,,,
Data,12,record,timestamp,"944859798",s,position_lat,"389970958",semicircles,position_long,"-1397632559",semicircles,distance,"14426.85",m,altitude,"17.200000000000045",m,speed,"0.784",m/s,unknown,"0",,unknown,"100",,heart_rate,"66",bpm,cadence,"0",rpm,fractional_cadence,"0.0",rpm,enhanced_altitude,"17.200000000000045",m,enhanced_speed,"0.784",m/s,,,,,,,,,,,,,,,,,,,,,,,,,,,,,,,,,,,,,,,,,,,,,,,,,,,,,,,,,,,,,,,,,,,,,,,,,,,,,,,,,,,,,,,,,,,,,,,,,,,,,,,,,,,,,,,,,,,,,,,,,,,,,,,,,,,,,,,,,,,,,,,,,,,,,,,,,,,,,,,,,,,
Data,12,record,timestamp,"944859799",s,position_lat,"389970884",semicircles,position_long,"-1397632584",semicircles,distance,"14427.57",m,altitude,"17.200000000000045",m,speed,"0.774",m/s,unknown,"0",,unknown,"100",,heart_rate,"69",bpm,cadence,"0",rpm,fractional_cadence,"0.0",rpm,enhanced_altitude,"17.200000000000045",m,enhanced_speed,"0.774",m/s,,,,,,,,,,,,,,,,,,,,,,,,,,,,,,,,,,,,,,,,,,,,,,,,,,,,,,,,,,,,,,,,,,,,,,,,,,,,,,,,,,,,,,,,,,,,,,,,,,,,,,,,,,,,,,,,,,,,,,,,,,,,,,,,,,,,,,,,,,,,,,,,,,,,,,,,,,,,,,,,,,,
Data,12,record,timestamp,"944859802",s,position_lat,"389970655",semicircles,position_long,"-1397632619",semicircles,distance,"14429.72",m,altitude,"17.200000000000045",m,speed,"0.784",m/s,unknown,"0",,unknown,"100",,heart_rate,"66",bpm,cadence,"0",rpm,fractional_cadence,"0.0",rpm,enhanced_altitude,"17.200000000000045",m,enhanced_speed,"0.784",m/s,,,,,,,,,,,,,,,,,,,,,,,,,,,,,,,,,,,,,,,,,,,,,,,,,,,,,,,,,,,,,,,,,,,,,,,,,,,,,,,,,,,,,,,,,,,,,,,,,,,,,,,,,,,,,,,,,,,,,,,,,,,,,,,,,,,,,,,,,,,,,,,,,,,,,,,,,,,,,,,,,,,
Data,12,record,timestamp,"944859810",s,position_lat,"389970005",semicircles,position_long,"-1397632684",semicircles,distance,"14435.8",m,altitude,"17.200000000000045",m,speed,"0.793",m/s,unknown,"0",,unknown,"100",,heart_rate,"68",bpm,cadence,"0",rpm,fractional_cadence,"0.0",rpm,enhanced_altitude,"17.200000000000045",m,enhanced_speed,"0.793",m/s,,,,,,,,,,,,,,,,,,,,,,,,,,,,,,,,,,,,,,,,,,,,,,,,,,,,,,,,,,,,,,,,,,,,,,,,,,,,,,,,,,,,,,,,,,,,,,,,,,,,,,,,,,,,,,,,,,,,,,,,,,,,,,,,,,,,,,,,,,,,,,,,,,,,,,,,,,,,,,,,,,,
Data,12,record,timestamp,"944859817",s,position_lat,"389969541",semicircles,position_long,"-1397632807",semicircles,distance,"14440.24",m,altitude,"17.0",m,speed,"0.7",m/s,unknown,"0",,unknown,"100",,heart_rate,"65",bpm,cadence,"0",rpm,fractional_cadence,"0.0",rpm,enhanced_altitude,"17.0",m,enhanced_speed,"0.7",m/s,,,,,,,,,,,,,,,,,,,,,,,,,,,,,,,,,,,,,,,,,,,,,,,,,,,,,,,,,,,,,,,,,,,,,,,,,,,,,,,,,,,,,,,,,,,,,,,,,,,,,,,,,,,,,,,,,,,,,,,,,,,,,,,,,,,,,,,,,,,,,,,,,,,,,,,,,,,,,,,,,,,
Data,12,record,timestamp,"944859819",s,position_lat,"389969388",semicircles,position_long,"-1397632870",semicircles,distance,"14441.74",m,altitude,"17.0",m,speed,"0.709",m/s,unknown,"0",,unknown,"100",,heart_rate,"68",bpm,cadence,"0",rpm,fractional_cadence,"0.0",rpm,enhanced_altitude,"17.0",m,enhanced_speed,"0.709",m/s,,,,,,,,,,,,,,,,,,,,,,,,,,,,,,,,,,,,,,,,,,,,,,,,,,,,,,,,,,,,,,,,,,,,,,,,,,,,,,,,,,,,,,,,,,,,,,,,,,,,,,,,,,,,,,,,,,,,,,,,,,,,,,,,,,,,,,,,,,,,,,,,,,,,,,,,,,,,,,,,,,,
Data,12,record,timestamp,"944859823",s,position_lat,"389969092",semicircles,position_long,"-1397632891",semicircles,distance,"14444.49",m,altitude,"16.799999999999955",m,speed,"0.672",m/s,unknown,"0",,unknown,"100",,heart_rate,"65",bpm,cadence,"0",rpm,fractional_cadence,"0.0",rpm,enhanced_altitude,"16.799999999999955",m,enhanced_speed,"0.672",m/s,,,,,,,,,,,,,,,,,,,,,,,,,,,,,,,,,,,,,,,,,,,,,,,,,,,,,,,,,,,,,,,,,,,,,,,,,,,,,,,,,,,,,,,,,,,,,,,,,,,,,,,,,,,,,,,,,,,,,,,,,,,,,,,,,,,,,,,,,,,,,,,,,,,,,,,,,,,,,,,,,,,
Data,12,record,timestamp,"944859826",s,position_lat,"389968844",semicircles,position_long,"-1397632902",semicircles,distance,"14446.79",m,altitude,"17.0",m,speed,"0.718",m/s,unknown,"0",,unknown,"100",,heart_rate,"65",bpm,cadence,"0",rpm,fractional_cadence,"0.0",rpm,enhanced_altitude,"17.0",m,enhanced_speed,"0.718",m/s,,,,,,,,,,,,,,,,,,,,,,,,,,,,,,,,,,,,,,,,,,,,,,,,,,,,,,,,,,,,,,,,,,,,,,,,,,,,,,,,,,,,,,,,,,,,,,,,,,,,,,,,,,,,,,,,,,,,,,,,,,,,,,,,,,,,,,,,,,,,,,,,,,,,,,,,,,,,,,,,,,,
Data,12,record,timestamp,"944859836",s,position_lat,"389967999",semicircles,position_long,"-1397632945",semicircles,distance,"14454.64",m,altitude,"17.0",m,speed,"0.737",m/s,unknown,"0",,unknown,"100",,heart_rate,"70",bpm,cadence,"0",rpm,fractional_cadence,"0.0",rpm,enhanced_altitude,"17.0",m,enhanced_speed,"0.737",m/s,,,,,,,,,,,,,,,,,,,,,,,,,,,,,,,,,,,,,,,,,,,,,,,,,,,,,,,,,,,,,,,,,,,,,,,,,,,,,,,,,,,,,,,,,,,,,,,,,,,,,,,,,,,,,,,,,,,,,,,,,,,,,,,,,,,,,,,,,,,,,,,,,,,,,,,,,,,,,,,,,,,
Data,12,record,timestamp,"944859838",s,position_lat,"389967836",semicircles,position_long,"-1397633010",semicircles,distance,"14456.22",m,altitude,"17.0",m,speed,"0.728",m/s,unknown,"0",,unknown,"100",,heart_rate,"74",bpm,cadence,"0",rpm,fractional_cadence,"0.0",rpm,enhanced_altitude,"17.0",m,enhanced_speed,"0.728",m/s,,,,,,,,,,,,,,,,,,,,,,,,,,,,,,,,,,,,,,,,,,,,,,,,,,,,,,,,,,,,,,,,,,,,,,,,,,,,,,,,,,,,,,,,,,,,,,,,,,,,,,,,,,,,,,,,,,,,,,,,,,,,,,,,,,,,,,,,,,,,,,,,,,,,,,,,,,,,,,,,,,,
Data,12,record,timestamp,"944859841",s,position_lat,"389967607",semicircles,position_long,"-1397633114",semicircles,distance,"14458.48",m,altitude,"17.0",m,speed,"0.7",m/s,unknown,"0",,unknown,"100",,heart_rate,"77",bpm,cadence,"0",rpm,fractional_cadence,"0.0",rpm,enhanced_altitude,"17.0",m,enhanced_speed,"0.7",m/s,,,,,,,,,,,,,,,,,,,,,,,,,,,,,,,,,,,,,,,,,,,,,,,,,,,,,,,,,,,,,,,,,,,,,,,,,,,,,,,,,,,,,,,,,,,,,,,,,,,,,,,,,,,,,,,,,,,,,,,,,,,,,,,,,,,,,,,,,,,,,,,,,,,,,,,,,,,,,,,,,,,
Data,12,record,timestamp,"944859844",s,position_lat,"389967451",semicircles,position_long,"-1397633201",semicircles,distance,"14460.07",m,altitude,"17.0",m,speed,"0.532",m/s,unknown,"0",,unknown,"100",,heart_rate,"79",bpm,cadence,"0",rpm,fractional_cadence,"0.0",rpm,enhanced_altitude,"17.0",m,enhanced_speed,"0.532",m/s,,,,,,,,,,,,,,,,,,,,,,,,,,,,,,,,,,,,,,,,,,,,,,,,,,,,,,,,,,,,,,,,,,,,,,,,,,,,,,,,,,,,,,,,,,,,,,,,,,,,,,,,,,,,,,,,,,,,,,,,,,,,,,,,,,,,,,,,,,,,,,,,,,,,,,,,,,,,,,,,,,,
Data,12,record,timestamp,"944859847",s,position_lat,"389967270",semicircles,position_long,"-1397633336",semicircles,distance,"14462.01",m,altitude,"17.0",m,speed,"0.579",m/s,unknown,"0",,unknown,"100",,heart_rate,"83",bpm,cadence,"0",rpm,fractional_cadence,"0.0",rpm,enhanced_altitude,"17.0",m,enhanced_speed,"0.579",m/s,,,,,,,,,,,,,,,,,,,,,,,,,,,,,,,,,,,,,,,,,,,,,,,,,,,,,,,,,,,,,,,,,,,,,,,,,,,,,,,,,,,,,,,,,,,,,,,,,,,,,,,,,,,,,,,,,,,,,,,,,,,,,,,,,,,,,,,,,,,,,,,,,,,,,,,,,,,,,,,,,,,
Data,12,record,timestamp,"944859860",s,position_lat,"389966139",semicircles,position_long,"-1397633580",semicircles,distance,"14472.73",m,altitude,"17.200000000000045",m,speed,"0.746",m/s,unknown,"0",,unknown,"100",,heart_rate,"83",bpm,cadence,"0",rpm,fractional_cadence,"0.0",rpm,enhanced_altitude,"17.200000000000045",m,enhanced_speed,"0.746",m/s,,,,,,,,,,,,,,,,,,,,,,,,,,,,,,,,,,,,,,,,,,,,,,,,,,,,,,,,,,,,,,,,,,,,,,,,,,,,,,,,,,,,,,,,,,,,,,,,,,,,,,,,,,,,,,,,,,,,,,,,,,,,,,,,,,,,,,,,,,,,,,,,,,,,,,,,,,,,,,,,,,,
Data,12,record,timestamp,"944859862",s,position_lat,"389965987",semicircles,position_long,"-1397633640",semicircles,distance,"14474.22",m,altitude,"17.200000000000045",m,speed,"0.681",m/s,unknown,"0",,unknown,"100",,heart_rate,"87",bpm,cadence,"0",rpm,fractional_cadence,"0.0",rpm,enhanced_altitude,"17.200000000000045",m,enhanced_speed,"0.681",m/s,,,,,,,,,,,,,,,,,,,,,,,,,,,,,,,,,,,,,,,,,,,,,,,,,,,,,,,,,,,,,,,,,,,,,,,,,,,,,,,,,,,,,,,,,,,,,,,,,,,,,,,,,,,,,,,,,,,,,,,,,,,,,,,,,,,,,,,,,,,,,,,,,,,,,,,,,,,,,,,,,,,
Data,12,record,timestamp,"944859863",s,position_lat,"389965871",semicircles,position_long,"-1397633671",semicircles,distance,"14475.32",m,altitude,"17.200000000000045",m,speed,"0.718",m/s,unknown,"0",,unknown,"100",,heart_rate,"83",bpm,cadence,"0",rpm,fractional_cadence,"0.0",rpm,enhanced_altitude,"17.200000000000045",m,enhanced_speed,"0.718",m/s,,,,,,,,,,,,,,,,,,,,,,,,,,,,,,,,,,,,,,,,,,,,,,,,,,,,,,,,,,,,,,,,,,,,,,,,,,,,,,,,,,,,,,,,,,,,,,,,,,,,,,,,,,,,,,,,,,,,,,,,,,,,,,,,,,,,,,,,,,,,,,,,,,,,,,,,,,,,,,,,,,,
Data,12,record,timestamp,"944859867",s,position_lat,"389965479",semicircles,position_long,"-1397633671",semicircles,distance,"14478.97",m,altitude,"17.200000000000045",m,speed,"0.774",m/s,unknown,"0",,unknown,"100",,heart_rate,"80",bpm,cadence,"0",rpm,fractional_cadence,"0.0",rpm,enhanced_altitude,"17.200000000000045",m,enhanced_speed,"0.774",m/s,,,,,,,,,,,,,,,,,,,,,,,,,,,,,,,,,,,,,,,,,,,,,,,,,,,,,,,,,,,,,,,,,,,,,,,,,,,,,,,,,,,,,,,,,,,,,,,,,,,,,,,,,,,,,,,,,,,,,,,,,,,,,,,,,,,,,,,,,,,,,,,,,,,,,,,,,,,,,,,,,,,
Data,12,record,timestamp,"944859873",s,position_lat,"389964859",semicircles,position_long,"-1397633825",semicircles,distance,"14484.88",m,altitude,"17.399999999999977",m,speed,"0.821",m/s,unknown,"0",,unknown,"100",,heart_rate,"84",bpm,cadence,"0",rpm,fractional_cadence,"0.0",rpm,enhanced_altitude,"17.399999999999977",m,enhanced_speed,"0.821",m/s,,,,,,,,,,,,,,,,,,,,,,,,,,,,,,,,,,,,,,,,,,,,,,,,,,,,,,,,,,,,,,,,,,,,,,,,,,,,,,,,,,,,,,,,,,,,,,,,,,,,,,,,,,,,,,,,,,,,,,,,,,,,,,,,,,,,,,,,,,,,,,,,,,,,,,,,,,,,,,,,,,,
Data,12,record,timestamp,"944859875",s,position_lat,"389964738",semicircles,position_long,"-1397633861",semicircles,distance,"14486.03",m,altitude,"17.399999999999977",m,speed,"0.765",m/s,unknown,"0",,unknown,"100",,heart_rate,"81",bpm,cadence,"0",rpm,fractional_cadence,"0.0",rpm,enhanced_altitude,"17.399999999999977",m,enhanced_speed,"0.765",m/s,,,,,,,,,,,,,,,,,,,,,,,,,,,,,,,,,,,,,,,,,,,,,,,,,,,,,,,,,,,,,,,,,,,,,,,,,,,,,,,,,,,,,,,,,,,,,,,,,,,,,,,,,,,,,,,,,,,,,,,,,,,,,,,,,,,,,,,,,,,,,,,,,,,,,,,,,,,,,,,,,,,
Data,12,record,timestamp,"944859881",s,position_lat,"389964282",semicircles,position_long,"-1397634021",semicircles,distance,"14490.46",m,altitude,"17.399999999999977",m,speed,"0.728",m/s,unknown,"0",,unknown,"100",,heart_rate,"78",bpm,cadence,"0",rpm,fractional_cadence,"0.0",rpm,enhanced_altitude,"17.399999999999977",m,enhanced_speed,"0.728",m/s,,,,,,,,,,,,,,,,,,,,,,,,,,,,,,,,,,,,,,,,,,,,,,,,,,,,,,,,,,,,,,,,,,,,,,,,,,,,,,,,,,,,,,,,,,,,,,,,,,,,,,,,,,,,,,,,,,,,,,,,,,,,,,,,,,,,,,,,,,,,,,,,,,,,,,,,,,,,,,,,,,,
Data,12,record,timestamp,"944859888",s,position_lat,"389963727",semicircles,position_long,"-1397634158",semicircles,distance,"14495.72",m,altitude,"17.399999999999977",m,speed,"0.7",m/s,unknown,"0",,unknown,"100",,heart_rate,"77",bpm,cadence,"0",rpm,fractional_cadence,"0.0",rpm,enhanced_altitude,"17.399999999999977",m,enhanced_speed,"0.7",m/s,,,,,,,,,,,,,,,,,,,,,,,,,,,,,,,,,,,,,,,,,,,,,,,,,,,,,,,,,,,,,,,,,,,,,,,,,,,,,,,,,,,,,,,,,,,,,,,,,,,,,,,,,,,,,,,,,,,,,,,,,,,,,,,,,,,,,,,,,,,,,,,,,,,,,,,,,,,,,,,,,,,
Data,12,record,timestamp,"944859897",s,position_lat,"389963027",semicircles,position_long,"-1397634382",semicircles,distance,"14502.49",m,altitude,"17.399999999999977",m,speed,"0.728",m/s,unknown,"0",,unknown,"100",,heart_rate,"74",bpm,cadence,"0",rpm,fractional_cadence,"0.0",rpm,enhanced_altitude,"17.399999999999977",m,enhanced_speed,"0.728",m/s,,,,,,,,,,,,,,,,,,,,,,,,,,,,,,,,,,,,,,,,,,,,,,,,,,,,,,,,,,,,,,,,,,,,,,,,,,,,,,,,,,,,,,,,,,,,,,,,,,,,,,,,,,,,,,,,,,,,,,,,,,,,,,,,,,,,,,,,,,,,,,,,,,,,,,,,,,,,,,,,,,,
Data,12,record,timestamp,"944859902",s,position_lat,"389962608",semicircles,position_long,"-1397634621",semicircles,distance,"14506.81",m,altitude,"17.600000000000023",m,speed,"0.84",m/s,unknown,"0",,unknown,"100",,heart_rate,"75",bpm,cadence,"0",rpm,fractional_cadence,"0.0",rpm,enhanced_altitude,"17.600000000000023",m,enhanced_speed,"0.84",m/s,,,,,,,,,,,,,,,,,,,,,,,,,,,,,,,,,,,,,,,,,,,,,,,,,,,,,,,,,,,,,,,,,,,,,,,,,,,,,,,,,,,,,,,,,,,,,,,,,,,,,,,,,,,,,,,,,,,,,,,,,,,,,,,,,,,,,,,,,,,,,,,,,,,,,,,,,,,,,,,,,,,
Data,12,record,timestamp,"944859906",s,position_lat,"389962259",semicircles,position_long,"-1397634871",semicircles,distance,"14510.6",m,altitude,"17.600000000000023",m,speed,"0.84",m/s,unknown,"0",,unknown,"100",,heart_rate,"72",bpm,cadence,"0",rpm,fractional_cadence,"0.0",rpm,enhanced_altitude,"17.600000000000023",m,enhanced_speed,"0.84",m/s,,,,,,,,,,,,,,,,,,,,,,,,,,,,,,,,,,,,,,,,,,,,,,,,,,,,,,,,,,,,,,,,,,,,,,,,,,,,,,,,,,,,,,,,,,,,,,,,,,,,,,,,,,,,,,,,,,,,,,,,,,,,,,,,,,,,,,,,,,,,,,,,,,,,,,,,,,,,,,,,,,,
Data,12,record,timestamp,"944859916",s,position_lat,"389961543",semicircles,position_long,"-1397635360",semicircles,distance,"14518.5",m,altitude,"17.600000000000023",m,speed,"0.69",m/s,unknown,"0",,unknown,"100",,heart_rate,"71",bpm,cadence,"0",rpm,fractional_cadence,"0.0",rpm,enhanced_altitude,"17.600000000000023",m,enhanced_speed,"0.69",m/s,,,,,,,,,,,,,,,,,,,,,,,,,,,,,,,,,,,,,,,,,,,,,,,,,,,,,,,,,,,,,,,,,,,,,,,,,,,,,,,,,,,,,,,,,,,,,,,,,,,,,,,,,,,,,,,,,,,,,,,,,,,,,,,,,,,,,,,,,,,,,,,,,,,,,,,,,,,,,,,,,,,
Data,12,record,timestamp,"944859919",s,position_lat,"389961328",semicircles,position_long,"-1397635317",semicircles,distance,"14520.47",m,altitude,"17.600000000000023",m,speed,"0.681",m/s,unknown,"0",,unknown,"100",,heart_rate,"68",bpm,cadence,"0",rpm,fractional_cadence,"0.0",rpm,enhanced_altitude,"17.600000000000023",m,enhanced_speed,"0.681",m/s,,,,,,,,,,,,,,,,,,,,,,,,,,,,,,,,,,,,,,,,,,,,,,,,,,,,,,,,,,,,,,,,,,,,,,,,,,,,,,,,,,,,,,,,,,,,,,,,,,,,,,,,,,,,,,,,,,,,,,,,,,,,,,,,,,,,,,,,,,,,,,,,,,,,,,,,,,,,,,,,,,,
Data,12,record,timestamp,"944859930",s,position_lat,"389960365",semicircles,position_long,"-1397635257",semicircles,distance,"14529.45",m,altitude,"17.600000000000023",m,speed,"0.756",m/s,unknown,"0",,unknown,"100",,heart_rate,"67",bpm,cadence,"0",rpm,fractional_cadence,"0.0",rpm,enhanced_altitude,"17.600000000000023",m,enhanced_speed,"0.756",m/s,,,,,,,,,,,,,,,,,,,,,,,,,,,,,,,,,,,,,,,,,,,,,,,,,,,,,,,,,,,,,,,,,,,,,,,,,,,,,,,,,,,,,,,,,,,,,,,,,,,,,,,,,,,,,,,,,,,,,,,,,,,,,,,,,,,,,,,,,,,,,,,,,,,,,,,,,,,,,,,,,,,
Data,12,record,timestamp,"944859932",s,position_lat,"389960177",semicircles,position_long,"-1397635299",semicircles,distance,"14531.2",m,altitude,"17.600000000000023",m,speed,"0.774",m/s,unknown,"0",,unknown,"100",,heart_rate,"63",bpm,cadence,"0",rpm,fractional_cadence,"0.0",rpm,enhanced_altitude,"17.600000000000023",m,enhanced_speed,"0.774",m/s,,,,,,,,,,,,,,,,,,,,,,,,,,,,,,,,,,,,,,,,,,,,,,,,,,,,,,,,,,,,,,,,,,,,,,,,,,,,,,,,,,,,,,,,,,,,,,,,,,,,,,,,,,,,,,,,,,,,,,,,,,,,,,,,,,,,,,,,,,,,,,,,,,,,,,,,,,,,,,,,,,,
Data,12,record,timestamp,"944859933",s,position_lat,"389960045",semicircles,position_long,"-1397635301",semicircles,distance,"14532.4",m,altitude,"17.399999999999977",m,speed,"0.886",m/s,unknown,"0",,unknown,"100",,heart_rate,"67",bpm,cadence,"0",rpm,fractional_cadence,"0.0",rpm,enhanced_altitude,"17.399999999999977",m,enhanced_speed,"0.886",m/s,,,,,,,,,,,,,,,,,,,,,,,,,,,,,,,,,,,,,,,,,,,,,,,,,,,,,,,,,,,,,,,,,,,,,,,,,,,,,,,,,,,,,,,,,,,,,,,,,,,,,,,,,,,,,,,,,,,,,,,,,,,,,,,,,,,,,,,,,,,,,,,,,,,,,,,,,,,,,,,,,,,
Data,12,record,timestamp,"944859941",s,position_lat,"389959444",semicircles,position_long,"-1397635555",semicircles,distance,"14538.31",m,altitude,"17.600000000000023",m,speed,"0.728",m/s,unknown,"0",,unknown,"100",,heart_rate,"68",bpm,cadence,"0",rpm,fractional_cadence,"0.0",rpm,enhanced_altitude,"17.600000000000023",m,enhanced_speed,"0.728",m/s,,,,,,,,,,,,,,,,,,,,,,,,,,,,,,,,,,,,,,,,,,,,,,,,,,,,,,,,,,,,,,,,,,,,,,,,,,,,,,,,,,,,,,,,,,,,,,,,,,,,,,,,,,,,,,,,,,,,,,,,,,,,,,,,,,,,,,,,,,,,,,,,,,,,,,,,,,,,,,,,,,,
Data,12,record,timestamp,"944859946",s,position_lat,"389959103",semicircles,position_long,"-1397635737",semicircles,distance,"14541.79",m,altitude,"17.600000000000023",m,speed,"0.69",m/s,unknown,"0",,unknown,"100",,heart_rate,"65",bpm,cadence,"0",rpm,fractional_cadence,"0.0",rpm,enhanced_altitude,"17.600000000000023",m,enhanced_speed,"0.69",m/s,,,,,,,,,,,,,,,,,,,,,,,,,,,,,,,,,,,,,,,,,,,,,,,,,,,,,,,,,,,,,,,,,,,,,,,,,,,,,,,,,,,,,,,,,,,,,,,,,,,,,,,,,,,,,,,,,,,,,,,,,,,,,,,,,,,,,,,,,,,,,,,,,,,,,,,,,,,,,,,,,,,
Data,12,record,timestamp,"944859953",s,position_lat,"389958663",semicircles,position_long,"-1397636009",semicircles,distance,"14546.42",m,altitude,"17.600000000000023",m,speed,"0.625",m/s,unknown,"0",,unknown,"300",,heart_rate,"68",bpm,cadence,"0",rpm,fractional_cadence,"0.0",rpm,enhanced_altitude,"17.600000000000023",m,enhanced_speed,"0.625",m/s,,,,,,,,,,,,,,,,,,,,,,,,,,,,,,,,,,,,,,,,,,,,,,,,,,,,,,,,,,,,,,,,,,,,,,,,,,,,,,,,,,,,,,,,,,,,,,,,,,,,,,,,,,,,,,,,,,,,,,,,,,,,,,,,,,,,,,,,,,,,,,,,,,,,,,,,,,,,,,,,,,,
Data,12,record,timestamp,"944859954",s,position_lat,"389958599",semicircles,position_long,"-1397636060",semicircles,distance,"14547.14",m,altitude,"17.600000000000023",m,speed,"0.653",m/s,unknown,"0",,unknown,"300",,heart_rate,"71",bpm,cadence,"0",rpm,fractional_cadence,"0.0",rpm,enhanced_altitude,"17.600000000000023",m,enhanced_speed,"0.653",m/s,,,,,,,,,,,,,,,,,,,,,,,,,,,,,,,,,,,,,,,,,,,,,,,,,,,,,,,,,,,,,,,,,,,,,,,,,,,,,,,,,,,,,,,,,,,,,,,,,,,,,,,,,,,,,,,,,,,,,,,,,,,,,,,,,,,,,,,,,,,,,,,,,,,,,,,,,,,,,,,,,,,
Data,12,record,timestamp,"944859955",s,position_lat,"389958524",semicircles,position_long,"-1397636110",semicircles,distance,"14547.94",m,altitude,"17.600000000000023",m,speed,"0.662",m/s,unknown,"0",,unknown,"300",,heart_rate,"75",bpm,cadence,"0",rpm,fractional_cadence,"0.0",rpm,enhanced_altitude,"17.600000000000023",m,enhanced_speed,"0.662",m/s,,,,,,,,,,,,,,,,,,,,,,,,,,,,,,,,,,,,,,,,,,,,,,,,,,,,,,,,,,,,,,,,,,,,,,,,,,,,,,,,,,,,,,,,,,,,,,,,,,,,,,,,,,,,,,,,,,,,,,,,,,,,,,,,,,,,,,,,,,,,,,,,,,,,,,,,,,,,,,,,,,,
Data,12,record,timestamp,"944859956",s,position_lat,"389958475",semicircles,position_long,"-1397636157",semicircles,distance,"14548.53",m,altitude,"17.600000000000023",m,speed,"0.644",m/s,unknown,"0",,unknown,"100",,heart_rate,"75",bpm,cadence,"0",rpm,fractional_cadence,"0.0",rpm,enhanced_altitude,"17.600000000000023",m,enhanced_speed,"0.644",m/s,,,,,,,,,,,,,,,,,,,,,,,,,,,,,,,,,,,,,,,,,,,,,,,,,,,,,,,,,,,,,,,,,,,,,,,,,,,,,,,,,,,,,,,,,,,,,,,,,,,,,,,,,,,,,,,,,,,,,,,,,,,,,,,,,,,,,,,,,,,,,,,,,,,,,,,,,,,,,,,,,,,
Data,12,record,timestamp,"944859958",s,position_lat,"389958372",semicircles,position_long,"-1397636232",semicircles,distance,"14549.65",m,altitude,"17.600000000000023",m,speed,"0.551",m/s,unknown,"0",,unknown,"100",,heart_rate,"75",bpm,cadence,"0",rpm,fractional_cadence,"0.0",rpm,enhanced_altitude,"17.600000000000023",m,enhanced_speed,"0.551",m/s,,,,,,,,,,,,,,,,,,,,,,,,,,,,,,,,,,,,,,,,,,,,,,,,,,,,,,,,,,,,,,,,,,,,,,,,,,,,,,,,,,,,,,,,,,,,,,,,,,,,,,,,,,,,,,,,,,,,,,,,,,,,,,,,,,,,,,,,,,,,,,,,,,,,,,,,,,,,,,,,,,,
Data,12,record,timestamp,"944859963",s,position_lat,"389958043",semicircles,position_long,"-1397636415",semicircles,distance,"14553.04",m,altitude,"17.600000000000023",m,speed,"0.606",m/s,unknown,"0",,unknown,"100",,heart_rate,"78",bpm,cadence,"0",rpm,fractional_cadence,"0.0",rpm,enhanced_altitude,"17.600000000000023",m,enhanced_speed,"0.606",m/s,,,,,,,,,,,,,,,,,,,,,,,,,,,,,,,,,,,,,,,,,,,,,,,,,,,,,,,,,,,,,,,,,,,,,,,,,,,,,,,,,,,,,,,,,,,,,,,,,,,,,,,,,,,,,,,,,,,,,,,,,,,,,,,,,,,,,,,,,,,,,,,,,,,,,,,,,,,,,,,,,,,
Data,12,record,timestamp,"944859965",s,position_lat,"389957970",semicircles,position_long,"-1397636446",semicircles,distance,"14553.77",m,altitude,"17.600000000000023",m,speed,"0.551",m/s,unknown,"0",,unknown,"100",,heart_rate,"75",bpm,cadence,"0",rpm,fractional_cadence,"0.0",rpm,enhanced_altitude,"17.600000000000023",m,enhanced_speed,"0.551",m/s,,,,,,,,,,,,,,,,,,,,,,,,,,,,,,,,,,,,,,,,,,,,,,,,,,,,,,,,,,,,,,,,,,,,,,,,,,,,,,,,,,,,,,,,,,,,,,,,,,,,,,,,,,,,,,,,,,,,,,,,,,,,,,,,,,,,,,,,,,,,,,,,,,,,,,,,,,,,,,,,,,,
Data,12,record,timestamp,"944859972",s,position_lat,"389957548",semicircles,position_long,"-1397636554",semicircles,distance,"14557.79",m,altitude,"17.600000000000023",m,speed,"0.644",m/s,unknown,"0",,unknown,"100",,heart_rate,"74",bpm,cadence,"0",rpm,fractional_cadence,"0.0",rpm,enhanced_altitude,"17.600000000000023",m,enhanced_speed,"0.644",m/s,,,,,,,,,,,,,,,,,,,,,,,,,,,,,,,,,,,,,,,,,,,,,,,,,,,,,,,,,,,,,,,,,,,,,,,,,,,,,,,,,,,,,,,,,,,,,,,,,,,,,,,,,,,,,,,,,,,,,,,,,,,,,,,,,,,,,,,,,,,,,,,,,,,,,,,,,,,,,,,,,,,
Data,12,record,timestamp,"944859978",s,position_lat,"389957188",semicircles,position_long,"-1397636628",semicircles,distance,"14561.2",m,altitude,"17.600000000000023",m,speed,"0.69",m/s,unknown,"0",,unknown,"300",,heart_rate,"80",bpm,cadence,"0",rpm,fractional_cadence,"0.0",rpm,enhanced_altitude,"17.600000000000023",m,enhanced_speed,"0.69",m/s,,,,,,,,,,,,,,,,,,,,,,,,,,,,,,,,,,,,,,,,,,,,,,,,,,,,,,,,,,,,,,,,,,,,,,,,,,,,,,,,,,,,,,,,,,,,,,,,,,,,,,,,,,,,,,,,,,,,,,,,,,,,,,,,,,,,,,,,,,,,,,,,,,,,,,,,,,,,,,,,,,,
Data,12,record,timestamp,"944859979",s,position_lat,"389957102",semicircles,position_long,"-1397636639",semicircles,distance,"14562.02",m,altitude,"17.600000000000023",m,speed,"0.718",m/s,unknown,"0",,unknown,"100",,heart_rate,"80",bpm,cadence,"0",rpm,fractional_cadence,"0.0",rpm,enhanced_altitude,"17.600000000000023",m,enhanced_speed,"0.718",m/s,,,,,,,,,,,,,,,,,,,,,,,,,,,,,,,,,,,,,,,,,,,,,,,,,,,,,,,,,,,,,,,,,,,,,,,,,,,,,,,,,,,,,,,,,,,,,,,,,,,,,,,,,,,,,,,,,,,,,,,,,,,,,,,,,,,,,,,,,,,,,,,,,,,,,,,,,,,,,,,,,,,
Data,12,record,timestamp,"944859982",s,position_lat,"389956911",semicircles,position_long,"-1397636670",semicircles,distance,"14563.8",m,altitude,"17.399999999999977",m,speed,"0.625",m/s,unknown,"0",,unknown,"100",,heart_rate,"77",bpm,cadence,"0",rpm,fractional_cadence,"0.0",rpm,enhanced_altitude,"17.399999999999977",m,enhanced_speed,"0.625",m/s,,,,,,,,,,,,,,,,,,,,,,,,,,,,,,,,,,,,,,,,,,,,,,,,,,,,,,,,,,,,,,,,,,,,,,,,,,,,,,,,,,,,,,,,,,,,,,,,,,,,,,,,,,,,,,,,,,,,,,,,,,,,,,,,,,,,,,,,,,,,,,,,,,,,,,,,,,,,,,,,,,,
Data,12,record,timestamp,"944859986",s,position_lat,"389956651",semicircles,position_long,"-1397636756",semicircles,distance,"14566.32",m,altitude,"17.399999999999977",m,speed,"0.644",m/s,unknown,"0",,unknown,"100",,heart_rate,"79",bpm,cadence,"0",rpm,fractional_cadence,"0.0",rpm,enhanced_altitude,"17.399999999999977",m,enhanced_speed,"0.644",m/s,,,,,,,,,,,,,,,,,,,,,,,,,,,,,,,,,,,,,,,,,,,,,,,,,,,,,,,,,,,,,,,,,,,,,,,,,,,,,,,,,,,,,,,,,,,,,,,,,,,,,,,,,,,,,,,,,,,,,,,,,,,,,,,,,,,,,,,,,,,,,,,,,,,,,,,,,,,,,,,,,,,
Data,12,record,timestamp,"944859990",s,position_lat,"389956350",semicircles,position_long,"-1397636865",semicircles,distance,"14569.23",m,altitude,"17.600000000000023",m,speed,"0.756",m/s,unknown,"0",,unknown,"100",,heart_rate,"76",bpm,cadence,"0",rpm,fractional_cadence,"0.0",rpm,enhanced_altitude,"17.600000000000023",m,enhanced_speed,"0.756",m/s,,,,,,,,,,,,,,,,,,,,,,,,,,,,,,,,,,,,,,,,,,,,,,,,,,,,,,,,,,,,,,,,,,,,,,,,,,,,,,,,,,,,,,,,,,,,,,,,,,,,,,,,,,,,,,,,,,,,,,,,,,,,,,,,,,,,,,,,,,,,,,,,,,,,,,,,,,,,,,,,,,,
Data,12,record,timestamp,"944859995",s,position_lat,"389955925",semicircles,position_long,"-1397637105",semicircles,distance,"14573.59",m,altitude,"17.600000000000023",m,speed,"0.84",m/s,unknown,"0",,unknown,"100",,heart_rate,"79",bpm,cadence,"0",rpm,fractional_cadence,"0.0",rpm,enhanced_altitude,"17.600000000000023",m,enhanced_speed,"0.84",m/s,,,,,,,,,,,,,,,,,,,,,,,,,,,,,,,,,,,,,,,,,,,,,,,,,,,,,,,,,,,,,,,,,,,,,,,,,,,,,,,,,,,,,,,,,,,,,,,,,,,,,,,,,,,,,,,,,,,,,,,,,,,,,,,,,,,,,,,,,,,,,,,,,,,,,,,,,,,,,,,,,,,
Data,12,record,timestamp,"944860003",s,position_lat,"389955400",semicircles,position_long,"-1397637473",semicircles,distance,"14579.22",m,altitude,"17.399999999999977",m,speed,"0.765",m/s,unknown,"0",,unknown,"100",,heart_rate,"76",bpm,cadence,"0",rpm,fractional_cadence,"0.0",rpm,enhanced_altitude,"17.399999999999977",m,enhanced_speed,"0.765",m/s,,,,,,,,,,,,,,,,,,,,,,,,,,,,,,,,,,,,,,,,,,,,,,,,,,,,,,,,,,,,,,,,,,,,,,,,,,,,,,,,,,,,,,,,,,,,,,,,,,,,,,,,,,,,,,,,,,,,,,,,,,,,,,,,,,,,,,,,,,,,,,,,,,,,,,,,,,,,,,,,,,,
Data,12,record,timestamp,"944860014",s,position_lat,"389954675",semicircles,position_long,"-1397637929",semicircles,distance,"14586.86",m,altitude,"17.399999999999977",m,speed,"0.662",m/s,unknown,"0",,unknown,"300",,heart_rate,"79",bpm,cadence,"0",rpm,fractional_cadence,"0.0",rpm,enhanced_altitude,"17.399999999999977",m,enhanced_speed,"0.662",m/s,,,,,,,,,,,,,,,,,,,,,,,,,,,,,,,,,,,,,,,,,,,,,,,,,,,,,,,,,,,,,,,,,,,,,,,,,,,,,,,,,,,,,,,,,,,,,,,,,,,,,,,,,,,,,,,,,,,,,,,,,,,,,,,,,,,,,,,,,,,,,,,,,,,,,,,,,,,,,,,,,,,
Data,12,record,timestamp,"944860015",s,position_lat,"389954605",semicircles,position_long,"-1397637927",semicircles,distance,"14587.45",m,altitude,"17.399999999999977",m,speed,"0.653",m/s,unknown,"0",,unknown,"300",,heart_rate,"75",bpm,cadence,"0",rpm,fractional_cadence,"0.0",rpm,enhanced_altitude,"17.399999999999977",m,enhanced_speed,"0.653",m/s,,,,,,,,,,,,,,,,,,,,,,,,,,,,,,,,,,,,,,,,,,,,,,,,,,,,,,,,,,,,,,,,,,,,,,,,,,,,,,,,,,,,,,,,,,,,,,,,,,,,,,,,,,,,,,,,,,,,,,,,,,,,,,,,,,,,,,,,,,,,,,,,,,,,,,,,,,,,,,,,,,,
Data,12,record,timestamp,"944860018",s,position_lat,"389954407",semicircles,position_long,"-1397638014",semicircles,distance,"14589.42",m,altitude,"17.600000000000023",m,speed,"0.69",m/s,unknown,"0",,unknown,"300",,heart_rate,"72",bpm,cadence,"0",rpm,fractional_cadence,"0.0",rpm,enhanced_altitude,"17.600000000000023",m,enhanced_speed,"0.69",m/s,,,,,,,,,,,,,,,,,,,,,,,,,,,,,,,,,,,,,,,,,,,,,,,,,,,,,,,,,,,,,,,,,,,,,,,,,,,,,,,,,,,,,,,,,,,,,,,,,,,,,,,,,,,,,,,,,,,,,,,,,,,,,,,,,,,,,,,,,,,,,,,,,,,,,,,,,,,,,,,,,,,
Data,12,record,timestamp,"944860019",s,position_lat,"389954355",semicircles,position_long,"-1397638024",semicircles,distance,"14589.89",m,altitude,"17.600000000000023",m,speed,"0.681",m/s,unknown,"0",,unknown,"300",,heart_rate,"71",bpm,cadence,"0",rpm,fractional_cadence,"0.0",rpm,enhanced_altitude,"17.600000000000023",m,enhanced_speed,"0.681",m/s,,,,,,,,,,,,,,,,,,,,,,,,,,,,,,,,,,,,,,,,,,,,,,,,,,,,,,,,,,,,,,,,,,,,,,,,,,,,,,,,,,,,,,,,,,,,,,,,,,,,,,,,,,,,,,,,,,,,,,,,,,,,,,,,,,,,,,,,,,,,,,,,,,,,,,,,,,,,,,,,,,,
Data,12,record,timestamp,"944860023",s,position_lat,"389954098",semicircles,position_long,"-1397638220",semicircles,distance,"14592.74",m,altitude,"17.600000000000023",m,speed,"0.728",m/s,unknown,"0",,unknown,"100",,heart_rate,"68",bpm,cadence,"0",rpm,fractional_cadence,"0.0",rpm,enhanced_altitude,"17.600000000000023",m,enhanced_speed,"0.728",m/s,,,,,,,,,,,,,,,,,,,,,,,,,,,,,,,,,,,,,,,,,,,,,,,,,,,,,,,,,,,,,,,,,,,,,,,,,,,,,,,,,,,,,,,,,,,,,,,,,,,,,,,,,,,,,,,,,,,,,,,,,,,,,,,,,,,,,,,,,,,,,,,,,,,,,,,,,,,,,,,,,,,
Data,12,record,timestamp,"944860029",s,position_lat,"389953695",semicircles,position_long,"-1397638408",semicircles,distance,"14596.76",m,altitude,"17.600000000000023",m,speed,"0.69",m/s,unknown,"0",,unknown,"100",,heart_rate,"71",bpm,cadence,"0",rpm,fractional_cadence,"0.0",rpm,enhanced_altitude,"17.600000000000023",m,enhanced_speed,"0.69",m/s,,,,,,,,,,,,,,,,,,,,,,,,,,,,,,,,,,,,,,,,,,,,,,,,,,,,,,,,,,,,,,,,,,,,,,,,,,,,,,,,,,,,,,,,,,,,,,,,,,,,,,,,,,,,,,,,,,,,,,,,,,,,,,,,,,,,,,,,,,,,,,,,,,,,,,,,,,,,,,,,,,,
Data,12,record,timestamp,"944860035",s,position_lat,"389953285",semicircles,position_long,"-1397638561",semicircles,distance,"14600.77",m,altitude,"17.600000000000023",m,speed,"0.709",m/s,unknown,"0",,unknown,"100",,heart_rate,"70",bpm,cadence,"0",rpm,fractional_cadence,"0.0",rpm,enhanced_altitude,"17.600000000000023",m,enhanced_speed,"0.709",m/s,,,,,,,,,,,,,,,,,,,,,,,,,,,,,,,,,,,,,,,,,,,,,,,,,,,,,,,,,,,,,,,,,,,,,,,,,,,,,,,,,,,,,,,,,,,,,,,,,,,,,,,,,,,,,,,,,,,,,,,,,,,,,,,,,,,,,,,,,,,,,,,,,,,,,,,,,,,,,,,,,,,
Data,12,record,timestamp,"944860043",s,position_lat,"389952612",semicircles,position_long,"-1397638736",semicircles,distance,"14607.19",m,altitude,"17.399999999999977",m,speed,"0.756",m/s,unknown,"0",,unknown,"100",,heart_rate,"67",bpm,cadence,"0",rpm,fractional_cadence,"0.0",rpm,enhanced_altitude,"17.399999999999977",m,enhanced_speed,"0.756",m/s,,,,,,,,,,,,,,,,,,,,,,,,,,,,,,,,,,,,,,,,,,,,,,,,,,,,,,,,,,,,,,,,,,,,,,,,,,,,,,,,,,,,,,,,,,,,,,,,,,,,,,,,,,,,,,,,,,,,,,,,,,,,,,,,,,,,,,,,,,,,,,,,,,,,,,,,,,,,,,,,,,,
Data,12,record,timestamp,"944860047",s,position_lat,"389952305",semicircles,position_long,"-1397638854",semicircles,distance,"14610.22",m,altitude,"17.600000000000023",m,speed,"0.765",m/s,unknown,"0",,unknown,"100",,heart_rate,"70",bpm,cadence,"0",rpm,fractional_cadence,"0.0",rpm,enhanced_altitude,"17.600000000000023",m,enhanced_speed,"0.765",m/s,,,,,,,,,,,,,,,,,,,,,,,,,,,,,,,,,,,,,,,,,,,,,,,,,,,,,,,,,,,,,,,,,,,,,,,,,,,,,,,,,,,,,,,,,,,,,,,,,,,,,,,,,,,,,,,,,,,,,,,,,,,,,,,,,,,,,,,,,,,,,,,,,,,,,,,,,,,,,,,,,,,
Data,12,record,timestamp,"944860051",s,position_lat,"389952037",semicircles,position_long,"-1397638950",semicircles,distance,"14612.82",m,altitude,"17.600000000000023",m,speed,"0.728",m/s,unknown,"0",,unknown,"100",,heart_rate,"68",bpm,cadence,"0",rpm,fractional_cadence,"0.0",rpm,enhanced_altitude,"17.600000000000023",m,enhanced_speed,"0.728",m/s,,,,,,,,,,,,,,,,,,,,,,,,,,,,,,,,,,,,,,,,,,,,,,,,,,,,,,,,,,,,,,,,,,,,,,,,,,,,,,,,,,,,,,,,,,,,,,,,,,,,,,,,,,,,,,,,,,,,,,,,,,,,,,,,,,,,,,,,,,,,,,,,,,,,,,,,,,,,,,,,,,,
Data,12,record,timestamp,"944860065",s,position_lat,"389951004",semicircles,position_long,"-1397639350",semicircles,distance,"14622.98",m,altitude,"17.600000000000023",m,speed,"0.718",m/s,unknown,"0",,unknown,"100",,heart_rate,"73",bpm,cadence,"0",rpm,fractional_cadence,"0.0",rpm,enhanced_altitude,"17.600000000000023",m,enhanced_speed,"0.718",m/s,,,,,,,,,,,,,,,,,,,,,,,,,,,,,,,,,,,,,,,,,,,,,,,,,,,,,,,,,,,,,,,,,,,,,,,,,,,,,,,,,,,,,,,,,,,,,,,,,,,,,,,,,,,,,,,,,,,,,,,,,,,,,,,,,,,,,,,,,,,,,,,,,,,,,,,,,,,,,,,,,,,
Data,12,record,timestamp,"944860067",s,position_lat,"389950860",semicircles,position_long,"-1397639452",semicircles,distance,"14624.52",m,altitude,"17.600000000000023",m,speed,"0.728",m/s,unknown,"0",,unknown,"100",,heart_rate,"70",bpm,cadence,"0",rpm,fractional_cadence,"0.0",rpm,enhanced_altitude,"17.600000000000023",m,enhanced_speed,"0.728",m/s,,,,,,,,,,,,,,,,,,,,,,,,,,,,,,,,,,,,,,,,,,,,,,,,,,,,,,,,,,,,,,,,,,,,,,,,,,,,,,,,,,,,,,,,,,,,,,,,,,,,,,,,,,,,,,,,,,,,,,,,,,,,,,,,,,,,,,,,,,,,,,,,,,,,,,,,,,,,,,,,,,,
Data,12,record,timestamp,"944860069",s,position_lat,"389950697",semicircles,position_long,"-1397639532",semicircles,distance,"14626.17",m,altitude,"17.600000000000023",m,speed,"0.728",m/s,unknown,"0",,unknown,"100",,heart_rate,"69",bpm,cadence,"0",rpm,fractional_cadence,"0.0",rpm,enhanced_altitude,"17.600000000000023",m,enhanced_speed,"0.728",m/s,,,,,,,,,,,,,,,,,,,,,,,,,,,,,,,,,,,,,,,,,,,,,,,,,,,,,,,,,,,,,,,,,,,,,,,,,,,,,,,,,,,,,,,,,,,,,,,,,,,,,,,,,,,,,,,,,,,,,,,,,,,,,,,,,,,,,,,,,,,,,,,,,,,,,,,,,,,,,,,,,,,
Data,12,record,timestamp,"944860087",s,position_lat,"389949344",semicircles,position_long,"-1397640414",semicircles,distance,"14640.5",m,altitude,"17.399999999999977",m,speed,"0.821",m/s,unknown,"0",,unknown,"100",,heart_rate,"67",bpm,cadence,"0",rpm,fractional_cadence,"0.0",rpm,enhanced_altitude,"17.399999999999977",m,enhanced_speed,"0.821",m/s,,,,,,,,,,,,,,,,,,,,,,,,,,,,,,,,,,,,,,,,,,,,,,,,,,,,,,,,,,,,,,,,,,,,,,,,,,,,,,,,,,,,,,,,,,,,,,,,,,,,,,,,,,,,,,,,,,,,,,,,,,,,,,,,,,,,,,,,,,,,,,,,,,,,,,,,,,,,,,,,,,,
Data,12,record,timestamp,"944860103",s,position_lat,"389948063",semicircles,position_long,"-1397641697",semicircles,distance,"14656.12",m,altitude,"17.399999999999977",m,speed,"0.868",m/s,unknown,"0",,unknown,"100",,heart_rate,"68",bpm,cadence,"0",rpm,fractional_cadence,"0.0",rpm,enhanced_altitude,"17.399999999999977",m,enhanced_speed,"0.868",m/s,,,,,,,,,,,,,,,,,,,,,,,,,,,,,,,,,,,,,,,,,,,,,,,,,,,,,,,,,,,,,,,,,,,,,,,,,,,,,,,,,,,,,,,,,,,,,,,,,,,,,,,,,,,,,,,,,,,,,,,,,,,,,,,,,,,,,,,,,,,,,,,,,,,,,,,,,,,,,,,,,,,
Data,12,record,timestamp,"944860106",s,position_lat,"389947882",semicircles,position_long,"-1397641920",semicircles,distance,"14658.55",m,altitude,"17.399999999999977",m,speed,"0.83",m/s,unknown,"0",,unknown,"100",,heart_rate,"65",bpm,cadence,"0",rpm,fractional_cadence,"0.0",rpm,enhanced_altitude,"17.399999999999977",m,enhanced_speed,"0.83",m/s,,,,,,,,,,,,,,,,,,,,,,,,,,,,,,,,,,,,,,,,,,,,,,,,,,,,,,,,,,,,,,,,,,,,,,,,,,,,,,,,,,,,,,,,,,,,,,,,,,,,,,,,,,,,,,,,,,,,,,,,,,,,,,,,,,,,,,,,,,,,,,,,,,,,,,,,,,,,,,,,,,,
Data,12,record,timestamp,"944860113",s,position_lat,"389947616",semicircles,position_long,"-1397642302",semicircles,distance,"14662.44",m,altitude,"17.600000000000023",m,speed,"0.662",m/s,unknown,"0",,unknown,"100",,heart_rate,"69",bpm,cadence,"0",rpm,fractional_cadence,"0.0",rpm,enhanced_altitude,"17.600000000000023",m,enhanced_speed,"0.662",m/s,,,,,,,,,,,,,,,,,,,,,,,,,,,,,,,,,,,,,,,,,,,,,,,,,,,,,,,,,,,,,,,,,,,,,,,,,,,,,,,,,,,,,,,,,,,,,,,,,,,,,,,,,,,,,,,,,,,,,,,,,,,,,,,,,,,,,,,,,,,,,,,,,,,,,,,,,,,,,,,,,,,
Data,12,record,timestamp,"944860117",s,position_lat,"389947436",semicircles,position_long,"-1397642505",semicircles,distance,"14664.75",m,altitude,"17.799999999999955",m,speed,"0.644",m/s,unknown,"0",,unknown,"100",,heart_rate,"67",bpm,cadence,"0",rpm,fractional_cadence,"0.0",rpm,enhanced_altitude,"17.799999999999955",m,enhanced_speed,"0.644",m/s,,,,,,,,,,,,,,,,,,,,,,,,,,,,,,,,,,,,,,,,,,,,,,,,,,,,,,,,,,,,,,,,,,,,,,,,,,,,,,,,,,,,,,,,,,,,,,,,,,,,,,,,,,,,,,,,,,,,,,,,,,,,,,,,,,,,,,,,,,,,,,,,,,,,,,,,,,,,,,,,,,,
Data,12,record,timestamp,"944860119",s,position_lat,"389947401",semicircles,position_long,"-1397642607",semicircles,distance,"14665.61",m,altitude,"17.799999999999955",m,speed,"0.588",m/s,unknown,"0",,unknown,"100",,heart_rate,"67",bpm,cadence,"0",rpm,fractional_cadence,"0.0",rpm,enhanced_altitude,"17.799999999999955",m,enhanced_speed,"0.588",m/s,,,,,,,,,,,,,,,,,,,,,,,,,,,,,,,,,,,,,,,,,,,,,,,,,,,,,,,,,,,,,,,,,,,,,,,,,,,,,,,,,,,,,,,,,,,,,,,,,,,,,,,,,,,,,,,,,,,,,,,,,,,,,,,,,,,,,,,,,,,,,,,,,,,,,,,,,,,,,,,,,,,
Data,12,record,timestamp,"944860133",s,position_lat,"389946628",semicircles,position_long,"-1397643520",semicircles,distance,"14675.77",m,altitude,"17.799999999999955",m,speed,"0.662",m/s,unknown,"0",,unknown,"100",,heart_rate,"66",bpm,cadence,"0",rpm,fractional_cadence,"0.0",rpm,enhanced_altitude,"17.799999999999955",m,enhanced_speed,"0.662",m/s,,,,,,,,,,,,,,,,,,,,,,,,,,,,,,,,,,,,,,,,,,,,,,,,,,,,,,,,,,,,,,,,,,,,,,,,,,,,,,,,,,,,,,,,,,,,,,,,,,,,,,,,,,,,,,,,,,,,,,,,,,,,,,,,,,,,,,,,,,,,,,,,,,,,,,,,,,,,,,,,,,,
Data,12,record,timestamp,"944860142",s,position_lat,"389946244",semicircles,position_long,"-1397644098",semicircles,distance,"14681.58",m,altitude,"17.600000000000023",m,speed,"0.597",m/s,unknown,"0",,unknown,"100",,heart_rate,"69",bpm,cadence,"0",rpm,fractional_cadence,"0.0",rpm,enhanced_altitude,"17.600000000000023",m,enhanced_speed,"0.597",m/s,,,,,,,,,,,,,,,,,,,,,,,,,,,,,,,,,,,,,,,,,,,,,,,,,,,,,,,,,,,,,,,,,,,,,,,,,,,,,,,,,,,,,,,,,,,,,,,,,,,,,,,,,,,,,,,,,,,,,,,,,,,,,,,,,,,,,,,,,,,,,,,,,,,,,,,,,,,,,,,,,,,
Data,12,record,timestamp,"944860144",s,position_lat,"389946130",semicircles,position_long,"-1397644185",semicircles,distance,"14682.83",m,altitude,"17.600000000000023",m,speed,"0.616",m/s,unknown,"0",,unknown,"100",,heart_rate,"66",bpm,cadence,"0",rpm,fractional_cadence,"0.0",rpm,enhanced_altitude,"17.600000000000023",m,enhanced_speed,"0.616",m/s,,,,,,,,,,,,,,,,,,,,,,,,,,,,,,,,,,,,,,,,,,,,,,,,,,,,,,,,,,,,,,,,,,,,,,,,,,,,,,,,,,,,,,,,,,,,,,,,,,,,,,,,,,,,,,,,,,,,,,,,,,,,,,,,,,,,,,,,,,,,,,,,,,,,,,,,,,,,,,,,,,,
Data,12,record,timestamp,"944860149",s,position_lat,"389945781",semicircles,position_long,"-1397644414",semicircles,distance,"14686.54",m,altitude,"17.600000000000023",m,speed,"0.728",m/s,unknown,"0",,unknown,"100",,heart_rate,"66",bpm,cadence,"0",rpm,fractional_cadence,"0.0",rpm,enhanced_altitude,"17.600000000000023",m,enhanced_speed,"0.728",m/s,,,,,,,,,,,,,,,,,,,,,,,,,,,,,,,,,,,,,,,,,,,,,,,,,,,,,,,,,,,,,,,,,,,,,,,,,,,,,,,,,,,,,,,,,,,,,,,,,,,,,,,,,,,,,,,,,,,,,,,,,,,,,,,,,,,,,,,,,,,,,,,,,,,,,,,,,,,,,,,,,,,
Data,12,record,timestamp,"944860161",s,position_lat,"389945015",semicircles,position_long,"-1397645190",semicircles,distance,"14695.97",m,altitude,"17.799999999999955",m,speed,"0.784",m/s,unknown,"0",,unknown,"100",,heart_rate,"69",bpm,cadence,"0",rpm,fractional_cadence,"0.0",rpm,enhanced_altitude,"17.799999999999955",m,enhanced_speed,"0.784",m/s,,,,,,,,,,,,,,,,,,,,,,,,,,,,,,,,,,,,,,,,,,,,,,,,,,,,,,,,,,,,,,,,,,,,,,,,,,,,,,,,,,,,,,,,,,,,,,,,,,,,,,,,,,,,,,,,,,,,,,,,,,,,,,,,,,,,,,,,,,,,,,,,,,,,,,,,,,,,,,,,,,,
Data,12,record,timestamp,"944860162",s,position_lat,"389944929",semicircles,position_long,"-1397645247",semicircles,distance,"14696.88",m,altitude,"17.799999999999955",m,speed,"0.821",m/s,unknown,"0",,unknown,"100",,heart_rate,"66",bpm,cadence,"0",rpm,fractional_cadence,"0.0",rpm,enhanced_altitude,"17.799999999999955",m,enhanced_speed,"0.821",m/s,,,,,,,,,,,,,,,,,,,,,,,,,,,,,,,,,,,,,,,,,,,,,,,,,,,,,,,,,,,,,,,,,,,,,,,,,,,,,,,,,,,,,,,,,,,,,,,,,,,,,,,,,,,,,,,,,,,,,,,,,,,,,,,,,,,,,,,,,,,,,,,,,,,,,,,,,,,,,,,,,,,
Data,12,record,timestamp,"944860164",s,position_lat,"389944752",semicircles,position_long,"-1397645384",semicircles,distance,"14698.85",m,altitude,"17.799999999999955",m,speed,"0.849",m/s,unknown,"0",,unknown,"100",,heart_rate,"65",bpm,cadence,"0",rpm,fractional_cadence,"0.0",rpm,enhanced_altitude,"17.799999999999955",m,enhanced_speed,"0.849",m/s,,,,,,,,,,,,,,,,,,,,,,,,,,,,,,,,,,,,,,,,,,,,,,,,,,,,,,,,,,,,,,,,,,,,,,,,,,,,,,,,,,,,,,,,,,,,,,,,,,,,,,,,,,,,,,,,,,,,,,,,,,,,,,,,,,,,,,,,,,,,,,,,,,,,,,,,,,,,,,,,,,,
Data,12,record,timestamp,"944860172",s,position_lat,"389944149",semicircles,position_long,"-1397645917",semicircles,distance,"14705.86",m,altitude,"17.600000000000023",m,speed,"0.793",m/s,unknown,"0",,unknown,"300",,heart_rate,"70",bpm,cadence,"0",rpm,fractional_cadence,"0.0",rpm,enhanced_altitude,"17.600000000000023",m,enhanced_speed,"0.793",m/s,,,,,,,,,,,,,,,,,,,,,,,,,,,,,,,,,,,,,,,,,,,,,,,,,,,,,,,,,,,,,,,,,,,,,,,,,,,,,,,,,,,,,,,,,,,,,,,,,,,,,,,,,,,,,,,,,,,,,,,,,,,,,,,,,,,,,,,,,,,,,,,,,,,,,,,,,,,,,,,,,,,
Data,12,record,timestamp,"944860174",s,position_lat,"389944066",semicircles,position_long,"-1397646046",semicircles,distance,"14707.1",m,altitude,"17.399999999999977",m,speed,"0.728",m/s,unknown,"0",,unknown,"300",,heart_rate,"77",bpm,cadence,"0",rpm,fractional_cadence,"0.0",rpm,enhanced_altitude,"17.399999999999977",m,enhanced_speed,"0.728",m/s,,,,,,,,,,,,,,,,,,,,,,,,,,,,,,,,,,,,,,,,,,,,,,,,,,,,,,,,,,,,,,,,,,,,,,,,,,,,,,,,,,,,,,,,,,,,,,,,,,,,,,,,,,,,,,,,,,,,,,,,,,,,,,,,,,,,,,,,,,,,,,,,,,,,,,,,,,,,,,,,,,,
Data,12,record,timestamp,"944860180",s,position_lat,"389943823",semicircles,position_long,"-1397646335",semicircles,distance,"14710.3",m,altitude,"17.399999999999977",m,speed,"0.69",m/s,unknown,"0",,unknown,"100",,heart_rate,"75",bpm,cadence,"0",rpm,fractional_cadence,"0.0",rpm,enhanced_altitude,"17.399999999999977",m,enhanced_speed,"0.69",m/s,,,,,,,,,,,,,,,,,,,,,,,,,,,,,,,,,,,,,,,,,,,,,,,,,,,,,,,,,,,,,,,,,,,,,,,,,,,,,,,,,,,,,,,,,,,,,,,,,,,,,,,,,,,,,,,,,,,,,,,,,,,,,,,,,,,,,,,,,,,,,,,,,,,,,,,,,,,,,,,,,,,
Data,12,record,timestamp,"944860196",s,position_lat,"389942748",semicircles,position_long,"-1397647181",semicircles,distance,"14722.35",m,altitude,"17.399999999999977",m,speed,"0.756",m/s,unknown,"0",,unknown,"100",,heart_rate,"78",bpm,cadence,"0",rpm,fractional_cadence,"0.0",rpm,enhanced_altitude,"17.399999999999977",m,enhanced_speed,"0.756",m/s,,,,,,,,,,,,,,,,,,,,,,,,,,,,,,,,,,,,,,,,,,,,,,,,,,,,,,,,,,,,,,,,,,,,,,,,,,,,,,,,,,,,,,,,,,,,,,,,,,,,,,,,,,,,,,,,,,,,,,,,,,,,,,,,,,,,,,,,,,,,,,,,,,,,,,,,,,,,,,,,,,,
Data,12,record,timestamp,"944860207",s,position_lat,"389942157",semicircles,position_long,"-1397647745",semicircles,distance,"14729.42",m,altitude,"17.799999999999955",m,speed,"0.737",m/s,unknown,"0",,unknown,"100",,heart_rate,"75",bpm,cadence,"0",rpm,fractional_cadence,"0.0",rpm,enhanced_altitude,"17.799999999999955",m,enhanced_speed,"0.737",m/s,,,,,,,,,,,,,,,,,,,,,,,,,,,,,,,,,,,,,,,,,,,,,,,,,,,,,,,,,,,,,,,,,,,,,,,,,,,,,,,,,,,,,,,,,,,,,,,,,,,,,,,,,,,,,,,,,,,,,,,,,,,,,,,,,,,,,,,,,,,,,,,,,,,,,,,,,,,,,,,,,,,
Data,12,record,timestamp,"944860212",s,position_lat,"389941869",semicircles,position_long,"-1397647989",semicircles,distance,"14732.72",m,altitude,"17.799999999999955",m,speed,"0.793",m/s,unknown,"0",,unknown,"100",,heart_rate,"76",bpm,cadence,"0",rpm,fractional_cadence,"0.0",rpm,enhanced_altitude,"17.799999999999955",m,enhanced_speed,"0.793",m/s,,,,,,,,,,,,,,,,,,,,,,,,,,,,,,,,,,,,,,,,,,,,,,,,,,,,,,,,,,,,,,,,,,,,,,,,,,,,,,,,,,,,,,,,,,,,,,,,,,,,,,,,,,,,,,,,,,,,,,,,,,,,,,,,,,,,,,,,,,,,,,,,,,,,,,,,,,,,,,,,,,,
Data,12,record,timestamp,"944860223",s,position_lat,"389941089",semicircles,position_long,"-1397648728",semicircles,distance,"14742.06",m,altitude,"18.0",m,speed,"0.858",m/s,unknown,"0",,unknown,"100",,heart_rate,"73",bpm,cadence,"0",rpm,fractional_cadence,"0.0",rpm,enhanced_altitude,"18.0",m,enhanced_speed,"0.858",m/s,,,,,,,,,,,,,,,,,,,,,,,,,,,,,,,,,,,,,,,,,,,,,,,,,,,,,,,,,,,,,,,,,,,,,,,,,,,,,,,,,,,,,,,,,,,,,,,,,,,,,,,,,,,,,,,,,,,,,,,,,,,,,,,,,,,,,,,,,,,,,,,,,,,,,,,,,,,,,,,,,,,
Data,12,record,timestamp,"944860226",s,position_lat,"389940907",semicircles,position_long,"-1397648932",semicircles,distance,"14744.39",m,altitude,"18.0",m,speed,"0.774",m/s,unknown,"0",,unknown,"100",,heart_rate,"71",bpm,cadence,"0",rpm,fractional_cadence,"0.0",rpm,enhanced_altitude,"18.0",m,enhanced_speed,"0.774",m/s,,,,,,,,,,,,,,,,,,,,,,,,,,,,,,,,,,,,,,,,,,,,,,,,,,,,,,,,,,,,,,,,,,,,,,,,,,,,,,,,,,,,,,,,,,,,,,,,,,,,,,,,,,,,,,,,,,,,,,,,,,,,,,,,,,,,,,,,,,,,,,,,,,,,,,,,,,,,,,,,,,,
Data,12,record,timestamp,"944860230",s,position_lat,"389940652",semicircles,position_long,"-1397649200",semicircles,distance,"14747.57",m,altitude,"18.0",m,speed,"0.849",m/s,unknown,"0",,unknown,"100",,heart_rate,"74",bpm,cadence,"0",rpm,fractional_cadence,"0.0",rpm,enhanced_altitude,"18.0",m,enhanced_speed,"0.849",m/s,,,,,,,,,,,,,,,,,,,,,,,,,,,,,,,,,,,,,,,,,,,,,,,,,,,,,,,,,,,,,,,,,,,,,,,,,,,,,,,,,,,,,,,,,,,,,,,,,,,,,,,,,,,,,,,,,,,,,,,,,,,,,,,,,,,,,,,,,,,,,,,,,,,,,,,,,,,,,,,,,,,
Data,12,record,timestamp,"944860231",s,position_lat,"389940575",semicircles,position_long,"-1397649266",semicircles,distance,"14748.45",m,altitude,"18.0",m,speed,"0.886",m/s,unknown,"0",,unknown,"100",,heart_rate,"70",bpm,cadence,"0",rpm,fractional_cadence,"0.0",rpm,enhanced_altitude,"18.0",m,enhanced_speed,"0.886",m/s,,,,,,,,,,,,,,,,,,,,,,,,,,,,,,,,,,,,,,,,,,,,,,,,,,,,,,,,,,,,,,,,,,,,,,,,,,,,,,,,,,,,,,,,,,,,,,,,,,,,,,,,,,,,,,,,,,,,,,,,,,,,,,,,,,,,,,,,,,,,,,,,,,,,,,,,,,,,,,,,,,,
Data,12,record,timestamp,"944860235",s,position_lat,"389940297",semicircles,position_long,"-1397649529",semicircles,distance,"14751.77",m,altitude,"18.0",m,speed,"0.886",m/s,unknown,"0",,unknown,"100",,heart_rate,"73",bpm,cadence,"0",rpm,fractional_cadence,"0.0",rpm,enhanced_altitude,"18.0",m,enhanced_speed,"0.886",m/s,,,,,,,,,,,,,,,,,,,,,,,,,,,,,,,,,,,,,,,,,,,,,,,,,,,,,,,,,,,,,,,,,,,,,,,,,,,,,,,,,,,,,,,,,,,,,,,,,,,,,,,,,,,,,,,,,,,,,,,,,,,,,,,,,,,,,,,,,,,,,,,,,,,,,,,,,,,,,,,,,,,
Data,12,record,timestamp,"944860241",s,position_lat,"389939891",semicircles,position_long,"-1397649934",semicircles,distance,"14756.72",m,altitude,"18.200000000000045",m,speed,"0.83",m/s,unknown,"0",,unknown,"100",,heart_rate,"74",bpm,cadence,"0",rpm,fractional_cadence,"0.0",rpm,enhanced_altitude,"18.200000000000045",m,enhanced_speed,"0.83",m/s,,,,,,,,,,,,,,,,,,,,,,,,,,,,,,,,,,,,,,,,,,,,,,,,,,,,,,,,,,,,,,,,,,,,,,,,,,,,,,,,,,,,,,,,,,,,,,,,,,,,,,,,,,,,,,,,,,,,,,,,,,,,,,,,,,,,,,,,,,,,,,,,,,,,,,,,,,,,,,,,,,,
Data,12,record,timestamp,"944860244",s,position_lat,"389939636",semicircles,position_long,"-1397650163",semicircles,distance,"14759.69",m,altitude,"18.200000000000045",m,speed,"0.877",m/s,unknown,"0",,unknown,"100",,heart_rate,"71",bpm,cadence,"0",rpm,fractional_cadence,"0.0",rpm,enhanced_altitude,"18.200000000000045",m,enhanced_speed,"0.877",m/s,,,,,,,,,,,,,,,,,,,,,,,,,,,,,,,,,,,,,,,,,,,,,,,,,,,,,,,,,,,,,,,,,,,,,,,,,,,,,,,,,,,,,,,,,,,,,,,,,,,,,,,,,,,,,,,,,,,,,,,,,,,,,,,,,,,,,,,,,,,,,,,,,,,,,,,,,,,,,,,,,,,
Data,12,record,timestamp,"944860258",s,position_lat,"389938720",semicircles,position_long,"-1397651176",semicircles,distance,"14771.37",m,altitude,"18.399999999999977",m,speed,"0.812",m/s,unknown,"0",,unknown,"100",,heart_rate,"72",bpm,cadence,"0",rpm,fractional_cadence,"0.0",rpm,enhanced_altitude,"18.399999999999977",m,enhanced_speed,"0.812",m/s,,,,,,,,,,,,,,,,,,,,,,,,,,,,,,,,,,,,,,,,,,,,,,,,,,,,,,,,,,,,,,,,,,,,,,,,,,,,,,,,,,,,,,,,,,,,,,,,,,,,,,,,,,,,,,,,,,,,,,,,,,,,,,,,,,,,,,,,,,,,,,,,,,,,,,,,,,,,,,,,,,,
Data,12,record,timestamp,"944860264",s,position_lat,"389938111",semicircles,position_long,"-1397651717",semicircles,distance,"14778.44",m,altitude,"18.399999999999977",m,speed,"0.998",m/s,unknown,"0",,unknown,"100",,heart_rate,"72",bpm,cadence,"0",rpm,fractional_cadence,"0.0",rpm,enhanced_altitude,"18.399999999999977",m,enhanced_speed,"0.998",m/s,,,,,,,,,,,,,,,,,,,,,,,,,,,,,,,,,,,,,,,,,,,,,,,,,,,,,,,,,,,,,,,,,,,,,,,,,,,,,,,,,,,,,,,,,,,,,,,,,,,,,,,,,,,,,,,,,,,,,,,,,,,,,,,,,,,,,,,,,,,,,,,,,,,,,,,,,,,,,,,,,,,
Data,12,record,timestamp,"944860272",s,position_lat,"389937422",semicircles,position_long,"-1397652208",semicircles,distance,"14785.93",m,altitude,"18.200000000000045",m,speed,"0.849",m/s,unknown,"0",,unknown,"300",,heart_rate,"72",bpm,cadence,"0",rpm,fractional_cadence,"0.0",rpm,enhanced_altitude,"18.200000000000045",m,enhanced_speed,"0.849",m/s,,,,,,,,,,,,,,,,,,,,,,,,,,,,,,,,,,,,,,,,,,,,,,,,,,,,,,,,,,,,,,,,,,,,,,,,,,,,,,,,,,,,,,,,,,,,,,,,,,,,,,,,,,,,,,,,,,,,,,,,,,,,,,,,,,,,,,,,,,,,,,,,,,,,,,,,,,,,,,,,,,,
Data,12,record,timestamp,"944860276",s,position_lat,"389937166",semicircles,position_long,"-1397652399",semicircles,distance,"14788.75",m,altitude,"18.200000000000045",m,speed,"0.784",m/s,unknown,"0",,unknown,"300",,heart_rate,"75",bpm,cadence,"0",rpm,fractional_cadence,"0.0",rpm,enhanced_altitude,"18.200000000000045",m,enhanced_speed,"0.784",m/s,,,,,,,,,,,,,,,,,,,,,,,,,,,,,,,,,,,,,,,,,,,,,,,,,,,,,,,,,,,,,,,,,,,,,,,,,,,,,,,,,,,,,,,,,,,,,,,,,,,,,,,,,,,,,,,,,,,,,,,,,,,,,,,,,,,,,,,,,,,,,,,,,,,,,,,,,,,,,,,,,,,
Data,12,record,timestamp,"944860281",s,position_lat,"389936862",semicircles,position_long,"-1397652588",semicircles,distance,"14791.93",m,altitude,"18.0",m,speed,"0.681",m/s,unknown,"0",,unknown,"300",,heart_rate,"78",bpm,cadence,"0",rpm,fractional_cadence,"0.0",rpm,enhanced_altitude,"18.0",m,enhanced_speed,"0.681",m/s,,,,,,,,,,,,,,,,,,,,,,,,,,,,,,,,,,,,,,,,,,,,,,,,,,,,,,,,,,,,,,,,,,,,,,,,,,,,,,,,,,,,,,,,,,,,,,,,,,,,,,,,,,,,,,,,,,,,,,,,,,,,,,,,,,,,,,,,,,,,,,,,,,,,,,,,,,,,,,,,,,,
Data,12,record,timestamp,"944860290",s,position_lat,"389936275",semicircles,position_long,"-1397653072",semicircles,distance,"14798.63",m,altitude,"18.0",m,speed,"0.83",m/s,unknown,"0",,unknown,"300",,heart_rate,"75",bpm,cadence,"0",rpm,fractional_cadence,"0.0",rpm,enhanced_altitude,"18.0",m,enhanced_speed,"0.83",m/s,,,,,,,,,,,,,,,,,,,,,,,,,,,,,,,,,,,,,,,,,,,,,,,,,,,,,,,,,,,,,,,,,,,,,,,,,,,,,,,,,,,,,,,,,,,,,,,,,,,,,,,,,,,,,,,,,,,,,,,,,,,,,,,,,,,,,,,,,,,,,,,,,,,,,,,,,,,,,,,,,,,
Data,12,record,timestamp,"944860293",s,position_lat,"389935996",semicircles,position_long,"-1397653222",semicircles,distance,"14801.43",m,altitude,"18.0",m,speed,"0.868",m/s,unknown,"0",,unknown,"300",,heart_rate,"72",bpm,cadence,"0",rpm,fractional_cadence,"0.0",rpm,enhanced_altitude,"18.0",m,enhanced_speed,"0.868",m/s,,,,,,,,,,,,,,,,,,,,,,,,,,,,,,,,,,,,,,,,,,,,,,,,,,,,,,,,,,,,,,,,,,,,,,,,,,,,,,,,,,,,,,,,,,,,,,,,,,,,,,,,,,,,,,,,,,,,,,,,,,,,,,,,,,,,,,,,,,,,,,,,,,,,,,,,,,,,,,,,,,,
Data,12,record,timestamp,"944860299",s,position_lat,"389935547",semicircles,position_long,"-1397653478",semicircles,distance,"14806.1",m,altitude,"18.0",m,speed,"0.821",m/s,unknown,"0",,unknown,"100",,heart_rate,"76",bpm,cadence,"0",rpm,fractional_cadence,"0.0",rpm,enhanced_altitude,"18.0",m,enhanced_speed,"0.821",m/s,,,,,,,,,,,,,,,,,,,,,,,,,,,,,,,,,,,,,,,,,,,,,,,,,,,,,,,,,,,,,,,,,,,,,,,,,,,,,,,,,,,,,,,,,,,,,,,,,,,,,,,,,,,,,,,,,,,,,,,,,,,,,,,,,,,,,,,,,,,,,,,,,,,,,,,,,,,,,,,,,,,
Data,12,record,timestamp,"944860300",s,position_lat,"389935467",semicircles,position_long,"-1397653537",semicircles,distance,"14806.98",m,altitude,"18.0",m,speed,"0.83",m/s,unknown,"0",,unknown,"100",,heart_rate,"73",bpm,cadence,"0",rpm,fractional_cadence,"0.0",rpm,enhanced_altitude,"18.0",m,enhanced_speed,"0.83",m/s,,,,,,,,,,,,,,,,,,,,,,,,,,,,,,,,,,,,,,,,,,,,,,,,,,,,,,,,,,,,,,,,,,,,,,,,,,,,,,,,,,,,,,,,,,,,,,,,,,,,,,,,,,,,,,,,,,,,,,,,,,,,,,,,,,,,,,,,,,,,,,,,,,,,,,,,,,,,,,,,,,,
Data,12,record,timestamp,"944860304",s,position_lat,"389935100",semicircles,position_long,"-1397653834",semicircles,distance,"14811.1",m,altitude,"18.0",m,speed,"0.952",m/s,unknown,"0",,unknown,"100",,heart_rate,"72",bpm,cadence,"0",rpm,fractional_cadence,"0.0",rpm,enhanced_altitude,"18.0",m,enhanced_speed,"0.952",m/s,,,,,,,,,,,,,,,,,,,,,,,,,,,,,,,,,,,,,,,,,,,,,,,,,,,,,,,,,,,,,,,,,,,,,,,,,,,,,,,,,,,,,,,,,,,,,,,,,,,,,,,,,,,,,,,,,,,,,,,,,,,,,,,,,,,,,,,,,,,,,,,,,,,,,,,,,,,,,,,,,,,
Data,12,record,timestamp,"944860319",s,position_lat,"389934303",semicircles,position_long,"-1397654943",semicircles,distance,"14822.52",m,altitude,"18.0",m,speed,"0.793",m/s,unknown,"0",,unknown,"100",,heart_rate,"72",bpm,cadence,"0",rpm,fractional_cadence,"0.0",rpm,enhanced_altitude,"18.0",m,enhanced_speed,"0.793",m/s,,,,,,,,,,,,,,,,,,,,,,,,,,,,,,,,,,,,,,,,,,,,,,,,,,,,,,,,,,,,,,,,,,,,,,,,,,,,,,,,,,,,,,,,,,,,,,,,,,,,,,,,,,,,,,,,,,,,,,,,,,,,,,,,,,,,,,,,,,,,,,,,,,,,,,,,,,,,,,,,,,,
Data,12,record,timestamp,"944860323",s,position_lat,"389934095",semicircles,position_long,"-1397655110",semicircles,distance,"14824.91",m,altitude,"18.0",m,speed,"0.69",m/s,unknown,"0",,unknown,"300",,heart_rate,"77",bpm,cadence,"0",rpm,fractional_cadence,"0.0",rpm,enhanced_altitude,"18.0",m,enhanced_speed,"0.69",m/s,,,,,,,,,,,,,,,,,,,,,,,,,,,,,,,,,,,,,,,,,,,,,,,,,,,,,,,,,,,,,,,,,,,,,,,,,,,,,,,,,,,,,,,,,,,,,,,,,,,,,,,,,,,,,,,,,,,,,,,,,,,,,,,,,,,,,,,,,,,,,,,,,,,,,,,,,,,,,,,,,,,
Data,12,record,timestamp,"944860332",s,position_lat,"389933487",semicircles,position_long,"-1397655887",semicircles,distance,"14833.28",m,altitude,"18.0",m,speed,"0.7",m/s,unknown,"0",,unknown,"100",,heart_rate,"78",bpm,cadence,"0",rpm,fractional_cadence,"0.0",rpm,enhanced_altitude,"18.0",m,enhanced_speed,"0.7",m/s,,,,,,,,,,,,,,,,,,,,,,,,,,,,,,,,,,,,,,,,,,,,,,,,,,,,,,,,,,,,,,,,,,,,,,,,,,,,,,,,,,,,,,,,,,,,,,,,,,,,,,,,,,,,,,,,,,,,,,,,,,,,,,,,,,,,,,,,,,,,,,,,,,,,,,,,,,,,,,,,,,,
Data,12,record,timestamp,"944860337",s,position_lat,"389933184",semicircles,position_long,"-1397656254",semicircles,distance,"14837.31",m,altitude,"18.0",m,speed,"0.718",m/s,unknown,"0",,unknown,"100",,heart_rate,"81",bpm,cadence,"0",rpm,fractional_cadence,"0.0",rpm,enhanced_altitude,"18.0",m,enhanced_speed,"0.718",m/s,,,,,,,,,,,,,,,,,,,,,,,,,,,,,,,,,,,,,,,,,,,,,,,,,,,,,,,,,,,,,,,,,,,,,,,,,,,,,,,,,,,,,,,,,,,,,,,,,,,,,,,,,,,,,,,,,,,,,,,,,,,,,,,,,,,,,,,,,,,,,,,,,,,,,,,,,,,,,,,,,,,
Data,12,record,timestamp,"944860338",s,position_lat,"389933152",semicircles,position_long,"-1397656332",semicircles,distance,"14837.97",m,altitude,"18.0",m,speed,"0.681",m/s,unknown,"0",,unknown,"100",,heart_rate,"78",bpm,cadence,"0",rpm,fractional_cadence,"0.0",rpm,enhanced_altitude,"18.0",m,enhanced_speed,"0.681",m/s,,,,,,,,,,,,,,,,,,,,,,,,,,,,,,,,,,,,,,,,,,,,,,,,,,,,,,,,,,,,,,,,,,,,,,,,,,,,,,,,,,,,,,,,,,,,,,,,,,,,,,,,,,,,,,,,,,,,,,,,,,,,,,,,,,,,,,,,,,,,,,,,,,,,,,,,,,,,,,,,,,,
Data,12,record,timestamp,"944860342",s,position_lat,"389933056",semicircles,position_long,"-1397656562",semicircles,distance,"14839.97",m,altitude,"18.0",m,speed,"0.672",m/s,unknown,"0",,unknown,"100",,heart_rate,"75",bpm,cadence,"0",rpm,fractional_cadence,"0.0",rpm,enhanced_altitude,"18.0",m,enhanced_speed,"0.672",m/s,,,,,,,,,,,,,,,,,,,,,,,,,,,,,,,,,,,,,,,,,,,,,,,,,,,,,,,,,,,,,,,,,,,,,,,,,,,,,,,,,,,,,,,,,,,,,,,,,,,,,,,,,,,,,,,,,,,,,,,,,,,,,,,,,,,,,,,,,,,,,,,,,,,,,,,,,,,,,,,,,,,
Data,12,record,timestamp,"944860344",s,position_lat,"389932964",semicircles,position_long,"-1397656705",semicircles,distance,"14841.39",m,altitude,"18.0",m,speed,"0.7",m/s,unknown,"0",,unknown,"300",,heart_rate,"81",bpm,cadence,"0",rpm,fractional_cadence,"0.0",rpm,enhanced_altitude,"18.0",m,enhanced_speed,"0.7",m/s,,,,,,,,,,,,,,,,,,,,,,,,,,,,,,,,,,,,,,,,,,,,,,,,,,,,,,,,,,,,,,,,,,,,,,,,,,,,,,,,,,,,,,,,,,,,,,,,,,,,,,,,,,,,,,,,,,,,,,,,,,,,,,,,,,,,,,,,,,,,,,,,,,,,,,,,,,,,,,,,,,,
Data,12,record,timestamp,"944860347",s,position_lat,"389932802",semicircles,position_long,"-1397656897",semicircles,distance,"14843.52",m,altitude,"18.0",m,speed,"0.784",m/s,unknown,"0",,unknown,"100",,heart_rate,"83",bpm,cadence,"0",rpm,fractional_cadence,"0.0",rpm,enhanced_altitude,"18.0",m,enhanced_speed,"0.784",m/s,,,,,,,,,,,,,,,,,,,,,,,,,,,,,,,,,,,,,,,,,,,,,,,,,,,,,,,,,,,,,,,,,,,,,,,,,,,,,,,,,,,,,,,,,,,,,,,,,,,,,,,,,,,,,,,,,,,,,,,,,,,,,,,,,,,,,,,,,,,,,,,,,,,,,,,,,,,,,,,,,,,
Data,12,record,timestamp,"944860355",s,position_lat,"389932296",semicircles,position_long,"-1397657498",semicircles,distance,"14850.19",m,altitude,"18.200000000000045",m,speed,"0.737",m/s,unknown,"0",,unknown,"100",,heart_rate,"80",bpm,cadence,"0",rpm,fractional_cadence,"0.0",rpm,enhanced_altitude,"18.200000000000045",m,enhanced_speed,"0.737",m/s,,,,,,,,,,,,,,,,,,,,,,,,,,,,,,,,,,,,,,,,,,,,,,,,,,,,,,,,,,,,,,,,,,,,,,,,,,,,,,,,,,,,,,,,,,,,,,,,,,,,,,,,,,,,,,,,,,,,,,,,,,,,,,,,,,,,,,,,,,,,,,,,,,,,,,,,,,,,,,,,,,,
Data,12,record,timestamp,"944860358",s,position_lat,"389932105",semicircles,position_long,"-1397657709",semicircles,distance,"14852.62",m,altitude,"18.200000000000045",m,speed,"0.718",m/s,unknown,"0",,unknown,"100",,heart_rate,"85",bpm,cadence,"0",rpm,fractional_cadence,"0.0",rpm,enhanced_altitude,"18.200000000000045",m,enhanced_speed,"0.718",m/s,,,,,,,,,,,,,,,,,,,,,,,,,,,,,,,,,,,,,,,,,,,,,,,,,,,,,,,,,,,,,,,,,,,,,,,,,,,,,,,,,,,,,,,,,,,,,,,,,,,,,,,,,,,,,,,,,,,,,,,,,,,,,,,,,,,,,,,,,,,,,,,,,,,,,,,,,,,,,,,,,,,
Data,12,record,timestamp,"944860361",s,position_lat,"389931937",semicircles,position_long,"-1397657913",semicircles,distance,"14854.86",m,altitude,"18.200000000000045",m,speed,"0.69",m/s,unknown,"0",,unknown,"100",,heart_rate,"88",bpm,cadence,"0",rpm,fractional_cadence,"0.0",rpm,enhanced_altitude,"18.200000000000045",m,enhanced_speed,"0.69",m/s,,,,,,,,,,,,,,,,,,,,,,,,,,,,,,,,,,,,,,,,,,,,,,,,,,,,,,,,,,,,,,,,,,,,,,,,,,,,,,,,,,,,,,,,,,,,,,,,,,,,,,,,,,,,,,,,,,,,,,,,,,,,,,,,,,,,,,,,,,,,,,,,,,,,,,,,,,,,,,,,,,,
Data,12,record,timestamp,"944860364",s,position_lat,"389931802",semicircles,position_long,"-1397658040",semicircles,distance,"14856.48",m,altitude,"18.200000000000045",m,speed,"0.476",m/s,unknown,"0",,unknown,"100",,heart_rate,"89",bpm,cadence,"0",rpm,fractional_cadence,"0.0",rpm,enhanced_altitude,"18.200000000000045",m,enhanced_speed,"0.476",m/s,,,,,,,,,,,,,,,,,,,,,,,,,,,,,,,,,,,,,,,,,,,,,,,,,,,,,,,,,,,,,,,,,,,,,,,,,,,,,,,,,,,,,,,,,,,,,,,,,,,,,,,,,,,,,,,,,,,,,,,,,,,,,,,,,,,,,,,,,,,,,,,,,,,,,,,,,,,,,,,,,,,
Data,12,record,timestamp,"944860365",s,position_lat,"389931780",semicircles,position_long,"-1397658045",semicircles,distance,"14856.67",m,altitude,"18.200000000000045",m,speed,"0.0",m/s,unknown,"0",,unknown,"100",,heart_rate,"92",bpm,cadence,"0",rpm,fractional_cadence,"0.0",rpm,enhanced_altitude,"18.200000000000045",m,enhanced_speed,"0.0",m/s,,,,,,,,,,,,,,,,,,,,,,,,,,,,,,,,,,,,,,,,,,,,,,,,,,,,,,,,,,,,,,,,,,,,,,,,,,,,,,,,,,,,,,,,,,,,,,,,,,,,,,,,,,,,,,,,,,,,,,,,,,,,,,,,,,,,,,,,,,,,,,,,,,,,,,,,,,,,,,,,,,,
Data,12,record,timestamp,"944860367",s,position_lat,"389931727",semicircles,position_long,"-1397658014",semicircles,distance,"14857.07",m,altitude,"18.399999999999977",m,speed,"0.0",m/s,unknown,"0",,unknown,"100",,heart_rate,"96",bpm,cadence,"0",rpm,fractional_cadence,"0.0",rpm,enhanced_altitude,"18.399999999999977",m,enhanced_speed,"0.0",m/s,,,,,,,,,,,,,,,,,,,,,,,,,,,,,,,,,,,,,,,,,,,,,,,,,,,,,,,,,,,,,,,,,,,,,,,,,,,,,,,,,,,,,,,,,,,,,,,,,,,,,,,,,,,,,,,,,,,,,,,,,,,,,,,,,,,,,,,,,,,,,,,,,,,,,,,,,,,,,,,,,,,
Data,12,record,timestamp,"944860369",s,position_lat,"389931739",semicircles,position_long,"-1397657918",semicircles,distance,"14857.36",m,altitude,"18.200000000000045",m,speed,"0.0",m/s,unknown,"0",,unknown,"100",,heart_rate,"100",bpm,cadence,"0",rpm,fractional_cadence,"0.0",rpm,enhanced_altitude,"18.200000000000045",m,enhanced_speed,"0.0",m/s,,,,,,,,,,,,,,,,,,,,,,,,,,,,,,,,,,,,,,,,,,,,,,,,,,,,,,,,,,,,,,,,,,,,,,,,,,,,,,,,,,,,,,,,,,,,,,,,,,,,,,,,,,,,,,,,,,,,,,,,,,,,,,,,,,,,,,,,,,,,,,,,,,,,,,,,,,,,,,,,,,,
Data,12,record,timestamp,"944860371",s,position_lat,"389931718",semicircles,position_long,"-1397657889",semicircles,distance,"14857.67",m,altitude,"18.200000000000045",m,speed,"0.0",m/s,unknown,"0",,unknown,"100",,heart_rate,"104",bpm,cadence,"0",rpm,fractional_cadence,"0.0",rpm,enhanced_altitude,"18.200000000000045",m,enhanced_speed,"0.0",m/s,,,,,,,,,,,,,,,,,,,,,,,,,,,,,,,,,,,,,,,,,,,,,,,,,,,,,,,,,,,,,,,,,,,,,,,,,,,,,,,,,,,,,,,,,,,,,,,,,,,,,,,,,,,,,,,,,,,,,,,,,,,,,,,,,,,,,,,,,,,,,,,,,,,,,,,,,,,,,,,,,,,
Data,12,record,timestamp,"944860375",s,position_lat,"389931671",semicircles,position_long,"-1397657688",semicircles,distance,"14859.03",m,altitude,"18.200000000000045",m,speed,"0.0",m/s,unknown,"0",,unknown,"100",,heart_rate,"106",bpm,cadence,"0",rpm,fractional_cadence,"0.0",rpm,enhanced_altitude,"18.200000000000045",m,enhanced_speed,"0.0",m/s,,,,,,,,,,,,,,,,,,,,,,,,,,,,,,,,,,,,,,,,,,,,,,,,,,,,,,,,,,,,,,,,,,,,,,,,,,,,,,,,,,,,,,,,,,,,,,,,,,,,,,,,,,,,,,,,,,,,,,,,,,,,,,,,,,,,,,,,,,,,,,,,,,,,,,,,,,,,,,,,,,,
Data,12,record,timestamp,"944860379",s,position_lat,"389931517",semicircles,position_long,"-1397657606",semicircles,distance,"14860.58",m,altitude,"18.200000000000045",m,speed,"0.439",m/s,unknown,"0",,unknown,"100",,heart_rate,"110",bpm,cadence,"0",rpm,fractional_cadence,"0.0",rpm,enhanced_altitude,"18.200000000000045",m,enhanced_speed,"0.439",m/s,,,,,,,,,,,,,,,,,,,,,,,,,,,,,,,,,,,,,,,,,,,,,,,,,,,,,,,,,,,,,,,,,,,,,,,,,,,,,,,,,,,,,,,,,,,,,,,,,,,,,,,,,,,,,,,,,,,,,,,,,,,,,,,,,,,,,,,,,,,,,,,,,,,,,,,,,,,,,,,,,,,
Data,12,record,timestamp,"944860386",s,position_lat,"389931203",semicircles,position_long,"-1397657630",semicircles,distance,"14863.51",m,altitude,"18.200000000000045",m,speed,"0.0",m/s,unknown,"0",,unknown,"100",,heart_rate,"107",bpm,cadence,"0",rpm,fractional_cadence,"0.0",rpm,enhanced_altitude,"18.200000000000045",m,enhanced_speed,"0.0",m/s,,,,,,,,,,,,,,,,,,,,,,,,,,,,,,,,,,,,,,,,,,,,,,,,,,,,,,,,,,,,,,,,,,,,,,,,,,,,,,,,,,,,,,,,,,,,,,,,,,,,,,,,,,,,,,,,,,,,,,,,,,,,,,,,,,,,,,,,,,,,,,,,,,,,,,,,,,,,,,,,,,,
Data,12,record,timestamp,"944860387",s,position_lat,"389931170",semicircles,position_long,"-1397657659",semicircles,distance,"14863.84",m,altitude,"18.200000000000045",m,speed,"0.0",m/s,unknown,"0",,unknown,"100",,heart_rate,"109",bpm,cadence,"0",rpm,fractional_cadence,"0.0",rpm,enhanced_altitude,"18.200000000000045",m,enhanced_speed,"0.0",m/s,,,,,,,,,,,,,,,,,,,,,,,,,,,,,,,,,,,,,,,,,,,,,,,,,,,,,,,,,,,,,,,,,,,,,,,,,,,,,,,,,,,,,,,,,,,,,,,,,,,,,,,,,,,,,,,,,,,,,,,,,,,,,,,,,,,,,,,,,,,,,,,,,,,,,,,,,,,,,,,,,,,
Data,12,record,timestamp,"944860395",s,position_lat,"389930870",semicircles,position_long,"-1397657507",semicircles,distance,"14867.23",m,altitude,"17.799999999999955",m,speed,"0.476",m/s,unknown,"0",,unknown,"100",,heart_rate,"106",bpm,cadence,"0",rpm,fractional_cadence,"0.0",rpm,enhanced_altitude,"17.799999999999955",m,enhanced_speed,"0.476",m/s,,,,,,,,,,,,,,,,,,,,,,,,,,,,,,,,,,,,,,,,,,,,,,,,,,,,,,,,,,,,,,,,,,,,,,,,,,,,,,,,,,,,,,,,,,,,,,,,,,,,,,,,,,,,,,,,,,,,,,,,,,,,,,,,,,,,,,,,,,,,,,,,,,,,,,,,,,,,,,,,,,,
Data,12,record,timestamp,"944860398",s,position_lat,"389930816",semicircles,position_long,"-1397657456",semicircles,distance,"14868.36",m,altitude,"17.600000000000023",m,speed,"0.0",m/s,unknown,"0",,unknown,"100",,heart_rate,"106",bpm,cadence,"0",rpm,fractional_cadence,"0.0",rpm,enhanced_altitude,"17.600000000000023",m,enhanced_speed,"0.0",m/s,,,,,,,,,,,,,,,,,,,,,,,,,,,,,,,,,,,,,,,,,,,,,,,,,,,,,,,,,,,,,,,,,,,,,,,,,,,,,,,,,,,,,,,,,,,,,,,,,,,,,,,,,,,,,,,,,,,,,,,,,,,,,,,,,,,,,,,,,,,,,,,,,,,,,,,,,,,,,,,,,,,
Data,12,record,timestamp,"944860399",s,position_lat,"389930783",semicircles,position_long,"-1397657404",semicircles,distance,"14868.83",m,altitude,"17.600000000000023",m,speed,"0.0",m/s,unknown,"0",,unknown,"100",,heart_rate,"103",bpm,cadence,"0",rpm,fractional_cadence,"0.0",rpm,enhanced_altitude,"17.600000000000023",m,enhanced_speed,"0.0",m/s,,,,,,,,,,,,,,,,,,,,,,,,,,,,,,,,,,,,,,,,,,,,,,,,,,,,,,,,,,,,,,,,,,,,,,,,,,,,,,,,,,,,,,,,,,,,,,,,,,,,,,,,,,,,,,,,,,,,,,,,,,,,,,,,,,,,,,,,,,,,,,,,,,,,,,,,,,,,,,,,,,,
Data,12,record,timestamp,"944860409",s,position_lat,"389930123",semicircles,position_long,"-1397657120",semicircles,distance,"14875.85",m,altitude,"17.600000000000023",m,speed,"0.886",m/s,unknown,"0",,unknown,"100",,heart_rate,"104",bpm,cadence,"0",rpm,fractional_cadence,"0.0",rpm,enhanced_altitude,"17.600000000000023",m,enhanced_speed,"0.886",m/s,,,,,,,,,,,,,,,,,,,,,,,,,,,,,,,,,,,,,,,,,,,,,,,,,,,,,,,,,,,,,,,,,,,,,,,,,,,,,,,,,,,,,,,,,,,,,,,,,,,,,,,,,,,,,,,,,,,,,,,,,,,,,,,,,,,,,,,,,,,,,,,,,,,,,,,,,,,,,,,,,,,
Data,12,record,timestamp,"944860415",s,position_lat,"389929707",semicircles,position_long,"-1397656890",semicircles,distance,"14880.15",m,altitude,"17.600000000000023",m,speed,"0.69",m/s,unknown,"0",,unknown,"100",,heart_rate,"100",bpm,cadence,"0",rpm,fractional_cadence,"0.0",rpm,enhanced_altitude,"17.600000000000023",m,enhanced_speed,"0.69",m/s,,,,,,,,,,,,,,,,,,,,,,,,,,,,,,,,,,,,,,,,,,,,,,,,,,,,,,,,,,,,,,,,,,,,,,,,,,,,,,,,,,,,,,,,,,,,,,,,,,,,,,,,,,,,,,,,,,,,,,,,,,,,,,,,,,,,,,,,,,,,,,,,,,,,,,,,,,,,,,,,,,,
Data,12,record,timestamp,"944860419",s,position_lat,"389929534",semicircles,position_long,"-1397656610",semicircles,distance,"14882.84",m,altitude,"17.600000000000023",m,speed,"0.728",m/s,unknown,"0",,unknown,"100",,heart_rate,"102",bpm,cadence,"0",rpm,fractional_cadence,"0.0",rpm,enhanced_altitude,"17.600000000000023",m,enhanced_speed,"0.728",m/s,,,,,,,,,,,,,,,,,,,,,,,,,,,,,,,,,,,,,,,,,,,,,,,,,,,,,,,,,,,,,,,,,,,,,,,,,,,,,,,,,,,,,,,,,,,,,,,,,,,,,,,,,,,,,,,,,,,,,,,,,,,,,,,,,,,,,,,,,,,,,,,,,,,,,,,,,,,,,,,,,,,
Data,12,record,timestamp,"944860425",s,position_lat,"389929123",semicircles,position_long,"-1397656027",semicircles,distance,"14888.82",m,altitude,"17.399999999999977",m,speed,"1.129",m/s,unknown,"0",,unknown,"100",,heart_rate,"101",bpm,cadence,"0",rpm,fractional_cadence,"0.0",rpm,enhanced_altitude,"17.399999999999977",m,enhanced_speed,"1.129",m/s,,,,,,,,,,,,,,,,,,,,,,,,,,,,,,,,,,,,,,,,,,,,,,,,,,,,,,,,,,,,,,,,,,,,,,,,,,,,,,,,,,,,,,,,,,,,,,,,,,,,,,,,,,,,,,,,,,,,,,,,,,,,,,,,,,,,,,,,,,,,,,,,,,,,,,,,,,,,,,,,,,,
Data,12,record,timestamp,"944860430",s,position_lat,"389929144",semicircles,position_long,"-1397655125",semicircles,distance,"14896.04",m,altitude,"17.399999999999977",m,speed,"1.493",m/s,unknown,"0",,unknown,"100",,heart_rate,"100",bpm,cadence,"0",rpm,fractional_cadence,"0.0",rpm,enhanced_altitude,"17.399999999999977",m,enhanced_speed,"1.493",m/s,,,,,,,,,,,,,,,,,,,,,,,,,,,,,,,,,,,,,,,,,,,,,,,,,,,,,,,,,,,,,,,,,,,,,,,,,,,,,,,,,,,,,,,,,,,,,,,,,,,,,,,,,,,,,,,,,,,,,,,,,,,,,,,,,,,,,,,,,,,,,,,,,,,,,,,,,,,,,,,,,,,
Data,12,record,timestamp,"944860436",s,position_lat,"389929678",semicircles,position_long,"-1397653645",semicircles,distance,"14908.7",m,altitude,"17.399999999999977",m,speed,"2.51",m/s,unknown,"0",,unknown,"100",,heart_rate,"99",bpm,cadence,"0",rpm,fractional_cadence,"0.0",rpm,enhanced_altitude,"17.399999999999977",m,enhanced_speed,"2.51",m/s,,,,,,,,,,,,,,,,,,,,,,,,,,,,,,,,,,,,,,,,,,,,,,,,,,,,,,,,,,,,,,,,,,,,,,,,,,,,,,,,,,,,,,,,,,,,,,,,,,,,,,,,,,,,,,,,,,,,,,,,,,,,,,,,,,,,,,,,,,,,,,,,,,,,,,,,,,,,,,,,,,,
Data,12,record,timestamp,"944860444",s,position_lat,"389930886",semicircles,position_long,"-1397651295",semicircles,distance,"14930.32",m,altitude,"17.799999999999955",m,speed,"2.482",m/s,unknown,"0",,unknown,"100",,heart_rate,"96",bpm,cadence,"0",rpm,fractional_cadence,"0.0",rpm,enhanced_altitude,"17.799999999999955",m,enhanced_speed,"2.482",m/s,,,,,,,,,,,,,,,,,,,,,,,,,,,,,,,,,,,,,,,,,,,,,,,,,,,,,,,,,,,,,,,,,,,,,,,,,,,,,,,,,,,,,,,,,,,,,,,,,,,,,,,,,,,,,,,,,,,,,,,,,,,,,,,,,,,,,,,,,,,,,,,,,,,,,,,,,,,,,,,,,,,
Data,12,record,timestamp,"944860447",s,position_lat,"389931352",semicircles,position_long,"-1397650547",semicircles,distance,"14937.75",m,altitude,"18.0",m,speed,"1.978",m/s,unknown,"0",,unknown,"100",,heart_rate,"96",bpm,cadence,"0",rpm,fractional_cadence,"0.0",rpm,enhanced_altitude,"18.0",m,enhanced_speed,"1.978",m/s,,,,,,,,,,,,,,,,,,,,,,,,,,,,,,,,,,,,,,,,,,,,,,,,,,,,,,,,,,,,,,,,,,,,,,,,,,,,,,,,,,,,,,,,,,,,,,,,,,,,,,,,,,,,,,,,,,,,,,,,,,,,,,,,,,,,,,,,,,,,,,,,,,,,,,,,,,,,,,,,,,,
Data,12,record,timestamp,"944860453",s,position_lat,"389932515",semicircles,position_long,"-1397650420",semicircles,distance,"14949.25",m,altitude,"18.200000000000045",m,speed,"1.838",m/s,unknown,"0",,unknown,"100",,heart_rate,"96",bpm,cadence,"0",rpm,fractional_cadence,"0.0",rpm,enhanced_altitude,"18.200000000000045",m,enhanced_speed,"1.838",m/s,,,,,,,,,,,,,,,,,,,,,,,,,,,,,,,,,,,,,,,,,,,,,,,,,,,,,,,,,,,,,,,,,,,,,,,,,,,,,,,,,,,,,,,,,,,,,,,,,,,,,,,,,,,,,,,,,,,,,,,,,,,,,,,,,,,,,,,,,,,,,,,,,,,,,,,,,,,,,,,,,,,
Data,12,record,timestamp,"944860456",s,position_lat,"389933146",semicircles,position_long,"-1397650709",semicircles,distance,"14955.56",m,altitude,"18.200000000000045",m,speed,"1.689",m/s,unknown,"0",,unknown,"100",,heart_rate,"93",bpm,cadence,"0",rpm,fractional_cadence,"0.0",rpm,enhanced_altitude,"18.200000000000045",m,enhanced_speed,"1.689",m/s,,,,,,,,,,,,,,,,,,,,,,,,,,,,,,,,,,,,,,,,,,,,,,,,,,,,,,,,,,,,,,,,,,,,,,,,,,,,,,,,,,,,,,,,,,,,,,,,,,,,,,,,,,,,,,,,,,,,,,,,,,,,,,,,,,,,,,,,,,,,,,,,,,,,,,,,,,,,,,,,,,,
Data,12,record,timestamp,"944860459",s,position_lat,"389933508",semicircles,position_long,"-1397651091",semicircles,distance,"14960.06",m,altitude,"18.399999999999977",m,speed,"1.344",m/s,unknown,"0",,unknown,"100",,heart_rate,"98",bpm,cadence,"0",rpm,fractional_cadence,"0.0",rpm,enhanced_altitude,"18.399999999999977",m,enhanced_speed,"1.344",m/s,,,,,,,,,,,,,,,,,,,,,,,,,,,,,,,,,,,,,,,,,,,,,,,,,,,,,,,,,,,,,,,,,,,,,,,,,,,,,,,,,,,,,,,,,,,,,,,,,,,,,,,,,,,,,,,,,,,,,,,,,,,,,,,,,,,,,,,,,,,,,,,,,,,,,,,,,,,,,,,,,,,
Data,12,record,timestamp,"944860461",s,position_lat,"389933737",semicircles,position_long,"-1397651372",semicircles,distance,"14963.12",m,altitude,"18.399999999999977",m,speed,"1.26",m/s,unknown,"0",,unknown,"100",,heart_rate,"95",bpm,cadence,"0",rpm,fractional_cadence,"0.0",rpm,enhanced_altitude,"18.399999999999977",m,enhanced_speed,"1.26",m/s,,,,,,,,,,,,,,,,,,,,,,,,,,,,,,,,,,,,,,,,,,,,,,,,,,,,,,,,,,,,,,,,,,,,,,,,,,,,,,,,,,,,,,,,,,,,,,,,,,,,,,,,,,,,,,,,,,,,,,,,,,,,,,,,,,,,,,,,,,,,,,,,,,,,,,,,,,,,,,,,,,,
Data,12,record,timestamp,"944860465",s,position_lat,"389934163",semicircles,position_long,"-1397651906",semicircles,distance,"14968.9",m,altitude,"18.399999999999977",m,speed,"1.101",m/s,unknown,"0",,unknown,"100",,heart_rate,"96",bpm,cadence,"0",rpm,fractional_cadence,"0.0",rpm,enhanced_altitude,"18.399999999999977",m,enhanced_speed,"1.101",m/s,,,,,,,,,,,,,,,,,,,,,,,,,,,,,,,,,,,,,,,,,,,,,,,,,,,,,,,,,,,,,,,,,,,,,,,,,,,,,,,,,,,,,,,,,,,,,,,,,,,,,,,,,,,,,,,,,,,,,,,,,,,,,,,,,,,,,,,,,,,,,,,,,,,,,,,,,,,,,,,,,,,
Data,12,record,timestamp,"944860469",s,position_lat,"389934398",semicircles,position_long,"-1397652416",semicircles,distance,"14973.47",m,altitude,"18.399999999999977",m,speed,"1.082",m/s,unknown,"0",,unknown,"100",,heart_rate,"95",bpm,cadence,"52",rpm,fractional_cadence,"0.5",rpm,enhanced_altitude,"18.399999999999977",m,enhanced_speed,"1.082",m/s,,,,,,,,,,,,,,,,,,,,,,,,,,,,,,,,,,,,,,,,,,,,,,,,,,,,,,,,,,,,,,,,,,,,,,,,,,,,,,,,,,,,,,,,,,,,,,,,,,,,,,,,,,,,,,,,,,,,,,,,,,,,,,,,,,,,,,,,,,,,,,,,,,,,,,,,,,,,,,,,,,,
Data,12,record,timestamp,"944860475",s,position_lat,"389934745",semicircles,position_long,"-1397652921",semicircles,distance,"14978.6",m,altitude,"18.200000000000045",m,speed,"0.681",m/s,unknown,"0",,unknown,"100",,heart_rate,"99",bpm,cadence,"0",rpm,fractional_cadence,"0.0",rpm,enhanced_altitude,"18.200000000000045",m,enhanced_speed,"0.681",m/s,,,,,,,,,,,,,,,,,,,,,,,,,,,,,,,,,,,,,,,,,,,,,,,,,,,,,,,,,,,,,,,,,,,,,,,,,,,,,,,,,,,,,,,,,,,,,,,,,,,,,,,,,,,,,,,,,,,,,,,,,,,,,,,,,,,,,,,,,,,,,,,,,,,,,,,,,,,,,,,,,,,
Data,12,record,timestamp,"944860476",s,position_lat,"389934782",semicircles,position_long,"-1397652993",semicircles,distance,"14979.25",m,altitude,"18.200000000000045",m,speed,"0.653",m/s,unknown,"0",,unknown,"100",,heart_rate,"100",bpm,cadence,"0",rpm,fractional_cadence,"0.0",rpm,enhanced_altitude,"18.200000000000045",m,enhanced_speed,"0.653",m/s,,,,,,,,,,,,,,,,,,,,,,,,,,,,,,,,,,,,,,,,,,,,,,,,,,,,,,,,,,,,,,,,,,,,,,,,,,,,,,,,,,,,,,,,,,,,,,,,,,,,,,,,,,,,,,,,,,,,,,,,,,,,,,,,,,,,,,,,,,,,,,,,,,,,,,,,,,,,,,,,,,,
Data,12,record,timestamp,"944860478",s,position_lat,"389934893",semicircles,position_long,"-1397653145",semicircles,distance,"14980.83",m,altitude,"18.0",m,speed,"0.709",m/s,unknown,"0",,unknown,"100",,heart_rate,"104",bpm,cadence,"0",rpm,fractional_cadence,"0.0",rpm,enhanced_altitude,"18.0",m,enhanced_speed,"0.709",m/s,,,,,,,,,,,,,,,,,,,,,,,,,,,,,,,,,,,,,,,,,,,,,,,,,,,,,,,,,,,,,,,,,,,,,,,,,,,,,,,,,,,,,,,,,,,,,,,,,,,,,,,,,,,,,,,,,,,,,,,,,,,,,,,,,,,,,,,,,,,,,,,,,,,,,,,,,,,,,,,,,,,
Data,12,record,timestamp,"944860480",s,position_lat,"389935048",semicircles,position_long,"-1397653248",semicircles,distance,"14982.46",m,altitude,"18.0",m,speed,"0.802",m/s,unknown,"0",,unknown,"100",,heart_rate,"107",bpm,cadence,"0",rpm,fractional_cadence,"0.0",rpm,enhanced_altitude,"18.0",m,enhanced_speed,"0.802",m/s,,,,,,,,,,,,,,,,,,,,,,,,,,,,,,,,,,,,,,,,,,,,,,,,,,,,,,,,,,,,,,,,,,,,,,,,,,,,,,,,,,,,,,,,,,,,,,,,,,,,,,,,,,,,,,,,,,,,,,,,,,,,,,,,,,,,,,,,,,,,,,,,,,,,,,,,,,,,,,,,,,,
Data,12,record,timestamp,"944860482",s,position_lat,"389935312",semicircles,position_long,"-1397653272",semicircles,distance,"14984.93",m,altitude,"18.0",m,speed,"0.998",m/s,unknown,"0",,unknown,"100",,heart_rate,"106",bpm,cadence,"0",rpm,fractional_cadence,"0.0",rpm,enhanced_altitude,"18.0",m,enhanced_speed,"0.998",m/s,,,,,,,,,,,,,,,,,,,,,,,,,,,,,,,,,,,,,,,,,,,,,,,,,,,,,,,,,,,,,,,,,,,,,,,,,,,,,,,,,,,,,,,,,,,,,,,,,,,,,,,,,,,,,,,,,,,,,,,,,,,,,,,,,,,,,,,,,,,,,,,,,,,,,,,,,,,,,,,,,,,
Data,12,record,timestamp,"944860486",s,position_lat,"389935763",semicircles,position_long,"-1397653231",semicircles,distance,"14989.13",m,altitude,"18.0",m,speed,"1.008",m/s,unknown,"0",,unknown,"100",,heart_rate,"105",bpm,cadence,"0",rpm,fractional_cadence,"0.0",rpm,enhanced_altitude,"18.0",m,enhanced_speed,"1.008",m/s,,,,,,,,,,,,,,,,,,,,,,,,,,,,,,,,,,,,,,,,,,,,,,,,,,,,,,,,,,,,,,,,,,,,,,,,,,,,,,,,,,,,,,,,,,,,,,,,,,,,,,,,,,,,,,,,,,,,,,,,,,,,,,,,,,,,,,,,,,,,,,,,,,,,,,,,,,,,,,,,,,,
Data,12,record,timestamp,"944860492",s,position_lat,"389936210",semicircles,position_long,"-1397653572",semicircles,distance,"14993.99",m,altitude,"18.200000000000045",m,speed,"0.914",m/s,unknown,"0",,unknown,"100",,heart_rate,"102",bpm,cadence,"0",rpm,fractional_cadence,"0.0",rpm,enhanced_altitude,"18.200000000000045",m,enhanced_speed,"0.914",m/s,,,,,,,,,,,,,,,,,,,,,,,,,,,,,,,,,,,,,,,,,,,,,,,,,,,,,,,,,,,,,,,,,,,,,,,,,,,,,,,,,,,,,,,,,,,,,,,,,,,,,,,,,,,,,,,,,,,,,,,,,,,,,,,,,,,,,,,,,,,,,,,,,,,,,,,,,,,,,,,,,,,
Data,12,record,timestamp,"944860494",s,position_lat,"389936417",semicircles,position_long,"-1397653683",semicircles,distance,"14996.11",m,altitude,"18.200000000000045",m,speed,"1.026",m/s,unknown,"0",,unknown,"100",,heart_rate,"101",bpm,cadence,"0",rpm,fractional_cadence,"0.0",rpm,enhanced_altitude,"18.200000000000045",m,enhanced_speed,"1.026",m/s,,,,,,,,,,,,,,,,,,,,,,,,,,,,,,,,,,,,,,,,,,,,,,,,,,,,,,,,,,,,,,,,,,,,,,,,,,,,,,,,,,,,,,,,,,,,,,,,,,,,,,,,,,,,,,,,,,,,,,,,,,,,,,,,,,,,,,,,,,,,,,,,,,,,,,,,,,,,,,,,,,,
Data,12,record,timestamp,"944860496",s,position_lat,"389936621",semicircles,position_long,"-1397653739",semicircles,distance,"14998.05",m,altitude,"18.0",m,speed,"1.036",m/s,unknown,"0",,unknown,"100",,heart_rate,"101",bpm,cadence,"0",rpm,fractional_cadence,"0.0",rpm,enhanced_altitude,"18.0",m,enhanced_speed,"1.036",m/s,,,,,,,,,,,,,,,,,,,,,,,,,,,,,,,,,,,,,,,,,,,,,,,,,,,,,,,,,,,,,,,,,,,,,,,,,,,,,,,,,,,,,,,,,,,,,,,,,,,,,,,,,,,,,,,,,,,,,,,,,,,,,,,,,,,,,,,,,,,,,,,,,,,,,,,,,,,,,,,,,,,
Data,12,record,timestamp,"944860507",s,position_lat,"389937724",semicircles,position_long,"-1397654288",semicircles,distance,"15009.25",m,altitude,"17.600000000000023",m,speed,"0.952",m/s,unknown,"0",,unknown,"100",,heart_rate,"106",bpm,cadence,"0",rpm,fractional_cadence,"0.0",rpm,enhanced_altitude,"17.600000000000023",m,enhanced_speed,"0.952",m/s,,,,,,,,,,,,,,,,,,,,,,,,,,,,,,,,,,,,,,,,,,,,,,,,,,,,,,,,,,,,,,,,,,,,,,,,,,,,,,,,,,,,,,,,,,,,,,,,,,,,,,,,,,,,,,,,,,,,,,,,,,,,,,,,,,,,,,,,,,,,,,,,,,,,,,,,,,,,,,,,,,,
Data,12,record,timestamp,"944860508",s,position_lat,"389937813",semicircles,position_long,"-1397654336",semicircles,distance,"15010.16",m,altitude,"17.600000000000023",m,speed,"0.961",m/s,unknown,"0",,unknown,"100",,heart_rate,"104",bpm,cadence,"0",rpm,fractional_cadence,"0.0",rpm,enhanced_altitude,"17.600000000000023",m,enhanced_speed,"0.961",m/s,,,,,,,,,,,,,,,,,,,,,,,,,,,,,,,,,,,,,,,,,,,,,,,,,,,,,,,,,,,,,,,,,,,,,,,,,,,,,,,,,,,,,,,,,,,,,,,,,,,,,,,,,,,,,,,,,,,,,,,,,,,,,,,,,,,,,,,,,,,,,,,,,,,,,,,,,,,,,,,,,,,
Data,12,record,timestamp,"944860512",s,position_lat,"389938261",semicircles,position_long,"-1397654514",semicircles,distance,"15014.49",m,altitude,"17.399999999999977",m,speed,"0.952",m/s,unknown,"0",,unknown,"100",,heart_rate,"108",bpm,cadence,"0",rpm,fractional_cadence,"0.0",rpm,enhanced_altitude,"17.399999999999977",m,enhanced_speed,"0.952",m/s,,,,,,,,,,,,,,,,,,,,,,,,,,,,,,,,,,,,,,,,,,,,,,,,,,,,,,,,,,,,,,,,,,,,,,,,,,,,,,,,,,,,,,,,,,,,,,,,,,,,,,,,,,,,,,,,,,,,,,,,,,,,,,,,,,,,,,,,,,,,,,,,,,,,,,,,,,,,,,,,,,,
Data,12,record,timestamp,"944860514",s,position_lat,"389938475",semicircles,position_long,"-1397654601",semicircles,distance,"15016.59",m,altitude,"17.200000000000045",m,speed,"0.933",m/s,unknown,"0",,unknown,"100",,heart_rate,"111",bpm,cadence,"0",rpm,fractional_cadence,"0.0",rpm,enhanced_altitude,"17.200000000000045",m,enhanced_speed,"0.933",m/s,,,,,,,,,,,,,,,,,,,,,,,,,,,,,,,,,,,,,,,,,,,,,,,,,,,,,,,,,,,,,,,,,,,,,,,,,,,,,,,,,,,,,,,,,,,,,,,,,,,,,,,,,,,,,,,,,,,,,,,,,,,,,,,,,,,,,,,,,,,,,,,,,,,,,,,,,,,,,,,,,,,
Data,12,record,timestamp,"944860519",s,position_lat,"389938966",semicircles,position_long,"-1397654881",semicircles,distance,"15021.67",m,altitude,"16.799999999999955",m,speed,"0.886",m/s,unknown,"0",,unknown,"300",,heart_rate,"109",bpm,cadence,"0",rpm,fractional_cadence,"0.0",rpm,enhanced_altitude,"16.799999999999955",m,enhanced_speed,"0.886",m/s,,,,,,,,,,,,,,,,,,,,,,,,,,,,,,,,,,,,,,,,,,,,,,,,,,,,,,,,,,,,,,,,,,,,,,,,,,,,,,,,,,,,,,,,,,,,,,,,,,,,,,,,,,,,,,,,,,,,,,,,,,,,,,,,,,,,,,,,,,,,,,,,,,,,,,,,,,,,,,,,,,,
Data,12,record,timestamp,"944860523",s,position_lat,"389939497",semicircles,position_long,"-1397655172",semicircles,distance,"15027.11",m,altitude,"16.200000000000045",m,speed,"1.045",m/s,unknown,"0",,unknown,"300",,heart_rate,"109",bpm,cadence,"0",rpm,fractional_cadence,"0.0",rpm,enhanced_altitude,"16.200000000000045",m,enhanced_speed,"1.045",m/s,,,,,,,,,,,,,,,,,,,,,,,,,,,,,,,,,,,,,,,,,,,,,,,,,,,,,,,,,,,,,,,,,,,,,,,,,,,,,,,,,,,,,,,,,,,,,,,,,,,,,,,,,,,,,,,,,,,,,,,,,,,,,,,,,,,,,,,,,,,,,,,,,,,,,,,,,,,,,,,,,,,
Data,12,record,timestamp,"944860532",s,position_lat,"389940745",semicircles,position_long,"-1397655382",semicircles,distance,"15038.79",m,altitude,"16.200000000000045",m,speed,"1.12",m/s,unknown,"0",,unknown,"100",,heart_rate,"106",bpm,cadence,"0",rpm,fractional_cadence,"0.0",rpm,enhanced_altitude,"16.200000000000045",m,enhanced_speed,"1.12",m/s,,,,,,,,,,,,,,,,,,,,,,,,,,,,,,,,,,,,,,,,,,,,,,,,,,,,,,,,,,,,,,,,,,,,,,,,,,,,,,,,,,,,,,,,,,,,,,,,,,,,,,,,,,,,,,,,,,,,,,,,,,,,,,,,,,,,,,,,,,,,,,,,,,,,,,,,,,,,,,,,,,,
Data,12,record,timestamp,"944860540",s,position_lat,"389941806",semicircles,position_long,"-1397655855",semicircles,distance,"15049.28",m,altitude,"16.200000000000045",m,speed,"1.185",m/s,unknown,"0",,unknown,"100",,heart_rate,"103",bpm,cadence,"0",rpm,fractional_cadence,"0.0",rpm,enhanced_altitude,"16.200000000000045",m,enhanced_speed,"1.185",m/s,,,,,,,,,,,,,,,,,,,,,,,,,,,,,,,,,,,,,,,,,,,,,,,,,,,,,,,,,,,,,,,,,,,,,,,,,,,,,,,,,,,,,,,,,,,,,,,,,,,,,,,,,,,,,,,,,,,,,,,,,,,,,,,,,,,,,,,,,,,,,,,,,,,,,,,,,,,,,,,,,,,
Data,4,unknown,unknown,"944860545",,unknown,"2",,unknown,"2",,unknown,"3",,unknown,"1",,unknown,"4",,unknown,"3",,unknown,"255",,,,,,,,,,,,,,,,,,,,,,,,,,,,,,,,,,,,,,,,,,,,,,,,,,,,,,,,,,,,,,,,,,,,,,,,,,,,,,,,,,,,,,,,,,,,,,,,,,,,,,,,,,,,,,,,,,,,,,,,,,,,,,,,,,,,,,,,,,,,,,,,,,,,,,,,,,,,,,,,,,,,,,,,,,,,,,,,,,,
Data,4,unknown,unknown,"944860546",,unknown,"255",,unknown,"255",,unknown,"3",,unknown,"1",,unknown,"4",,unknown,"3",,unknown,"255",,,,,,,,,,,,,,,,,,,,,,,,,,,,,,,,,,,,,,,,,,,,,,,,,,,,,,,,,,,,,,,,,,,,,,,,,,,,,,,,,,,,,,,,,,,,,,,,,,,,,,,,,,,,,,,,,,,,,,,,,,,,,,,,,,,,,,,,,,,,,,,,,,,,,,,,,,,,,,,,,,,,,,,,,,,,,,,,,,,
Definition,1,record,timestamp,1,,distance,1,,altitude,1,,unknown,1,,unknown,1,,heart_rate,1,,cadence,1,,fractional_cadence,1,,,,,,,,,,,,,,,,,,,,,,,,,,,,,,,,,,,,,,,,,,,,,,,,,,,,,,,,,,,,,,,,,,,,,,,,,,,,,,,,,,,,,,,,,,,,,,,,,,,,,,,,,,,,,,,,,,,,,,,,,,,,,,,,,,,,,,,,,,,,,,,,,,,,,,,,,,,,,,,,,,,,,,,,,,,,,,,,,,,
Data,1,record,timestamp,"944860546",s,distance,"15055.74",m,altitude,"16.200000000000045",m,unknown,"0",,unknown,"100",,heart_rate,"101",bpm,cadence,"0",rpm,fractional_cadence,"0.0",rpm,enhanced_altitude,"16.200000000000045",m,,,,,,,,,,,,,,,,,,,,,,,,,,,,,,,,,,,,,,,,,,,,,,,,,,,,,,,,,,,,,,,,,,,,,,,,,,,,,,,,,,,,,,,,,,,,,,,,,,,,,,,,,,,,,,,,,,,,,,,,,,,,,,,,,,,,,,,,,,,,,,,,,,,,,,,,,,,,,,,,,,,,,,,,,,,,,,,
Data,1,record,timestamp,"944860548",s,distance,"15055.74",m,altitude,"16.200000000000045",m,unknown,"0",,unknown,"100",,heart_rate,"100",bpm,cadence,"0",rpm,fractional_cadence,"0.0",rpm,enhanced_altitude,"16.200000000000045",m,,,,,,,,,,,,,,,,,,,,,,,,,,,,,,,,,,,,,,,,,,,,,,,,,,,,,,,,,,,,,,,,,,,,,,,,,,,,,,,,,,,,,,,,,,,,,,,,,,,,,,,,,,,,,,,,,,,,,,,,,,,,,,,,,,,,,,,,,,,,,,,,,,,,,,,,,,,,,,,,,,,,,,,,,,,,,,,
Data,1,record,timestamp,"944860549",s,distance,"15055.74",m,altitude,"16.200000000000045",m,unknown,"0",,unknown,"100",,heart_rate,"101",bpm,cadence,"0",rpm,fractional_cadence,"0.0",rpm,enhanced_altitude,"16.200000000000045",m,,,,,,,,,,,,,,,,,,,,,,,,,,,,,,,,,,,,,,,,,,,,,,,,,,,,,,,,,,,,,,,,,,,,,,,,,,,,,,,,,,,,,,,,,,,,,,,,,,,,,,,,,,,,,,,,,,,,,,,,,,,,,,,,,,,,,,,,,,,,,,,,,,,,,,,,,,,,,,,,,,,,,,,,,,,,,,,
Data,1,record,timestamp,"944860550",s,distance,"15055.74",m,altitude,"16.200000000000045",m,unknown,"0",,unknown,"100",,heart_rate,"99",bpm,cadence,"0",rpm,fractional_cadence,"0.0",rpm,enhanced_altitude,"16.200000000000045",m,,,,,,,,,,,,,,,,,,,,,,,,,,,,,,,,,,,,,,,,,,,,,,,,,,,,,,,,,,,,,,,,,,,,,,,,,,,,,,,,,,,,,,,,,,,,,,,,,,,,,,,,,,,,,,,,,,,,,,,,,,,,,,,,,,,,,,,,,,,,,,,,,,,,,,,,,,,,,,,,,,,,,,,,,,,,,,,
Data,4,unknown,unknown,"944860551",,unknown,"2",,unknown,"2",,unknown,"3",,unknown,"1",,unknown,"4",,unknown,"3",,unknown,"255",,,,,,,,,,,,,,,,,,,,,,,,,,,,,,,,,,,,,,,,,,,,,,,,,,,,,,,,,,,,,,,,,,,,,,,,,,,,,,,,,,,,,,,,,,,,,,,,,,,,,,,,,,,,,,,,,,,,,,,,,,,,,,,,,,,,,,,,,,,,,,,,,,,,,,,,,,,,,,,,,,,,,,,,,,,,,,,,,,,
Data,4,unknown,unknown,"944860552",,unknown,"2",,unknown,"2",,unknown,"3",,unknown,"1",,unknown,"4",,unknown,"3",,unknown,"255",,,,,,,,,,,,,,,,,,,,,,,,,,,,,,,,,,,,,,,,,,,,,,,,,,,,,,,,,,,,,,,,,,,,,,,,,,,,,,,,,,,,,,,,,,,,,,,,,,,,,,,,,,,,,,,,,,,,,,,,,,,,,,,,,,,,,,,,,,,,,,,,,,,,,,,,,,,,,,,,,,,,,,,,,,,,,,,,,,,
Data,4,unknown,unknown,"944860553",,unknown,"255",,unknown,"255",,unknown,"3",,unknown,"1",,unknown,"4",,unknown,"3",,unknown,"255",,,,,,,,,,,,,,,,,,,,,,,,,,,,,,,,,,,,,,,,,,,,,,,,,,,,,,,,,,,,,,,,,,,,,,,,,,,,,,,,,,,,,,,,,,,,,,,,,,,,,,,,,,,,,,,,,,,,,,,,,,,,,,,,,,,,,,,,,,,,,,,,,,,,,,,,,,,,,,,,,,,,,,,,,,,,,,,,,,,
Data,1,record,timestamp,"944860554",s,distance,"15061.84",m,altitude,"16.200000000000045",m,unknown,"0",,unknown,"100",,heart_rate,"102",bpm,cadence,"0",rpm,fractional_cadence,"0.0",rpm,enhanced_altitude,"16.200000000000045",m,,,,,,,,,,,,,,,,,,,,,,,,,,,,,,,,,,,,,,,,,,,,,,,,,,,,,,,,,,,,,,,,,,,,,,,,,,,,,,,,,,,,,,,,,,,,,,,,,,,,,,,,,,,,,,,,,,,,,,,,,,,,,,,,,,,,,,,,,,,,,,,,,,,,,,,,,,,,,,,,,,,,,,,,,,,,,,,
Data,4,unknown,unknown,"944860555",,unknown,"2",,unknown,"2",,unknown,"3",,unknown,"1",,unknown,"4",,unknown,"3",,unknown,"255",,,,,,,,,,,,,,,,,,,,,,,,,,,,,,,,,,,,,,,,,,,,,,,,,,,,,,,,,,,,,,,,,,,,,,,,,,,,,,,,,,,,,,,,,,,,,,,,,,,,,,,,,,,,,,,,,,,,,,,,,,,,,,,,,,,,,,,,,,,,,,,,,,,,,,,,,,,,,,,,,,,,,,,,,,,,,,,,,,,
Data,12,record,timestamp,"944860555",s,position_lat,"389943255",semicircles,position_long,"-1397656443",semicircles,distance,"15063.7",m,altitude,"16.200000000000045",m,speed,"0.998",m/s,unknown,"0",,unknown,"100",,heart_rate,"99",bpm,cadence,"0",rpm,fractional_cadence,"0.0",rpm,enhanced_altitude,"16.200000000000045",m,enhanced_speed,"0.998",m/s,,,,,,,,,,,,,,,,,,,,,,,,,,,,,,,,,,,,,,,,,,,,,,,,,,,,,,,,,,,,,,,,,,,,,,,,,,,,,,,,,,,,,,,,,,,,,,,,,,,,,,,,,,,,,,,,,,,,,,,,,,,,,,,,,,,,,,,,,,,,,,,,,,,,,,,,,,,,,,,,,,,
Data,12,record,timestamp,"944860560",s,position_lat,"389943201",semicircles,position_long,"-1397656272",semicircles,distance,"15064.11",m,altitude,"16.200000000000045",m,speed,"0.812",m/s,unknown,"0",,unknown,"100",,heart_rate,"97",bpm,cadence,"0",rpm,fractional_cadence,"0.0",rpm,enhanced_altitude,"16.200000000000045",m,enhanced_speed,"0.812",m/s,,,,,,,,,,,,,,,,,,,,,,,,,,,,,,,,,,,,,,,,,,,,,,,,,,,,,,,,,,,,,,,,,,,,,,,,,,,,,,,,,,,,,,,,,,,,,,,,,,,,,,,,,,,,,,,,,,,,,,,,,,,,,,,,,,,,,,,,,,,,,,,,,,,,,,,,,,,,,,,,,,,
Data,12,record,timestamp,"944860573",s,position_lat,"389943697",semicircles,position_long,"-1397656227",semicircles,distance,"15070.21",m,altitude,"16.0",m,speed,"0.653",m/s,unknown,"0",,unknown,"100",,heart_rate,"94",bpm,cadence,"0",rpm,fractional_cadence,"0.0",rpm,enhanced_altitude,"16.0",m,enhanced_speed,"0.653",m/s,,,,,,,,,,,,,,,,,,,,,,,,,,,,,,,,,,,,,,,,,,,,,,,,,,,,,,,,,,,,,,,,,,,,,,,,,,,,,,,,,,,,,,,,,,,,,,,,,,,,,,,,,,,,,,,,,,,,,,,,,,,,,,,,,,,,,,,,,,,,,,,,,,,,,,,,,,,,,,,,,,,
Data,12,record,timestamp,"944860579",s,position_lat,"389944048",semicircles,position_long,"-1397656615",semicircles,distance,"15074.38",m,altitude,"16.0",m,speed,"0.513",m/s,unknown,"0",,unknown,"100",,heart_rate,"95",bpm,cadence,"0",rpm,fractional_cadence,"0.0",rpm,enhanced_altitude,"16.0",m,enhanced_speed,"0.513",m/s,,,,,,,,,,,,,,,,,,,,,,,,,,,,,,,,,,,,,,,,,,,,,,,,,,,,,,,,,,,,,,,,,,,,,,,,,,,,,,,,,,,,,,,,,,,,,,,,,,,,,,,,,,,,,,,,,,,,,,,,,,,,,,,,,,,,,,,,,,,,,,,,,,,,,,,,,,,,,,,,,,,
Data,12,record,timestamp,"944860584",s,position_lat,"389944526",semicircles,position_long,"-1397656736",semicircles,distance,"15078.9",m,altitude,"16.0",m,speed,"0.597",m/s,unknown,"0",,unknown,"100",,heart_rate,"92",bpm,cadence,"0",rpm,fractional_cadence,"0.0",rpm,enhanced_altitude,"16.0",m,enhanced_speed,"0.597",m/s,,,,,,,,,,,,,,,,,,,,,,,,,,,,,,,,,,,,,,,,,,,,,,,,,,,,,,,,,,,,,,,,,,,,,,,,,,,,,,,,,,,,,,,,,,,,,,,,,,,,,,,,,,,,,,,,,,,,,,,,,,,,,,,,,,,,,,,,,,,,,,,,,,,,,,,,,,,,,,,,,,,
Data,12,record,timestamp,"944860596",s,position_lat,"389944796",semicircles,position_long,"-1397656561",semicircles,distance,"15082.73",m,altitude,"16.200000000000045",m,speed,"0.439",m/s,unknown,"0",,unknown,"100",,heart_rate,"93",bpm,cadence,"0",rpm,fractional_cadence,"0.0",rpm,enhanced_altitude,"16.200000000000045",m,enhanced_speed,"0.439",m/s,,,,,,,,,,,,,,,,,,,,,,,,,,,,,,,,,,,,,,,,,,,,,,,,,,,,,,,,,,,,,,,,,,,,,,,,,,,,,,,,,,,,,,,,,,,,,,,,,,,,,,,,,,,,,,,,,,,,,,,,,,,,,,,,,,,,,,,,,,,,,,,,,,,,,,,,,,,,,,,,,,,
Data,12,record,timestamp,"944860599",s,position_lat,"389945078",semicircles,position_long,"-1397656906",semicircles,distance,"15085.63",m,altitude,"16.200000000000045",m,speed,"0.653",m/s,unknown,"0",,unknown,"100",,heart_rate,"90",bpm,cadence,"0",rpm,fractional_cadence,"0.0",rpm,enhanced_altitude,"16.200000000000045",m,enhanced_speed,"0.653",m/s,,,,,,,,,,,,,,,,,,,,,,,,,,,,,,,,,,,,,,,,,,,,,,,,,,,,,,,,,,,,,,,,,,,,,,,,,,,,,,,,,,,,,,,,,,,,,,,,,,,,,,,,,,,,,,,,,,,,,,,,,,,,,,,,,,,,,,,,,,,,,,,,,,,,,,,,,,,,,,,,,,,
Data,12,record,timestamp,"944860605",s,position_lat,"389945312",semicircles,position_long,"-1397656608",semicircles,distance,"15088.91",m,altitude,"16.399999999999977",m,speed,"0.579",m/s,unknown,"0",,unknown,"100",,heart_rate,"92",bpm,cadence,"0",rpm,fractional_cadence,"0.0",rpm,enhanced_altitude,"16.399999999999977",m,enhanced_speed,"0.579",m/s,,,,,,,,,,,,,,,,,,,,,,,,,,,,,,,,,,,,,,,,,,,,,,,,,,,,,,,,,,,,,,,,,,,,,,,,,,,,,,,,,,,,,,,,,,,,,,,,,,,,,,,,,,,,,,,,,,,,,,,,,,,,,,,,,,,,,,,,,,,,,,,,,,,,,,,,,,,,,,,,,,,
Data,12,record,timestamp,"944860609",s,position_lat,"389945505",semicircles,position_long,"-1397656325",semicircles,distance,"15091.69",m,altitude,"16.399999999999977",m,speed,"0.634",m/s,unknown,"0",,unknown,"100",,heart_rate,"95",bpm,cadence,"0",rpm,fractional_cadence,"0.0",rpm,enhanced_altitude,"16.399999999999977",m,enhanced_speed,"0.634",m/s,,,,,,,,,,,,,,,,,,,,,,,,,,,,,,,,,,,,,,,,,,,,,,,,,,,,,,,,,,,,,,,,,,,,,,,,,,,,,,,,,,,,,,,,,,,,,,,,,,,,,,,,,,,,,,,,,,,,,,,,,,,,,,,,,,,,,,,,,,,,,,,,,,,,,,,,,,,,,,,,,,,
Data,12,record,timestamp,"944860613",s,position_lat,"389945708",semicircles,position_long,"-1397655963",semicircles,distance,"15095.07",m,altitude,"16.600000000000023",m,speed,"0.718",m/s,unknown,"0",,unknown,"100",,heart_rate,"92",bpm,cadence,"0",rpm,fractional_cadence,"0.0",rpm,enhanced_altitude,"16.600000000000023",m,enhanced_speed,"0.718",m/s,,,,,,,,,,,,,,,,,,,,,,,,,,,,,,,,,,,,,,,,,,,,,,,,,,,,,,,,,,,,,,,,,,,,,,,,,,,,,,,,,,,,,,,,,,,,,,,,,,,,,,,,,,,,,,,,,,,,,,,,,,,,,,,,,,,,,,,,,,,,,,,,,,,,,,,,,,,,,,,,,,,
Data,12,record,timestamp,"944860619",s,position_lat,"389945939",semicircles,position_long,"-1397655382",semicircles,distance,"15100.1",m,altitude,"16.600000000000023",m,speed,"0.756",m/s,unknown,"0",,unknown,"100",,heart_rate,"95",bpm,cadence,"0",rpm,fractional_cadence,"0.0",rpm,enhanced_altitude,"16.600000000000023",m,enhanced_speed,"0.756",m/s,,,,,,,,,,,,,,,,,,,,,,,,,,,,,,,,,,,,,,,,,,,,,,,,,,,,,,,,,,,,,,,,,,,,,,,,,,,,,,,,,,,,,,,,,,,,,,,,,,,,,,,,,,,,,,,,,,,,,,,,,,,,,,,,,,,,,,,,,,,,,,,,,,,,,,,,,,,,,,,,,,,
Data,12,record,timestamp,"944860622",s,position_lat,"389946122",semicircles,position_long,"-1397655078",semicircles,distance,"15103.02",m,altitude,"16.799999999999955",m,speed,"0.709",m/s,unknown,"0",,unknown,"100",,heart_rate,"94",bpm,cadence,"0",rpm,fractional_cadence,"0.0",rpm,enhanced_altitude,"16.799999999999955",m,enhanced_speed,"0.709",m/s,,,,,,,,,,,,,,,,,,,,,,,,,,,,,,,,,,,,,,,,,,,,,,,,,,,,,,,,,,,,,,,,,,,,,,,,,,,,,,,,,,,,,,,,,,,,,,,,,,,,,,,,,,,,,,,,,,,,,,,,,,,,,,,,,,,,,,,,,,,,,,,,,,,,,,,,,,,,,,,,,,,
Data,12,record,timestamp,"944860623",s,position_lat,"389946205",semicircles,position_long,"-1397655001",semicircles,distance,"15103.95",m,altitude,"16.799999999999955",m,speed,"0.709",m/s,unknown,"0",,unknown,"100",,heart_rate,"97",bpm,cadence,"0",rpm,fractional_cadence,"0.0",rpm,enhanced_altitude,"16.799999999999955",m,enhanced_speed,"0.709",m/s,,,,,,,,,,,,,,,,,,,,,,,,,,,,,,,,,,,,,,,,,,,,,,,,,,,,,,,,,,,,,,,,,,,,,,,,,,,,,,,,,,,,,,,,,,,,,,,,,,,,,,,,,,,,,,,,,,,,,,,,,,,,,,,,,,,,,,,,,,,,,,,,,,,,,,,,,,,,,,,,,,,
Data,12,record,timestamp,"944860625",s,position_lat,"389946284",semicircles,position_long,"-1397654803",semicircles,distance,"15105.68",m,altitude,"16.799999999999955",m,speed,"0.681",m/s,unknown,"0",,unknown,"100",,heart_rate,"94",bpm,cadence,"0",rpm,fractional_cadence,"0.0",rpm,enhanced_altitude,"16.799999999999955",m,enhanced_speed,"0.681",m/s,,,,,,,,,,,,,,,,,,,,,,,,,,,,,,,,,,,,,,,,,,,,,,,,,,,,,,,,,,,,,,,,,,,,,,,,,,,,,,,,,,,,,,,,,,,,,,,,,,,,,,,,,,,,,,,,,,,,,,,,,,,,,,,,,,,,,,,,,,,,,,,,,,,,,,,,,,,,,,,,,,,
Data,12,record,timestamp,"944860627",s,position_lat,"389946406",semicircles,position_long,"-1397654639",semicircles,distance,"15107.38",m,altitude,"16.799999999999955",m,speed,"0.597",m/s,unknown,"0",,unknown,"100",,heart_rate,"97",bpm,cadence,"0",rpm,fractional_cadence,"0.0",rpm,enhanced_altitude,"16.799999999999955",m,enhanced_speed,"0.597",m/s,,,,,,,,,,,,,,,,,,,,,,,,,,,,,,,,,,,,,,,,,,,,,,,,,,,,,,,,,,,,,,,,,,,,,,,,,,,,,,,,,,,,,,,,,,,,,,,,,,,,,,,,,,,,,,,,,,,,,,,,,,,,,,,,,,,,,,,,,,,,,,,,,,,,,,,,,,,,,,,,,,,
Data,12,record,timestamp,"944860633",s,position_lat,"389946613",semicircles,position_long,"-1397654195",semicircles,distance,"15111.39",m,altitude,"16.799999999999955",m,speed,"0.606",m/s,unknown,"0",,unknown,"100",,heart_rate,"94",bpm,cadence,"0",rpm,fractional_cadence,"0.0",rpm,enhanced_altitude,"16.799999999999955",m,enhanced_speed,"0.606",m/s,,,,,,,,,,,,,,,,,,,,,,,,,,,,,,,,,,,,,,,,,,,,,,,,,,,,,,,,,,,,,,,,,,,,,,,,,,,,,,,,,,,,,,,,,,,,,,,,,,,,,,,,,,,,,,,,,,,,,,,,,,,,,,,,,,,,,,,,,,,,,,,,,,,,,,,,,,,,,,,,,,,
Data,12,record,timestamp,"944860636",s,position_lat,"389946624",semicircles,position_long,"-1397654015",semicircles,distance,"15112.75",m,altitude,"16.600000000000023",m,speed,"0.569",m/s,unknown,"0",,unknown,"100",,heart_rate,"95",bpm,cadence,"0",rpm,fractional_cadence,"0.0",rpm,enhanced_altitude,"16.600000000000023",m,enhanced_speed,"0.569",m/s,,,,,,,,,,,,,,,,,,,,,,,,,,,,,,,,,,,,,,,,,,,,,,,,,,,,,,,,,,,,,,,,,,,,,,,,,,,,,,,,,,,,,,,,,,,,,,,,,,,,,,,,,,,,,,,,,,,,,,,,,,,,,,,,,,,,,,,,,,,,,,,,,,,,,,,,,,,,,,,,,,,
Data,12,record,timestamp,"944860641",s,position_lat,"389946734",semicircles,position_long,"-1397653606",semicircles,distance,"15116.15",m,altitude,"16.600000000000023",m,speed,"0.634",m/s,unknown,"0",,unknown,"100",,heart_rate,"92",bpm,cadence,"0",rpm,fractional_cadence,"0.0",rpm,enhanced_altitude,"16.600000000000023",m,enhanced_speed,"0.634",m/s,,,,,,,,,,,,,,,,,,,,,,,,,,,,,,,,,,,,,,,,,,,,,,,,,,,,,,,,,,,,,,,,,,,,,,,,,,,,,,,,,,,,,,,,,,,,,,,,,,,,,,,,,,,,,,,,,,,,,,,,,,,,,,,,,,,,,,,,,,,,,,,,,,,,,,,,,,,,,,,,,,,
Data,12,record,timestamp,"944860646",s,position_lat,"389946846",semicircles,position_long,"-1397653119",semicircles,distance,"15120.18",m,altitude,"16.600000000000023",m,speed,"0.728",m/s,unknown,"0",,unknown,"100",,heart_rate,"95",bpm,cadence,"0",rpm,fractional_cadence,"0.0",rpm,enhanced_altitude,"16.600000000000023",m,enhanced_speed,"0.728",m/s,,,,,,,,,,,,,,,,,,,,,,,,,,,,,,,,,,,,,,,,,,,,,,,,,,,,,,,,,,,,,,,,,,,,,,,,,,,,,,,,,,,,,,,,,,,,,,,,,,,,,,,,,,,,,,,,,,,,,,,,,,,,,,,,,,,,,,,,,,,,,,,,,,,,,,,,,,,,,,,,,,,
Data,12,record,timestamp,"944860649",s,position_lat,"389946915",semicircles,position_long,"-1397652803",semicircles,distance,"15122.75",m,altitude,"16.799999999999955",m,speed,"0.709",m/s,unknown,"0",,unknown,"100",,heart_rate,"92",bpm,cadence,"0",rpm,fractional_cadence,"0.0",rpm,enhanced_altitude,"16.799999999999955",m,enhanced_speed,"0.709",m/s,,,,,,,,,,,,,,,,,,,,,,,,,,,,,,,,,,,,,,,,,,,,,,,,,,,,,,,,,,,,,,,,,,,,,,,,,,,,,,,,,,,,,,,,,,,,,,,,,,,,,,,,,,,,,,,,,,,,,,,,,,,,,,,,,,,,,,,,,,,,,,,,,,,,,,,,,,,,,,,,,,,
Data,12,record,timestamp,"944860650",s,position_lat,"389946921",semicircles,position_long,"-1397652670",semicircles,distance,"15123.78",m,altitude,"16.799999999999955",m,speed,"0.774",m/s,unknown,"0",,unknown,"100",,heart_rate,"93",bpm,cadence,"0",rpm,fractional_cadence,"0.0",rpm,enhanced_altitude,"16.799999999999955",m,enhanced_speed,"0.774",m/s,,,,,,,,,,,,,,,,,,,,,,,,,,,,,,,,,,,,,,,,,,,,,,,,,,,,,,,,,,,,,,,,,,,,,,,,,,,,,,,,,,,,,,,,,,,,,,,,,,,,,,,,,,,,,,,,,,,,,,,,,,,,,,,,,,,,,,,,,,,,,,,,,,,,,,,,,,,,,,,,,,,
Data,12,record,timestamp,"944860660",s,position_lat,"389947051",semicircles,position_long,"-1397651805",semicircles,distance,"15130.69",m,altitude,"17.200000000000045",m,speed,"0.69",m/s,unknown,"0",,unknown,"100",,heart_rate,"89",bpm,cadence,"0",rpm,fractional_cadence,"0.0",rpm,enhanced_altitude,"17.200000000000045",m,enhanced_speed,"0.69",m/s,,,,,,,,,,,,,,,,,,,,,,,,,,,,,,,,,,,,,,,,,,,,,,,,,,,,,,,,,,,,,,,,,,,,,,,,,,,,,,,,,,,,,,,,,,,,,,,,,,,,,,,,,,,,,,,,,,,,,,,,,,,,,,,,,,,,,,,,,,,,,,,,,,,,,,,,,,,,,,,,,,,
Data,12,record,timestamp,"944860666",s,position_lat,"389947091",semicircles,position_long,"-1397651363",semicircles,distance,"15134.21",m,altitude,"17.200000000000045",m,speed,"0.737",m/s,unknown,"0",,unknown,"100",,heart_rate,"90",bpm,cadence,"0",rpm,fractional_cadence,"0.0",rpm,enhanced_altitude,"17.200000000000045",m,enhanced_speed,"0.737",m/s,,,,,,,,,,,,,,,,,,,,,,,,,,,,,,,,,,,,,,,,,,,,,,,,,,,,,,,,,,,,,,,,,,,,,,,,,,,,,,,,,,,,,,,,,,,,,,,,,,,,,,,,,,,,,,,,,,,,,,,,,,,,,,,,,,,,,,,,,,,,,,,,,,,,,,,,,,,,,,,,,,,
Data,12,record,timestamp,"944860672",s,position_lat,"389947188",semicircles,position_long,"-1397650647",semicircles,distance,"15139.9",m,altitude,"17.399999999999977",m,speed,"0.98",m/s,unknown,"0",,unknown,"100",,heart_rate,"86",bpm,cadence,"0",rpm,fractional_cadence,"0.0",rpm,enhanced_altitude,"17.399999999999977",m,enhanced_speed,"0.98",m/s,,,,,,,,,,,,,,,,,,,,,,,,,,,,,,,,,,,,,,,,,,,,,,,,,,,,,,,,,,,,,,,,,,,,,,,,,,,,,,,,,,,,,,,,,,,,,,,,,,,,,,,,,,,,,,,,,,,,,,,,,,,,,,,,,,,,,,,,,,,,,,,,,,,,,,,,,,,,,,,,,,,
Data,12,record,timestamp,"944860675",s,position_lat,"389947213",semicircles,position_long,"-1397650346",semicircles,distance,"15142.3",m,altitude,"17.399999999999977",m,speed,"0.765",m/s,unknown,"0",,unknown,"100",,heart_rate,"89",bpm,cadence,"0",rpm,fractional_cadence,"0.0",rpm,enhanced_altitude,"17.399999999999977",m,enhanced_speed,"0.765",m/s,,,,,,,,,,,,,,,,,,,,,,,,,,,,,,,,,,,,,,,,,,,,,,,,,,,,,,,,,,,,,,,,,,,,,,,,,,,,,,,,,,,,,,,,,,,,,,,,,,,,,,,,,,,,,,,,,,,,,,,,,,,,,,,,,,,,,,,,,,,,,,,,,,,,,,,,,,,,,,,,,,,
Data,12,record,timestamp,"944860680",s,position_lat,"389947355",semicircles,position_long,"-1397649863",semicircles,distance,"15146.31",m,altitude,"17.200000000000045",m,speed,"0.756",m/s,unknown,"0",,unknown,"100",,heart_rate,"91",bpm,cadence,"0",rpm,fractional_cadence,"0.0",rpm,enhanced_altitude,"17.200000000000045",m,enhanced_speed,"0.756",m/s,,,,,,,,,,,,,,,,,,,,,,,,,,,,,,,,,,,,,,,,,,,,,,,,,,,,,,,,,,,,,,,,,,,,,,,,,,,,,,,,,,,,,,,,,,,,,,,,,,,,,,,,,,,,,,,,,,,,,,,,,,,,,,,,,,,,,,,,,,,,,,,,,,,,,,,,,,,,,,,,,,,
Data,12,record,timestamp,"944860688",s,position_lat,"389947355",semicircles,position_long,"-1397649229",semicircles,distance,"15151.29",m,altitude,"17.0",m,speed,"0.597",m/s,unknown,"0",,unknown,"100",,heart_rate,"94",bpm,cadence,"0",rpm,fractional_cadence,"0.0",rpm,enhanced_altitude,"17.0",m,enhanced_speed,"0.597",m/s,,,,,,,,,,,,,,,,,,,,,,,,,,,,,,,,,,,,,,,,,,,,,,,,,,,,,,,,,,,,,,,,,,,,,,,,,,,,,,,,,,,,,,,,,,,,,,,,,,,,,,,,,,,,,,,,,,,,,,,,,,,,,,,,,,,,,,,,,,,,,,,,,,,,,,,,,,,,,,,,,,,
Data,12,record,timestamp,"944860694",s,position_lat,"389947451",semicircles,position_long,"-1397648762",semicircles,distance,"15155.07",m,altitude,"16.799999999999955",m,speed,"0.737",m/s,unknown,"0",,unknown,"100",,heart_rate,"94",bpm,cadence,"0",rpm,fractional_cadence,"0.0",rpm,enhanced_altitude,"16.799999999999955",m,enhanced_speed,"0.737",m/s,,,,,,,,,,,,,,,,,,,,,,,,,,,,,,,,,,,,,,,,,,,,,,,,,,,,,,,,,,,,,,,,,,,,,,,,,,,,,,,,,,,,,,,,,,,,,,,,,,,,,,,,,,,,,,,,,,,,,,,,,,,,,,,,,,,,,,,,,,,,,,,,,,,,,,,,,,,,,,,,,,,
Data,12,record,timestamp,"944860713",s,position_lat,"389947783",semicircles,position_long,"-1397647054",semicircles,distance,"15168.88",m,altitude,"16.799999999999955",m,speed,"0.905",m/s,unknown,"0",,unknown,"100",,heart_rate,"92",bpm,cadence,"0",rpm,fractional_cadence,"0.0",rpm,enhanced_altitude,"16.799999999999955",m,enhanced_speed,"0.905",m/s,,,,,,,,,,,,,,,,,,,,,,,,,,,,,,,,,,,,,,,,,,,,,,,,,,,,,,,,,,,,,,,,,,,,,,,,,,,,,,,,,,,,,,,,,,,,,,,,,,,,,,,,,,,,,,,,,,,,,,,,,,,,,,,,,,,,,,,,,,,,,,,,,,,,,,,,,,,,,,,,,,,
Data,12,record,timestamp,"944860723",s,position_lat,"389947930",semicircles,position_long,"-1397645880",semicircles,distance,"15178.18",m,altitude,"17.0",m,speed,"0.718",m/s,unknown,"0",,unknown,"100",,heart_rate,"89",bpm,cadence,"0",rpm,fractional_cadence,"0.0",rpm,enhanced_altitude,"17.0",m,enhanced_speed,"0.718",m/s,,,,,,,,,,,,,,,,,,,,,,,,,,,,,,,,,,,,,,,,,,,,,,,,,,,,,,,,,,,,,,,,,,,,,,,,,,,,,,,,,,,,,,,,,,,,,,,,,,,,,,,,,,,,,,,,,,,,,,,,,,,,,,,,,,,,,,,,,,,,,,,,,,,,,,,,,,,,,,,,,,,
Data,12,record,timestamp,"944860729",s,position_lat,"389947988",semicircles,position_long,"-1397645295",semicircles,distance,"15182.82",m,altitude,"17.0",m,speed,"0.812",m/s,unknown,"0",,unknown,"100",,heart_rate,"90",bpm,cadence,"0",rpm,fractional_cadence,"0.0",rpm,enhanced_altitude,"17.0",m,enhanced_speed,"0.812",m/s,,,,,,,,,,,,,,,,,,,,,,,,,,,,,,,,,,,,,,,,,,,,,,,,,,,,,,,,,,,,,,,,,,,,,,,,,,,,,,,,,,,,,,,,,,,,,,,,,,,,,,,,,,,,,,,,,,,,,,,,,,,,,,,,,,,,,,,,,,,,,,,,,,,,,,,,,,,,,,,,,,,
Data,12,record,timestamp,"944860741",s,position_lat,"389947979",semicircles,position_long,"-1397644019",semicircles,distance,"15192.77",m,altitude,"17.200000000000045",m,speed,"0.83",m/s,unknown,"0",,unknown,"100",,heart_rate,"87",bpm,cadence,"0",rpm,fractional_cadence,"0.0",rpm,enhanced_altitude,"17.200000000000045",m,enhanced_speed,"0.83",m/s,,,,,,,,,,,,,,,,,,,,,,,,,,,,,,,,,,,,,,,,,,,,,,,,,,,,,,,,,,,,,,,,,,,,,,,,,,,,,,,,,,,,,,,,,,,,,,,,,,,,,,,,,,,,,,,,,,,,,,,,,,,,,,,,,,,,,,,,,,,,,,,,,,,,,,,,,,,,,,,,,,,
Data,12,record,timestamp,"944860747",s,position_lat,"389947841",semicircles,position_long,"-1397643012",semicircles,distance,"15200.53",m,altitude,"17.200000000000045",m,speed,"0.896",m/s,unknown,"0",,unknown,"100",,heart_rate,"87",bpm,cadence,"0",rpm,fractional_cadence,"0.0",rpm,enhanced_altitude,"17.200000000000045",m,enhanced_speed,"0.896",m/s,,,,,,,,,,,,,,,,,,,,,,,,,,,,,,,,,,,,,,,,,,,,,,,,,,,,,,,,,,,,,,,,,,,,,,,,,,,,,,,,,,,,,,,,,,,,,,,,,,,,,,,,,,,,,,,,,,,,,,,,,,,,,,,,,,,,,,,,,,,,,,,,,,,,,,,,,,,,,,,,,,,
Data,12,record,timestamp,"944860760",s,position_lat,"389948352",semicircles,position_long,"-1397641691",semicircles,distance,"15211.75",m,altitude,"17.200000000000045",m,speed,"0.812",m/s,unknown,"0",,unknown,"100",,heart_rate,"84",bpm,cadence,"0",rpm,fractional_cadence,"0.0",rpm,enhanced_altitude,"17.200000000000045",m,enhanced_speed,"0.812",m/s,,,,,,,,,,,,,,,,,,,,,,,,,,,,,,,,,,,,,,,,,,,,,,,,,,,,,,,,,,,,,,,,,,,,,,,,,,,,,,,,,,,,,,,,,,,,,,,,,,,,,,,,,,,,,,,,,,,,,,,,,,,,,,,,,,,,,,,,,,,,,,,,,,,,,,,,,,,,,,,,,,,
Data,12,record,timestamp,"944860761",s,position_lat,"389948356",semicircles,position_long,"-1397641596",semicircles,distance,"15212.49",m,altitude,"17.200000000000045",m,speed,"0.793",m/s,unknown,"0",,unknown,"100",,heart_rate,"87",bpm,cadence,"0",rpm,fractional_cadence,"0.0",rpm,enhanced_altitude,"17.200000000000045",m,enhanced_speed,"0.793",m/s,,,,,,,,,,,,,,,,,,,,,,,,,,,,,,,,,,,,,,,,,,,,,,,,,,,,,,,,,,,,,,,,,,,,,,,,,,,,,,,,,,,,,,,,,,,,,,,,,,,,,,,,,,,,,,,,,,,,,,,,,,,,,,,,,,,,,,,,,,,,,,,,,,,,,,,,,,,,,,,,,,,
Data,12,record,timestamp,"944860763",s,position_lat,"389948488",semicircles,position_long,"-1397641432",semicircles,distance,"15214.08",m,altitude,"17.200000000000045",m,speed,"0.849",m/s,unknown,"0",,unknown,"100",,heart_rate,"86",bpm,cadence,"0",rpm,fractional_cadence,"0.0",rpm,enhanced_altitude,"17.200000000000045",m,enhanced_speed,"0.849",m/s,,,,,,,,,,,,,,,,,,,,,,,,,,,,,,,,,,,,,,,,,,,,,,,,,,,,,,,,,,,,,,,,,,,,,,,,,,,,,,,,,,,,,,,,,,,,,,,,,,,,,,,,,,,,,,,,,,,,,,,,,,,,,,,,,,,,,,,,,,,,,,,,,,,,,,,,,,,,,,,,,,,
Data,12,record,timestamp,"944860771",s,position_lat,"389948671",semicircles,position_long,"-1397640598",semicircles,distance,"15220.85",m,altitude,"17.399999999999977",m,speed,"0.84",m/s,unknown,"0",,unknown,"100",,heart_rate,"89",bpm,cadence,"0",rpm,fractional_cadence,"0.0",rpm,enhanced_altitude,"17.399999999999977",m,enhanced_speed,"0.84",m/s,,,,,,,,,,,,,,,,,,,,,,,,,,,,,,,,,,,,,,,,,,,,,,,,,,,,,,,,,,,,,,,,,,,,,,,,,,,,,,,,,,,,,,,,,,,,,,,,,,,,,,,,,,,,,,,,,,,,,,,,,,,,,,,,,,,,,,,,,,,,,,,,,,,,,,,,,,,,,,,,,,,
Data,12,record,timestamp,"944860773",s,position_lat,"389948692",semicircles,position_long,"-1397640421",semicircles,distance,"15222.27",m,altitude,"17.399999999999977",m,speed,"0.84",m/s,unknown,"0",,unknown,"100",,heart_rate,"91",bpm,cadence,"0",rpm,fractional_cadence,"0.0",rpm,enhanced_altitude,"17.399999999999977",m,enhanced_speed,"0.84",m/s,,,,,,,,,,,,,,,,,,,,,,,,,,,,,,,,,,,,,,,,,,,,,,,,,,,,,,,,,,,,,,,,,,,,,,,,,,,,,,,,,,,,,,,,,,,,,,,,,,,,,,,,,,,,,,,,,,,,,,,,,,,,,,,,,,,,,,,,,,,,,,,,,,,,,,,,,,,,,,,,,,,
Data,12,record,timestamp,"944860775",s,position_lat,"389948776",semicircles,position_long,"-1397640196",semicircles,distance,"15224.16",m,altitude,"17.200000000000045",m,speed,"0.84",m/s,unknown,"0",,unknown,"100",,heart_rate,"94",bpm,cadence,"0",rpm,fractional_cadence,"0.0",rpm,enhanced_altitude,"17.200000000000045",m,enhanced_speed,"0.84",m/s,,,,,,,,,,,,,,,,,,,,,,,,,,,,,,,,,,,,,,,,,,,,,,,,,,,,,,,,,,,,,,,,,,,,,,,,,,,,,,,,,,,,,,,,,,,,,,,,,,,,,,,,,,,,,,,,,,,,,,,,,,,,,,,,,,,,,,,,,,,,,,,,,,,,,,,,,,,,,,,,,,,
Data,12,record,timestamp,"944860777",s,position_lat,"389948847",semicircles,position_long,"-1397640002",semicircles,distance,"15225.79",m,altitude,"17.200000000000045",m,speed,"0.802",m/s,unknown,"0",,unknown,"100",,heart_rate,"98",bpm,cadence,"0",rpm,fractional_cadence,"0.0",rpm,enhanced_altitude,"17.200000000000045",m,enhanced_speed,"0.802",m/s,,,,,,,,,,,,,,,,,,,,,,,,,,,,,,,,,,,,,,,,,,,,,,,,,,,,,,,,,,,,,,,,,,,,,,,,,,,,,,,,,,,,,,,,,,,,,,,,,,,,,,,,,,,,,,,,,,,,,,,,,,,,,,,,,,,,,,,,,,,,,,,,,,,,,,,,,,,,,,,,,,,
Data,12,record,timestamp,"944860780",s,position_lat,"389948899",semicircles,position_long,"-1397639714",semicircles,distance,"15228.13",m,altitude,"17.200000000000045",m,speed,"0.765",m/s,unknown,"0",,unknown,"100",,heart_rate,"101",bpm,cadence,"0",rpm,fractional_cadence,"0.0",rpm,enhanced_altitude,"17.200000000000045",m,enhanced_speed,"0.765",m/s,,,,,,,,,,,,,,,,,,,,,,,,,,,,,,,,,,,,,,,,,,,,,,,,,,,,,,,,,,,,,,,,,,,,,,,,,,,,,,,,,,,,,,,,,,,,,,,,,,,,,,,,,,,,,,,,,,,,,,,,,,,,,,,,,,,,,,,,,,,,,,,,,,,,,,,,,,,,,,,,,,,
Data,12,record,timestamp,"944860781",s,position_lat,"389948916",semicircles,position_long,"-1397639611",semicircles,distance,"15228.95",m,altitude,"17.200000000000045",m,speed,"0.793",m/s,unknown,"0",,unknown,"100",,heart_rate,"105",bpm,cadence,"0",rpm,fractional_cadence,"0.0",rpm,enhanced_altitude,"17.200000000000045",m,enhanced_speed,"0.793",m/s,,,,,,,,,,,,,,,,,,,,,,,,,,,,,,,,,,,,,,,,,,,,,,,,,,,,,,,,,,,,,,,,,,,,,,,,,,,,,,,,,,,,,,,,,,,,,,,,,,,,,,,,,,,,,,,,,,,,,,,,,,,,,,,,,,,,,,,,,,,,,,,,,,,,,,,,,,,,,,,,,,,
Data,12,record,timestamp,"944860782",s,position_lat,"389948925",semicircles,position_long,"-1397639521",semicircles,distance,"15229.67",m,altitude,"17.200000000000045",m,speed,"0.784",m/s,unknown,"0",,unknown,"100",,heart_rate,"105",bpm,cadence,"0",rpm,fractional_cadence,"0.0",rpm,enhanced_altitude,"17.200000000000045",m,enhanced_speed,"0.784",m/s,,,,,,,,,,,,,,,,,,,,,,,,,,,,,,,,,,,,,,,,,,,,,,,,,,,,,,,,,,,,,,,,,,,,,,,,,,,,,,,,,,,,,,,,,,,,,,,,,,,,,,,,,,,,,,,,,,,,,,,,,,,,,,,,,,,,,,,,,,,,,,,,,,,,,,,,,,,,,,,,,,,
Data,12,record,timestamp,"944860788",s,position_lat,"389949015",semicircles,position_long,"-1397639034",semicircles,distance,"15233.59",m,altitude,"17.0",m,speed,"0.672",m/s,unknown,"0",,unknown,"300",,heart_rate,"110",bpm,cadence,"0",rpm,fractional_cadence,"0.0",rpm,enhanced_altitude,"17.0",m,enhanced_speed,"0.672",m/s,,,,,,,,,,,,,,,,,,,,,,,,,,,,,,,,,,,,,,,,,,,,,,,,,,,,,,,,,,,,,,,,,,,,,,,,,,,,,,,,,,,,,,,,,,,,,,,,,,,,,,,,,,,,,,,,,,,,,,,,,,,,,,,,,,,,,,,,,,,,,,,,,,,,,,,,,,,,,,,,,,,
Data,12,record,timestamp,"944860789",s,position_lat,"389949031",semicircles,position_long,"-1397638952",semicircles,distance,"15234.25",m,altitude,"17.0",m,speed,"0.644",m/s,unknown,"0",,unknown,"100",,heart_rate,"108",bpm,cadence,"0",rpm,fractional_cadence,"0.0",rpm,enhanced_altitude,"17.0",m,enhanced_speed,"0.644",m/s,,,,,,,,,,,,,,,,,,,,,,,,,,,,,,,,,,,,,,,,,,,,,,,,,,,,,,,,,,,,,,,,,,,,,,,,,,,,,,,,,,,,,,,,,,,,,,,,,,,,,,,,,,,,,,,,,,,,,,,,,,,,,,,,,,,,,,,,,,,,,,,,,,,,,,,,,,,,,,,,,,,
Data,12,record,timestamp,"944860796",s,position_lat,"389949019",semicircles,position_long,"-1397638282",semicircles,distance,"15239.46",m,altitude,"16.799999999999955",m,speed,"0.7",m/s,unknown,"0",,unknown,"100",,heart_rate,"105",bpm,cadence,"0",rpm,fractional_cadence,"0.0",rpm,enhanced_altitude,"16.799999999999955",m,enhanced_speed,"0.7",m/s,,,,,,,,,,,,,,,,,,,,,,,,,,,,,,,,,,,,,,,,,,,,,,,,,,,,,,,,,,,,,,,,,,,,,,,,,,,,,,,,,,,,,,,,,,,,,,,,,,,,,,,,,,,,,,,,,,,,,,,,,,,,,,,,,,,,,,,,,,,,,,,,,,,,,,,,,,,,,,,,,,,
Data,12,record,timestamp,"944860805",s,position_lat,"389949351",semicircles,position_long,"-1397637173",semicircles,distance,"15248.65",m,altitude,"17.0",m,speed,"0.849",m/s,unknown,"0",,unknown,"100",,heart_rate,"102",bpm,cadence,"0",rpm,fractional_cadence,"0.0",rpm,enhanced_altitude,"17.0",m,enhanced_speed,"0.849",m/s,,,,,,,,,,,,,,,,,,,,,,,,,,,,,,,,,,,,,,,,,,,,,,,,,,,,,,,,,,,,,,,,,,,,,,,,,,,,,,,,,,,,,,,,,,,,,,,,,,,,,,,,,,,,,,,,,,,,,,,,,,,,,,,,,,,,,,,,,,,,,,,,,,,,,,,,,,,,,,,,,,,
Data,12,record,timestamp,"944860806",s,position_lat,"389949378",semicircles,position_long,"-1397637080",semicircles,distance,"15249.41",m,altitude,"17.0",m,speed,"0.896",m/s,unknown,"0",,unknown,"100",,heart_rate,"102",bpm,cadence,"0",rpm,fractional_cadence,"0.0",rpm,enhanced_altitude,"17.0",m,enhanced_speed,"0.896",m/s,,,,,,,,,,,,,,,,,,,,,,,,,,,,,,,,,,,,,,,,,,,,,,,,,,,,,,,,,,,,,,,,,,,,,,,,,,,,,,,,,,,,,,,,,,,,,,,,,,,,,,,,,,,,,,,,,,,,,,,,,,,,,,,,,,,,,,,,,,,,,,,,,,,,,,,,,,,,,,,,,,,
Data,12,record,timestamp,"944860819",s,position_lat,"389949925",semicircles,position_long,"-1397635923",semicircles,distance,"15259.75",m,altitude,"17.600000000000023",m,speed,"0.84",m/s,unknown,"0",,unknown,"100",,heart_rate,"100",bpm,cadence,"0",rpm,fractional_cadence,"0.0",rpm,enhanced_altitude,"17.600000000000023",m,enhanced_speed,"0.84",m/s,,,,,,,,,,,,,,,,,,,,,,,,,,,,,,,,,,,,,,,,,,,,,,,,,,,,,,,,,,,,,,,,,,,,,,,,,,,,,,,,,,,,,,,,,,,,,,,,,,,,,,,,,,,,,,,,,,,,,,,,,,,,,,,,,,,,,,,,,,,,,,,,,,,,,,,,,,,,,,,,,,,
Data,12,record,timestamp,"944860836",s,position_lat,"389950281",semicircles,position_long,"-1397634346",semicircles,distance,"15272.62",m,altitude,"17.600000000000023",m,speed,"0.756",m/s,unknown,"0",,unknown,"100",,heart_rate,"104",bpm,cadence,"0",rpm,fractional_cadence,"0.0",rpm,enhanced_altitude,"17.600000000000023",m,enhanced_speed,"0.756",m/s,,,,,,,,,,,,,,,,,,,,,,,,,,,,,,,,,,,,,,,,,,,,,,,,,,,,,,,,,,,,,,,,,,,,,,,,,,,,,,,,,,,,,,,,,,,,,,,,,,,,,,,,,,,,,,,,,,,,,,,,,,,,,,,,,,,,,,,,,,,,,,,,,,,,,,,,,,,,,,,,,,,
Data,12,record,timestamp,"944860837",s,position_lat,"389950296",semicircles,position_long,"-1397634277",semicircles,distance,"15273.18",m,altitude,"17.600000000000023",m,speed,"0.728",m/s,unknown,"0",,unknown,"100",,heart_rate,"101",bpm,cadence,"0",rpm,fractional_cadence,"0.0",rpm,enhanced_altitude,"17.600000000000023",m,enhanced_speed,"0.728",m/s,,,,,,,,,,,,,,,,,,,,,,,,,,,,,,,,,,,,,,,,,,,,,,,,,,,,,,,,,,,,,,,,,,,,,,,,,,,,,,,,,,,,,,,,,,,,,,,,,,,,,,,,,,,,,,,,,,,,,,,,,,,,,,,,,,,,,,,,,,,,,,,,,,,,,,,,,,,,,,,,,,,
Data,12,record,timestamp,"944860843",s,position_lat,"389950406",semicircles,position_long,"-1397633663",semicircles,distance,"15278.14",m,altitude,"17.399999999999977",m,speed,"0.858",m/s,unknown,"0",,unknown,"100",,heart_rate,"98",bpm,cadence,"0",rpm,fractional_cadence,"0.0",rpm,enhanced_altitude,"17.399999999999977",m,enhanced_speed,"0.858",m/s,,,,,,,,,,,,,,,,,,,,,,,,,,,,,,,,,,,,,,,,,,,,,,,,,,,,,,,,,,,,,,,,,,,,,,,,,,,,,,,,,,,,,,,,,,,,,,,,,,,,,,,,,,,,,,,,,,,,,,,,,,,,,,,,,,,,,,,,,,,,,,,,,,,,,,,,,,,,,,,,,,,
Data,12,record,timestamp,"944860845",s,position_lat,"389950423",semicircles,position_long,"-1397633474",semicircles,distance,"15279.62",m,altitude,"17.399999999999977",m,speed,"0.793",m/s,unknown,"0",,unknown,"100",,heart_rate,"101",bpm,cadence,"0",rpm,fractional_cadence,"0.0",rpm,enhanced_altitude,"17.399999999999977",m,enhanced_speed,"0.793",m/s,,,,,,,,,,,,,,,,,,,,,,,,,,,,,,,,,,,,,,,,,,,,,,,,,,,,,,,,,,,,,,,,,,,,,,,,,,,,,,,,,,,,,,,,,,,,,,,,,,,,,,,,,,,,,,,,,,,,,,,,,,,,,,,,,,,,,,,,,,,,,,,,,,,,,,,,,,,,,,,,,,,
Data,12,record,timestamp,"944860847",s,position_lat,"389950426",semicircles,position_long,"-1397633274",semicircles,distance,"15281.19",m,altitude,"17.399999999999977",m,speed,"0.802",m/s,unknown,"0",,unknown,"100",,heart_rate,"98",bpm,cadence,"0",rpm,fractional_cadence,"0.0",rpm,enhanced_altitude,"17.399999999999977",m,enhanced_speed,"0.802",m/s,,,,,,,,,,,,,,,,,,,,,,,,,,,,,,,,,,,,,,,,,,,,,,,,,,,,,,,,,,,,,,,,,,,,,,,,,,,,,,,,,,,,,,,,,,,,,,,,,,,,,,,,,,,,,,,,,,,,,,,,,,,,,,,,,,,,,,,,,,,,,,,,,,,,,,,,,,,,,,,,,,,
Data,12,record,timestamp,"944860849",s,position_lat,"389950444",semicircles,position_long,"-1397633057",semicircles,distance,"15282.91",m,altitude,"17.399999999999977",m,speed,"0.812",m/s,unknown,"0",,unknown,"100",,heart_rate,"94",bpm,cadence,"0",rpm,fractional_cadence,"0.0",rpm,enhanced_altitude,"17.399999999999977",m,enhanced_speed,"0.812",m/s,,,,,,,,,,,,,,,,,,,,,,,,,,,,,,,,,,,,,,,,,,,,,,,,,,,,,,,,,,,,,,,,,,,,,,,,,,,,,,,,,,,,,,,,,,,,,,,,,,,,,,,,,,,,,,,,,,,,,,,,,,,,,,,,,,,,,,,,,,,,,,,,,,,,,,,,,,,,,,,,,,,
Data,12,record,timestamp,"944860851",s,position_lat,"389950498",semicircles,position_long,"-1397632873",semicircles,distance,"15284.41",m,altitude,"17.399999999999977",m,speed,"0.784",m/s,unknown,"0",,unknown,"100",,heart_rate,"98",bpm,cadence,"0",rpm,fractional_cadence,"0.0",rpm,enhanced_altitude,"17.399999999999977",m,enhanced_speed,"0.784",m/s,,,,,,,,,,,,,,,,,,,,,,,,,,,,,,,,,,,,,,,,,,,,,,,,,,,,,,,,,,,,,,,,,,,,,,,,,,,,,,,,,,,,,,,,,,,,,,,,,,,,,,,,,,,,,,,,,,,,,,,,,,,,,,,,,,,,,,,,,,,,,,,,,,,,,,,,,,,,,,,,,,,
Data,12,record,timestamp,"944860852",s,position_lat,"389950520",semicircles,position_long,"-1397632797",semicircles,distance,"15285.04",m,altitude,"17.399999999999977",m,speed,"0.756",m/s,unknown,"0",,unknown,"100",,heart_rate,"98",bpm,cadence,"0",rpm,fractional_cadence,"0.0",rpm,enhanced_altitude,"17.399999999999977",m,enhanced_speed,"0.756",m/s,,,,,,,,,,,,,,,,,,,,,,,,,,,,,,,,,,,,,,,,,,,,,,,,,,,,,,,,,,,,,,,,,,,,,,,,,,,,,,,,,,,,,,,,,,,,,,,,,,,,,,,,,,,,,,,,,,,,,,,,,,,,,,,,,,,,,,,,,,,,,,,,,,,,,,,,,,,,,,,,,,,
Data,12,record,timestamp,"944860858",s,position_lat,"389950668",semicircles,position_long,"-1397632428",semicircles,distance,"15288.19",m,altitude,"17.200000000000045",m,speed,"0.644",m/s,unknown,"0",,unknown,"100",,heart_rate,"95",bpm,cadence,"0",rpm,fractional_cadence,"0.0",rpm,enhanced_altitude,"17.200000000000045",m,enhanced_speed,"0.644",m/s,,,,,,,,,,,,,,,,,,,,,,,,,,,,,,,,,,,,,,,,,,,,,,,,,,,,,,,,,,,,,,,,,,,,,,,,,,,,,,,,,,,,,,,,,,,,,,,,,,,,,,,,,,,,,,,,,,,,,,,,,,,,,,,,,,,,,,,,,,,,,,,,,,,,,,,,,,,,,,,,,,,
Data,12,record,timestamp,"944860869",s,position_lat,"389950924",semicircles,position_long,"-1397631335",semicircles,distance,"15296.92",m,altitude,"17.200000000000045",m,speed,"0.765",m/s,unknown,"0",,unknown,"100",,heart_rate,"95",bpm,cadence,"0",rpm,fractional_cadence,"0.0",rpm,enhanced_altitude,"17.200000000000045",m,enhanced_speed,"0.765",m/s,,,,,,,,,,,,,,,,,,,,,,,,,,,,,,,,,,,,,,,,,,,,,,,,,,,,,,,,,,,,,,,,,,,,,,,,,,,,,,,,,,,,,,,,,,,,,,,,,,,,,,,,,,,,,,,,,,,,,,,,,,,,,,,,,,,,,,,,,,,,,,,,,,,,,,,,,,,,,,,,,,,
Data,12,record,timestamp,"944860870",s,position_lat,"389950975",semicircles,position_long,"-1397631204",semicircles,distance,"15298.01",m,altitude,"17.200000000000045",m,speed,"0.812",m/s,unknown,"0",,unknown,"100",,heart_rate,"99",bpm,cadence,"0",rpm,fractional_cadence,"0.0",rpm,enhanced_altitude,"17.200000000000045",m,enhanced_speed,"0.812",m/s,,,,,,,,,,,,,,,,,,,,,,,,,,,,,,,,,,,,,,,,,,,,,,,,,,,,,,,,,,,,,,,,,,,,,,,,,,,,,,,,,,,,,,,,,,,,,,,,,,,,,,,,,,,,,,,,,,,,,,,,,,,,,,,,,,,,,,,,,,,,,,,,,,,,,,,,,,,,,,,,,,,
Data,12,record,timestamp,"944860872",s,position_lat,"389951040",semicircles,position_long,"-1397630995",semicircles,distance,"15299.73",m,altitude,"17.0",m,speed,"0.793",m/s,unknown,"0",,unknown,"100",,heart_rate,"95",bpm,cadence,"0",rpm,fractional_cadence,"0.0",rpm,enhanced_altitude,"17.0",m,enhanced_speed,"0.793",m/s,,,,,,,,,,,,,,,,,,,,,,,,,,,,,,,,,,,,,,,,,,,,,,,,,,,,,,,,,,,,,,,,,,,,,,,,,,,,,,,,,,,,,,,,,,,,,,,,,,,,,,,,,,,,,,,,,,,,,,,,,,,,,,,,,,,,,,,,,,,,,,,,,,,,,,,,,,,,,,,,,,,
Data,12,record,timestamp,"944860877",s,position_lat,"389951244",semicircles,position_long,"-1397630446",semicircles,distance,"15304.43",m,altitude,"16.799999999999955",m,speed,"0.812",m/s,unknown,"0",,unknown,"100",,heart_rate,"98",bpm,cadence,"0",rpm,fractional_cadence,"0.0",rpm,enhanced_altitude,"16.799999999999955",m,enhanced_speed,"0.812",m/s,,,,,,,,,,,,,,,,,,,,,,,,,,,,,,,,,,,,,,,,,,,,,,,,,,,,,,,,,,,,,,,,,,,,,,,,,,,,,,,,,,,,,,,,,,,,,,,,,,,,,,,,,,,,,,,,,,,,,,,,,,,,,,,,,,,,,,,,,,,,,,,,,,,,,,,,,,,,,,,,,,,
Data,12,record,timestamp,"944860881",s,position_lat,"389951313",semicircles,position_long,"-1397629903",semicircles,distance,"15308.75",m,altitude,"16.799999999999955",m,speed,"0.933",m/s,unknown,"0",,unknown,"100",,heart_rate,"101",bpm,cadence,"0",rpm,fractional_cadence,"0.0",rpm,enhanced_altitude,"16.799999999999955",m,enhanced_speed,"0.933",m/s,,,,,,,,,,,,,,,,,,,,,,,,,,,,,,,,,,,,,,,,,,,,,,,,,,,,,,,,,,,,,,,,,,,,,,,,,,,,,,,,,,,,,,,,,,,,,,,,,,,,,,,,,,,,,,,,,,,,,,,,,,,,,,,,,,,,,,,,,,,,,,,,,,,,,,,,,,,,,,,,,,,
Data,12,record,timestamp,"944860883",s,position_lat,"389951347",semicircles,position_long,"-1397629658",semicircles,distance,"15310.7",m,altitude,"16.600000000000023",m,speed,"0.886",m/s,unknown,"0",,unknown,"100",,heart_rate,"106",bpm,cadence,"91",rpm,fractional_cadence,"0.5",rpm,enhanced_altitude,"16.600000000000023",m,enhanced_speed,"0.886",m/s,,,,,,,,,,,,,,,,,,,,,,,,,,,,,,,,,,,,,,,,,,,,,,,,,,,,,,,,,,,,,,,,,,,,,,,,,,,,,,,,,,,,,,,,,,,,,,,,,,,,,,,,,,,,,,,,,,,,,,,,,,,,,,,,,,,,,,,,,,,,,,,,,,,,,,,,,,,,,,,,,,,
Data,12,record,timestamp,"944860884",s,position_lat,"389951384",semicircles,position_long,"-1397629593",semicircles,distance,"15311.29",m,altitude,"16.600000000000023",m,speed,"0.793",m/s,unknown,"0",,unknown,"100",,heart_rate,"107",bpm,cadence,"91",rpm,fractional_cadence,"0.5",rpm,enhanced_altitude,"16.600000000000023",m,enhanced_speed,"0.793",m/s,,,,,,,,,,,,,,,,,,,,,,,,,,,,,,,,,,,,,,,,,,,,,,,,,,,,,,,,,,,,,,,,,,,,,,,,,,,,,,,,,,,,,,,,,,,,,,,,,,,,,,,,,,,,,,,,,,,,,,,,,,,,,,,,,,,,,,,,,,,,,,,,,,,,,,,,,,,,,,,,,,,
Data,12,record,timestamp,"944860888",s,position_lat,"389951408",semicircles,position_long,"-1397629277",semicircles,distance,"15313.77",m,altitude,"16.600000000000023",m,speed,"0.7",m/s,unknown,"0",,unknown,"100",,heart_rate,"111",bpm,cadence,"0",rpm,fractional_cadence,"0.0",rpm,enhanced_altitude,"16.600000000000023",m,enhanced_speed,"0.7",m/s,,,,,,,,,,,,,,,,,,,,,,,,,,,,,,,,,,,,,,,,,,,,,,,,,,,,,,,,,,,,,,,,,,,,,,,,,,,,,,,,,,,,,,,,,,,,,,,,,,,,,,,,,,,,,,,,,,,,,,,,,,,,,,,,,,,,,,,,,,,,,,,,,,,,,,,,,,,,,,,,,,,
Data,12,record,timestamp,"944860891",s,position_lat,"389951496",semicircles,position_long,"-1397629095",semicircles,distance,"15315.29",m,altitude,"16.600000000000023",m,speed,"0.7",m/s,unknown,"0",,unknown,"100",,heart_rate,"114",bpm,cadence,"0",rpm,fractional_cadence,"0.0",rpm,enhanced_altitude,"16.600000000000023",m,enhanced_speed,"0.7",m/s,,,,,,,,,,,,,,,,,,,,,,,,,,,,,,,,,,,,,,,,,,,,,,,,,,,,,,,,,,,,,,,,,,,,,,,,,,,,,,,,,,,,,,,,,,,,,,,,,,,,,,,,,,,,,,,,,,,,,,,,,,,,,,,,,,,,,,,,,,,,,,,,,,,,,,,,,,,,,,,,,,,
Data,12,record,timestamp,"944860899",s,position_lat,"389951666",semicircles,position_long,"-1397628271",semicircles,distance,"15321.98",m,altitude,"16.600000000000023",m,speed,"0.718",m/s,unknown,"0",,unknown,"100",,heart_rate,"114",bpm,cadence,"0",rpm,fractional_cadence,"0.0",rpm,enhanced_altitude,"16.600000000000023",m,enhanced_speed,"0.718",m/s,,,,,,,,,,,,,,,,,,,,,,,,,,,,,,,,,,,,,,,,,,,,,,,,,,,,,,,,,,,,,,,,,,,,,,,,,,,,,,,,,,,,,,,,,,,,,,,,,,,,,,,,,,,,,,,,,,,,,,,,,,,,,,,,,,,,,,,,,,,,,,,,,,,,,,,,,,,,,,,,,,,
Data,12,record,timestamp,"944860903",s,position_lat,"389951745",semicircles,position_long,"-1397627878",semicircles,distance,"15325.16",m,altitude,"16.600000000000023",m,speed,"0.802",m/s,unknown,"0",,unknown,"100",,heart_rate,"111",bpm,cadence,"0",rpm,fractional_cadence,"0.0",rpm,enhanced_altitude,"16.600000000000023",m,enhanced_speed,"0.802",m/s,,,,,,,,,,,,,,,,,,,,,,,,,,,,,,,,,,,,,,,,,,,,,,,,,,,,,,,,,,,,,,,,,,,,,,,,,,,,,,,,,,,,,,,,,,,,,,,,,,,,,,,,,,,,,,,,,,,,,,,,,,,,,,,,,,,,,,,,,,,,,,,,,,,,,,,,,,,,,,,,,,,
Data,12,record,timestamp,"944860911",s,position_lat,"389951929",semicircles,position_long,"-1397627151",semicircles,distance,"15331.14",m,altitude,"16.600000000000023",m,speed,"0.784",m/s,unknown,"0",,unknown,"300",,heart_rate,"115",bpm,cadence,"0",rpm,fractional_cadence,"0.0",rpm,enhanced_altitude,"16.600000000000023",m,enhanced_speed,"0.784",m/s,,,,,,,,,,,,,,,,,,,,,,,,,,,,,,,,,,,,,,,,,,,,,,,,,,,,,,,,,,,,,,,,,,,,,,,,,,,,,,,,,,,,,,,,,,,,,,,,,,,,,,,,,,,,,,,,,,,,,,,,,,,,,,,,,,,,,,,,,,,,,,,,,,,,,,,,,,,,,,,,,,,
Data,12,record,timestamp,"944860916",s,position_lat,"389952035",semicircles,position_long,"-1397626658",semicircles,distance,"15335.16",m,altitude,"16.600000000000023",m,speed,"0.896",m/s,unknown,"0",,unknown,"100",,heart_rate,"115",bpm,cadence,"0",rpm,fractional_cadence,"0.0",rpm,enhanced_altitude,"16.600000000000023",m,enhanced_speed,"0.896",m/s,,,,,,,,,,,,,,,,,,,,,,,,,,,,,,,,,,,,,,,,,,,,,,,,,,,,,,,,,,,,,,,,,,,,,,,,,,,,,,,,,,,,,,,,,,,,,,,,,,,,,,,,,,,,,,,,,,,,,,,,,,,,,,,,,,,,,,,,,,,,,,,,,,,,,,,,,,,,,,,,,,,
Data,12,record,timestamp,"944860919",s,position_lat,"389952083",semicircles,position_long,"-1397626334",semicircles,distance,"15337.74",m,altitude,"16.600000000000023",m,speed,"0.896",m/s,unknown,"0",,unknown,"100",,heart_rate,"112",bpm,cadence,"0",rpm,fractional_cadence,"0.0",rpm,enhanced_altitude,"16.600000000000023",m,enhanced_speed,"0.896",m/s,,,,,,,,,,,,,,,,,,,,,,,,,,,,,,,,,,,,,,,,,,,,,,,,,,,,,,,,,,,,,,,,,,,,,,,,,,,,,,,,,,,,,,,,,,,,,,,,,,,,,,,,,,,,,,,,,,,,,,,,,,,,,,,,,,,,,,,,,,,,,,,,,,,,,,,,,,,,,,,,,,,
Data,12,record,timestamp,"944860930",s,position_lat,"389952249",semicircles,position_long,"-1397625397",semicircles,distance,"15345.31",m,altitude,"16.600000000000023",m,speed,"0.746",m/s,unknown,"0",,unknown,"100",,heart_rate,"109",bpm,cadence,"0",rpm,fractional_cadence,"0.0",rpm,enhanced_altitude,"16.600000000000023",m,enhanced_speed,"0.746",m/s,,,,,,,,,,,,,,,,,,,,,,,,,,,,,,,,,,,,,,,,,,,,,,,,,,,,,,,,,,,,,,,,,,,,,,,,,,,,,,,,,,,,,,,,,,,,,,,,,,,,,,,,,,,,,,,,,,,,,,,,,,,,,,,,,,,,,,,,,,,,,,,,,,,,,,,,,,,,,,,,,,,
Data,12,record,timestamp,"944860932",s,position_lat,"389952464",semicircles,position_long,"-1397625186",semicircles,distance,"15347.51",m,altitude,"16.600000000000023",m,speed,"0.784",m/s,unknown,"0",,unknown,"100",,heart_rate,"109",bpm,cadence,"0",rpm,fractional_cadence,"0.0",rpm,enhanced_altitude,"16.600000000000023",m,enhanced_speed,"0.784",m/s,,,,,,,,,,,,,,,,,,,,,,,,,,,,,,,,,,,,,,,,,,,,,,,,,,,,,,,,,,,,,,,,,,,,,,,,,,,,,,,,,,,,,,,,,,,,,,,,,,,,,,,,,,,,,,,,,,,,,,,,,,,,,,,,,,,,,,,,,,,,,,,,,,,,,,,,,,,,,,,,,,,
Data,12,record,timestamp,"944860943",s,position_lat,"389952963",semicircles,position_long,"-1397624072",semicircles,distance,"15357.45",m,altitude,"16.600000000000023",m,speed,"0.905",m/s,unknown,"0",,unknown,"100",,heart_rate,"106",bpm,cadence,"0",rpm,fractional_cadence,"0.0",rpm,enhanced_altitude,"16.600000000000023",m,enhanced_speed,"0.905",m/s,,,,,,,,,,,,,,,,,,,,,,,,,,,,,,,,,,,,,,,,,,,,,,,,,,,,,,,,,,,,,,,,,,,,,,,,,,,,,,,,,,,,,,,,,,,,,,,,,,,,,,,,,,,,,,,,,,,,,,,,,,,,,,,,,,,,,,,,,,,,,,,,,,,,,,,,,,,,,,,,,,,
Data,12,record,timestamp,"944860946",s,position_lat,"389953059",semicircles,position_long,"-1397623791",semicircles,distance,"15359.84",m,altitude,"16.600000000000023",m,speed,"0.821",m/s,unknown,"0",,unknown,"300",,heart_rate,"108",bpm,cadence,"0",rpm,fractional_cadence,"0.0",rpm,enhanced_altitude,"16.600000000000023",m,enhanced_speed,"0.821",m/s,,,,,,,,,,,,,,,,,,,,,,,,,,,,,,,,,,,,,,,,,,,,,,,,,,,,,,,,,,,,,,,,,,,,,,,,,,,,,,,,,,,,,,,,,,,,,,,,,,,,,,,,,,,,,,,,,,,,,,,,,,,,,,,,,,,,,,,,,,,,,,,,,,,,,,,,,,,,,,,,,,,
Data,12,record,timestamp,"944860960",s,position_lat,"389953419",semicircles,position_long,"-1397622430",semicircles,distance,"15371.16",m,altitude,"16.600000000000023",m,speed,"0.84",m/s,unknown,"0",,unknown,"100",,heart_rate,"109",bpm,cadence,"0",rpm,fractional_cadence,"0.0",rpm,enhanced_altitude,"16.600000000000023",m,enhanced_speed,"0.84",m/s,,,,,,,,,,,,,,,,,,,,,,,,,,,,,,,,,,,,,,,,,,,,,,,,,,,,,,,,,,,,,,,,,,,,,,,,,,,,,,,,,,,,,,,,,,,,,,,,,,,,,,,,,,,,,,,,,,,,,,,,,,,,,,,,,,,,,,,,,,,,,,,,,,,,,,,,,,,,,,,,,,,
Data,12,record,timestamp,"944860974",s,position_lat,"389953848",semicircles,position_long,"-1397620967",semicircles,distance,"15383.36",m,altitude,"16.600000000000023",m,speed,"0.849",m/s,unknown,"0",,unknown,"100",,heart_rate,"110",bpm,cadence,"0",rpm,fractional_cadence,"0.0",rpm,enhanced_altitude,"16.600000000000023",m,enhanced_speed,"0.849",m/s,,,,,,,,,,,,,,,,,,,,,,,,,,,,,,,,,,,,,,,,,,,,,,,,,,,,,,,,,,,,,,,,,,,,,,,,,,,,,,,,,,,,,,,,,,,,,,,,,,,,,,,,,,,,,,,,,,,,,,,,,,,,,,,,,,,,,,,,,,,,,,,,,,,,,,,,,,,,,,,,,,,
Data,12,record,timestamp,"944860980",s,position_lat,"389954071",semicircles,position_long,"-1397620264",semicircles,distance,"15389.27",m,altitude,"16.600000000000023",m,speed,"1.017",m/s,unknown,"0",,unknown,"100",,heart_rate,"108",bpm,cadence,"0",rpm,fractional_cadence,"0.0",rpm,enhanced_altitude,"16.600000000000023",m,enhanced_speed,"1.017",m/s,,,,,,,,,,,,,,,,,,,,,,,,,,,,,,,,,,,,,,,,,,,,,,,,,,,,,,,,,,,,,,,,,,,,,,,,,,,,,,,,,,,,,,,,,,,,,,,,,,,,,,,,,,,,,,,,,,,,,,,,,,,,,,,,,,,,,,,,,,,,,,,,,,,,,,,,,,,,,,,,,,,
Data,12,record,timestamp,"944860988",s,position_lat,"389954318",semicircles,position_long,"-1397619459",semicircles,distance,"15396.02",m,altitude,"16.600000000000023",m,speed,"0.849",m/s,unknown,"0",,unknown,"100",,heart_rate,"107",bpm,cadence,"0",rpm,fractional_cadence,"0.0",rpm,enhanced_altitude,"16.600000000000023",m,enhanced_speed,"0.849",m/s,,,,,,,,,,,,,,,,,,,,,,,,,,,,,,,,,,,,,,,,,,,,,,,,,,,,,,,,,,,,,,,,,,,,,,,,,,,,,,,,,,,,,,,,,,,,,,,,,,,,,,,,,,,,,,,,,,,,,,,,,,,,,,,,,,,,,,,,,,,,,,,,,,,,,,,,,,,,,,,,,,,
Data,12,record,timestamp,"944861005",s,position_lat,"389955089",semicircles,position_long,"-1397617657",semicircles,distance,"15411.94",m,altitude,"16.600000000000023",m,speed,"0.896",m/s,unknown,"0",,unknown,"100",,heart_rate,"108",bpm,cadence,"0",rpm,fractional_cadence,"0.0",rpm,enhanced_altitude,"16.600000000000023",m,enhanced_speed,"0.896",m/s,,,,,,,,,,,,,,,,,,,,,,,,,,,,,,,,,,,,,,,,,,,,,,,,,,,,,,,,,,,,,,,,,,,,,,,,,,,,,,,,,,,,,,,,,,,,,,,,,,,,,,,,,,,,,,,,,,,,,,,,,,,,,,,,,,,,,,,,,,,,,,,,,,,,,,,,,,,,,,,,,,,
Data,12,record,timestamp,"944861014",s,position_lat,"389955383",semicircles,position_long,"-1397616851",semicircles,distance,"15418.94",m,altitude,"16.600000000000023",m,speed,"0.905",m/s,unknown,"0",,unknown,"100",,heart_rate,"113",bpm,cadence,"0",rpm,fractional_cadence,"0.0",rpm,enhanced_altitude,"16.600000000000023",m,enhanced_speed,"0.905",m/s,,,,,,,,,,,,,,,,,,,,,,,,,,,,,,,,,,,,,,,,,,,,,,,,,,,,,,,,,,,,,,,,,,,,,,,,,,,,,,,,,,,,,,,,,,,,,,,,,,,,,,,,,,,,,,,,,,,,,,,,,,,,,,,,,,,,,,,,,,,,,,,,,,,,,,,,,,,,,,,,,,,
Data,12,record,timestamp,"944861017",s,position_lat,"389955436",semicircles,position_long,"-1397616558",semicircles,distance,"15421.31",m,altitude,"16.600000000000023",m,speed,"0.83",m/s,unknown,"0",,unknown,"300",,heart_rate,"116",bpm,cadence,"0",rpm,fractional_cadence,"0.0",rpm,enhanced_altitude,"16.600000000000023",m,enhanced_speed,"0.83",m/s,,,,,,,,,,,,,,,,,,,,,,,,,,,,,,,,,,,,,,,,,,,,,,,,,,,,,,,,,,,,,,,,,,,,,,,,,,,,,,,,,,,,,,,,,,,,,,,,,,,,,,,,,,,,,,,,,,,,,,,,,,,,,,,,,,,,,,,,,,,,,,,,,,,,,,,,,,,,,,,,,,,
Data,12,record,timestamp,"944861019",s,position_lat,"389955484",semicircles,position_long,"-1397616369",semicircles,distance,"15422.87",m,altitude,"16.600000000000023",m,speed,"0.821",m/s,unknown,"0",,unknown,"300",,heart_rate,"118",bpm,cadence,"0",rpm,fractional_cadence,"0.0",rpm,enhanced_altitude,"16.600000000000023",m,enhanced_speed,"0.821",m/s,,,,,,,,,,,,,,,,,,,,,,,,,,,,,,,,,,,,,,,,,,,,,,,,,,,,,,,,,,,,,,,,,,,,,,,,,,,,,,,,,,,,,,,,,,,,,,,,,,,,,,,,,,,,,,,,,,,,,,,,,,,,,,,,,,,,,,,,,,,,,,,,,,,,,,,,,,,,,,,,,,,
Data,12,record,timestamp,"944861023",s,position_lat,"389955706",semicircles,position_long,"-1397616055",semicircles,distance,"15425.95",m,altitude,"16.600000000000023",m,speed,"0.84",m/s,unknown,"0",,unknown,"100",,heart_rate,"122",bpm,cadence,"0",rpm,fractional_cadence,"0.0",rpm,enhanced_altitude,"16.600000000000023",m,enhanced_speed,"0.84",m/s,,,,,,,,,,,,,,,,,,,,,,,,,,,,,,,,,,,,,,,,,,,,,,,,,,,,,,,,,,,,,,,,,,,,,,,,,,,,,,,,,,,,,,,,,,,,,,,,,,,,,,,,,,,,,,,,,,,,,,,,,,,,,,,,,,,,,,,,,,,,,,,,,,,,,,,,,,,,,,,,,,,
Data,12,record,timestamp,"944861032",s,position_lat,"389955950",semicircles,position_long,"-1397615185",semicircles,distance,"15433.12",m,altitude,"16.600000000000023",m,speed,"0.802",m/s,unknown,"0",,unknown,"100",,heart_rate,"125",bpm,cadence,"0",rpm,fractional_cadence,"0.0",rpm,enhanced_altitude,"16.600000000000023",m,enhanced_speed,"0.802",m/s,,,,,,,,,,,,,,,,,,,,,,,,,,,,,,,,,,,,,,,,,,,,,,,,,,,,,,,,,,,,,,,,,,,,,,,,,,,,,,,,,,,,,,,,,,,,,,,,,,,,,,,,,,,,,,,,,,,,,,,,,,,,,,,,,,,,,,,,,,,,,,,,,,,,,,,,,,,,,,,,,,,
Data,12,record,timestamp,"944861033",s,position_lat,"389955972",semicircles,position_long,"-1397615082",semicircles,distance,"15433.95",m,altitude,"16.600000000000023",m,speed,"0.821",m/s,unknown,"0",,unknown,"100",,heart_rate,"124",bpm,cadence,"0",rpm,fractional_cadence,"0.0",rpm,enhanced_altitude,"16.600000000000023",m,enhanced_speed,"0.821",m/s,,,,,,,,,,,,,,,,,,,,,,,,,,,,,,,,,,,,,,,,,,,,,,,,,,,,,,,,,,,,,,,,,,,,,,,,,,,,,,,,,,,,,,,,,,,,,,,,,,,,,,,,,,,,,,,,,,,,,,,,,,,,,,,,,,,,,,,,,,,,,,,,,,,,,,,,,,,,,,,,,,,
Data,12,record,timestamp,"944861036",s,position_lat,"389956011",semicircles,position_long,"-1397614773",semicircles,distance,"15436.38",m,altitude,"16.600000000000023",m,speed,"0.84",m/s,unknown,"0",,unknown,"300",,heart_rate,"120",bpm,cadence,"0",rpm,fractional_cadence,"0.0",rpm,enhanced_altitude,"16.600000000000023",m,enhanced_speed,"0.84",m/s,,,,,,,,,,,,,,,,,,,,,,,,,,,,,,,,,,,,,,,,,,,,,,,,,,,,,,,,,,,,,,,,,,,,,,,,,,,,,,,,,,,,,,,,,,,,,,,,,,,,,,,,,,,,,,,,,,,,,,,,,,,,,,,,,,,,,,,,,,,,,,,,,,,,,,,,,,,,,,,,,,,
Data,12,record,timestamp,"944861049",s,position_lat,"389956330",semicircles,position_long,"-1397613619",semicircles,distance,"15445.94",m,altitude,"16.600000000000023",m,speed,"0.718",m/s,unknown,"0",,unknown,"100",,heart_rate,"117",bpm,cadence,"0",rpm,fractional_cadence,"0.0",rpm,enhanced_altitude,"16.600000000000023",m,enhanced_speed,"0.718",m/s,,,,,,,,,,,,,,,,,,,,,,,,,,,,,,,,,,,,,,,,,,,,,,,,,,,,,,,,,,,,,,,,,,,,,,,,,,,,,,,,,,,,,,,,,,,,,,,,,,,,,,,,,,,,,,,,,,,,,,,,,,,,,,,,,,,,,,,,,,,,,,,,,,,,,,,,,,,,,,,,,,,
Data,12,record,timestamp,"944861060",s,position_lat,"389957026",semicircles,position_long,"-1397612823",semicircles,distance,"15454.81",m,altitude,"16.600000000000023",m,speed,"0.756",m/s,unknown,"0",,unknown,"100",,heart_rate,"113",bpm,cadence,"0",rpm,fractional_cadence,"0.0",rpm,enhanced_altitude,"16.600000000000023",m,enhanced_speed,"0.756",m/s,,,,,,,,,,,,,,,,,,,,,,,,,,,,,,,,,,,,,,,,,,,,,,,,,,,,,,,,,,,,,,,,,,,,,,,,,,,,,,,,,,,,,,,,,,,,,,,,,,,,,,,,,,,,,,,,,,,,,,,,,,,,,,,,,,,,,,,,,,,,,,,,,,,,,,,,,,,,,,,,,,,
Data,12,record,timestamp,"944861063",s,position_lat,"389957203",semicircles,position_long,"-1397612634",semicircles,distance,"15456.95",m,altitude,"16.600000000000023",m,speed,"0.756",m/s,unknown,"0",,unknown,"100",,heart_rate,"113",bpm,cadence,"0",rpm,fractional_cadence,"0.0",rpm,enhanced_altitude,"16.600000000000023",m,enhanced_speed,"0.756",m/s,,,,,,,,,,,,,,,,,,,,,,,,,,,,,,,,,,,,,,,,,,,,,,,,,,,,,,,,,,,,,,,,,,,,,,,,,,,,,,,,,,,,,,,,,,,,,,,,,,,,,,,,,,,,,,,,,,,,,,,,,,,,,,,,,,,,,,,,,,,,,,,,,,,,,,,,,,,,,,,,,,,
Data,12,record,timestamp,"944861070",s,position_lat,"389957546",semicircles,position_long,"-1397611953",semicircles,distance,"15463.31",m,altitude,"16.600000000000023",m,speed,"0.924",m/s,unknown,"0",,unknown,"100",,heart_rate,"116",bpm,cadence,"0",rpm,fractional_cadence,"0.0",rpm,enhanced_altitude,"16.600000000000023",m,enhanced_speed,"0.924",m/s,,,,,,,,,,,,,,,,,,,,,,,,,,,,,,,,,,,,,,,,,,,,,,,,,,,,,,,,,,,,,,,,,,,,,,,,,,,,,,,,,,,,,,,,,,,,,,,,,,,,,,,,,,,,,,,,,,,,,,,,,,,,,,,,,,,,,,,,,,,,,,,,,,,,,,,,,,,,,,,,,,,
Data,12,record,timestamp,"944861074",s,position_lat,"389957819",semicircles,position_long,"-1397611599",semicircles,distance,"15466.99",m,altitude,"16.600000000000023",m,speed,"0.877",m/s,unknown,"0",,unknown,"100",,heart_rate,"119",bpm,cadence,"0",rpm,fractional_cadence,"0.0",rpm,enhanced_altitude,"16.600000000000023",m,enhanced_speed,"0.877",m/s,,,,,,,,,,,,,,,,,,,,,,,,,,,,,,,,,,,,,,,,,,,,,,,,,,,,,,,,,,,,,,,,,,,,,,,,,,,,,,,,,,,,,,,,,,,,,,,,,,,,,,,,,,,,,,,,,,,,,,,,,,,,,,,,,,,,,,,,,,,,,,,,,,,,,,,,,,,,,,,,,,,
Data,12,record,timestamp,"944861075",s,position_lat,"389957876",semicircles,position_long,"-1397611531",semicircles,distance,"15467.72",m,altitude,"16.600000000000023",m,speed,"0.84",m/s,unknown,"0",,unknown,"100",,heart_rate,"122",bpm,cadence,"0",rpm,fractional_cadence,"0.0",rpm,enhanced_altitude,"16.600000000000023",m,enhanced_speed,"0.84",m/s,,,,,,,,,,,,,,,,,,,,,,,,,,,,,,,,,,,,,,,,,,,,,,,,,,,,,,,,,,,,,,,,,,,,,,,,,,,,,,,,,,,,,,,,,,,,,,,,,,,,,,,,,,,,,,,,,,,,,,,,,,,,,,,,,,,,,,,,,,,,,,,,,,,,,,,,,,,,,,,,,,,
Data,12,record,timestamp,"944861076",s,position_lat,"389957896",semicircles,position_long,"-1397611456",semicircles,distance,"15468.33",m,altitude,"16.600000000000023",m,speed,"0.802",m/s,unknown,"0",,unknown,"100",,heart_rate,"120",bpm,cadence,"0",rpm,fractional_cadence,"0.0",rpm,enhanced_altitude,"16.600000000000023",m,enhanced_speed,"0.802",m/s,,,,,,,,,,,,,,,,,,,,,,,,,,,,,,,,,,,,,,,,,,,,,,,,,,,,,,,,,,,,,,,,,,,,,,,,,,,,,,,,,,,,,,,,,,,,,,,,,,,,,,,,,,,,,,,,,,,,,,,,,,,,,,,,,,,,,,,,,,,,,,,,,,,,,,,,,,,,,,,,,,,
Data,12,record,timestamp,"944861086",s,position_lat,"389958119",semicircles,position_long,"-1397610555",semicircles,distance,"15475.75",m,altitude,"16.600000000000023",m,speed,"0.868",m/s,unknown,"0",,unknown,"100",,heart_rate,"123",bpm,cadence,"0",rpm,fractional_cadence,"0.0",rpm,enhanced_altitude,"16.600000000000023",m,enhanced_speed,"0.868",m/s,,,,,,,,,,,,,,,,,,,,,,,,,,,,,,,,,,,,,,,,,,,,,,,,,,,,,,,,,,,,,,,,,,,,,,,,,,,,,,,,,,,,,,,,,,,,,,,,,,,,,,,,,,,,,,,,,,,,,,,,,,,,,,,,,,,,,,,,,,,,,,,,,,,,,,,,,,,,,,,,,,,
Data,12,record,timestamp,"944861091",s,position_lat,"389958275",semicircles,position_long,"-1397610068",semicircles,distance,"15479.87",m,altitude,"16.600000000000023",m,speed,"0.812",m/s,unknown,"0",,unknown,"100",,heart_rate,"123",bpm,cadence,"0",rpm,fractional_cadence,"0.0",rpm,enhanced_altitude,"16.600000000000023",m,enhanced_speed,"0.812",m/s,,,,,,,,,,,,,,,,,,,,,,,,,,,,,,,,,,,,,,,,,,,,,,,,,,,,,,,,,,,,,,,,,,,,,,,,,,,,,,,,,,,,,,,,,,,,,,,,,,,,,,,,,,,,,,,,,,,,,,,,,,,,,,,,,,,,,,,,,,,,,,,,,,,,,,,,,,,,,,,,,,,
Data,12,record,timestamp,"944861106",s,position_lat,"389958692",semicircles,position_long,"-1397608489",semicircles,distance,"15492.91",m,altitude,"16.600000000000023",m,speed,"0.821",m/s,unknown,"0",,unknown,"100",,heart_rate,"123",bpm,cadence,"0",rpm,fractional_cadence,"0.0",rpm,enhanced_altitude,"16.600000000000023",m,enhanced_speed,"0.821",m/s,,,,,,,,,,,,,,,,,,,,,,,,,,,,,,,,,,,,,,,,,,,,,,,,,,,,,,,,,,,,,,,,,,,,,,,,,,,,,,,,,,,,,,,,,,,,,,,,,,,,,,,,,,,,,,,,,,,,,,,,,,,,,,,,,,,,,,,,,,,,,,,,,,,,,,,,,,,,,,,,,,,
Data,12,record,timestamp,"944861115",s,position_lat,"389959203",semicircles,position_long,"-1397607802",semicircles,distance,"15499.98",m,altitude,"16.600000000000023",m,speed,"0.858",m/s,unknown,"0",,unknown,"100",,heart_rate,"120",bpm,cadence,"0",rpm,fractional_cadence,"0.0",rpm,enhanced_altitude,"16.600000000000023",m,enhanced_speed,"0.858",m/s,,,,,,,,,,,,,,,,,,,,,,,,,,,,,,,,,,,,,,,,,,,,,,,,,,,,,,,,,,,,,,,,,,,,,,,,,,,,,,,,,,,,,,,,,,,,,,,,,,,,,,,,,,,,,,,,,,,,,,,,,,,,,,,,,,,,,,,,,,,,,,,,,,,,,,,,,,,,,,,,,,,
Data,12,record,timestamp,"944861119",s,position_lat,"389959385",semicircles,position_long,"-1397607509",semicircles,distance,"15502.85",m,altitude,"16.600000000000023",m,speed,"0.821",m/s,unknown,"0",,unknown,"100",,heart_rate,"121",bpm,cadence,"0",rpm,fractional_cadence,"0.0",rpm,enhanced_altitude,"16.600000000000023",m,enhanced_speed,"0.821",m/s,,,,,,,,,,,,,,,,,,,,,,,,,,,,,,,,,,,,,,,,,,,,,,,,,,,,,,,,,,,,,,,,,,,,,,,,,,,,,,,,,,,,,,,,,,,,,,,,,,,,,,,,,,,,,,,,,,,,,,,,,,,,,,,,,,,,,,,,,,,,,,,,,,,,,,,,,,,,,,,,,,,
Data,12,record,timestamp,"944861131",s,position_lat,"389959833",semicircles,position_long,"-1397606782",semicircles,distance,"15509.98",m,altitude,"16.600000000000023",m,speed,"0.551",m/s,unknown,"0",,unknown,"100",,heart_rate,"119",bpm,cadence,"0",rpm,fractional_cadence,"0.0",rpm,enhanced_altitude,"16.600000000000023",m,enhanced_speed,"0.551",m/s,,,,,,,,,,,,,,,,,,,,,,,,,,,,,,,,,,,,,,,,,,,,,,,,,,,,,,,,,,,,,,,,,,,,,,,,,,,,,,,,,,,,,,,,,,,,,,,,,,,,,,,,,,,,,,,,,,,,,,,,,,,,,,,,,,,,,,,,,,,,,,,,,,,,,,,,,,,,,,,,,,,
Data,12,record,timestamp,"944861141",s,position_lat,"389960271",semicircles,position_long,"-1397606305",semicircles,distance,"15515.49",m,altitude,"16.799999999999955",m,speed,"0.588",m/s,unknown,"0",,unknown,"100",,heart_rate,"122",bpm,cadence,"0",rpm,fractional_cadence,"0.0",rpm,enhanced_altitude,"16.799999999999955",m,enhanced_speed,"0.588",m/s,,,,,,,,,,,,,,,,,,,,,,,,,,,,,,,,,,,,,,,,,,,,,,,,,,,,,,,,,,,,,,,,,,,,,,,,,,,,,,,,,,,,,,,,,,,,,,,,,,,,,,,,,,,,,,,,,,,,,,,,,,,,,,,,,,,,,,,,,,,,,,,,,,,,,,,,,,,,,,,,,,,
Data,12,record,timestamp,"944861145",s,position_lat,"389960335",semicircles,position_long,"-1397605871",semicircles,distance,"15518.86",m,altitude,"16.799999999999955",m,speed,"0.737",m/s,unknown,"0",,unknown,"100",,heart_rate,"123",bpm,cadence,"0",rpm,fractional_cadence,"0.0",rpm,enhanced_altitude,"16.799999999999955",m,enhanced_speed,"0.737",m/s,,,,,,,,,,,,,,,,,,,,,,,,,,,,,,,,,,,,,,,,,,,,,,,,,,,,,,,,,,,,,,,,,,,,,,,,,,,,,,,,,,,,,,,,,,,,,,,,,,,,,,,,,,,,,,,,,,,,,,,,,,,,,,,,,,,,,,,,,,,,,,,,,,,,,,,,,,,,,,,,,,,
Data,12,record,timestamp,"944861153",s,position_lat,"389960603",semicircles,position_long,"-1397605065",semicircles,distance,"15525.69",m,altitude,"16.799999999999955",m,speed,"0.821",m/s,unknown,"0",,unknown,"100",,heart_rate,"120",bpm,cadence,"0",rpm,fractional_cadence,"0.0",rpm,enhanced_altitude,"16.799999999999955",m,enhanced_speed,"0.821",m/s,,,,,,,,,,,,,,,,,,,,,,,,,,,,,,,,,,,,,,,,,,,,,,,,,,,,,,,,,,,,,,,,,,,,,,,,,,,,,,,,,,,,,,,,,,,,,,,,,,,,,,,,,,,,,,,,,,,,,,,,,,,,,,,,,,,,,,,,,,,,,,,,,,,,,,,,,,,,,,,,,,,
Data,12,record,timestamp,"944861163",s,position_lat,"389961009",semicircles,position_long,"-1397604168",semicircles,distance,"15533.67",m,altitude,"17.0",m,speed,"0.765",m/s,unknown,"0",,unknown,"100",,heart_rate,"117",bpm,cadence,"0",rpm,fractional_cadence,"0.0",rpm,enhanced_altitude,"17.0",m,enhanced_speed,"0.765",m/s,,,,,,,,,,,,,,,,,,,,,,,,,,,,,,,,,,,,,,,,,,,,,,,,,,,,,,,,,,,,,,,,,,,,,,,,,,,,,,,,,,,,,,,,,,,,,,,,,,,,,,,,,,,,,,,,,,,,,,,,,,,,,,,,,,,,,,,,,,,,,,,,,,,,,,,,,,,,,,,,,,,
Data,12,record,timestamp,"944861170",s,position_lat,"389961300",semicircles,position_long,"-1397603739",semicircles,distance,"15537.98",m,altitude,"17.0",m,speed,"0.672",m/s,unknown,"0",,unknown,"100",,heart_rate,"114",bpm,cadence,"0",rpm,fractional_cadence,"0.0",rpm,enhanced_altitude,"17.0",m,enhanced_speed,"0.672",m/s,,,,,,,,,,,,,,,,,,,,,,,,,,,,,,,,,,,,,,,,,,,,,,,,,,,,,,,,,,,,,,,,,,,,,,,,,,,,,,,,,,,,,,,,,,,,,,,,,,,,,,,,,,,,,,,,,,,,,,,,,,,,,,,,,,,,,,,,,,,,,,,,,,,,,,,,,,,,,,,,,,,
Data,12,record,timestamp,"944861177",s,position_lat,"389961737",semicircles,position_long,"-1397603063",semicircles,distance,"15544.69",m,altitude,"17.0",m,speed,"0.83",m/s,unknown,"0",,unknown,"100",,heart_rate,"115",bpm,cadence,"50",rpm,fractional_cadence,"0.5",rpm,enhanced_altitude,"17.0",m,enhanced_speed,"0.83",m/s,,,,,,,,,,,,,,,,,,,,,,,,,,,,,,,,,,,,,,,,,,,,,,,,,,,,,,,,,,,,,,,,,,,,,,,,,,,,,,,,,,,,,,,,,,,,,,,,,,,,,,,,,,,,,,,,,,,,,,,,,,,,,,,,,,,,,,,,,,,,,,,,,,,,,,,,,,,,,,,,,,,
Data,12,record,timestamp,"944861181",s,position_lat,"389961971",semicircles,position_long,"-1397602577",semicircles,distance,"15549.11",m,altitude,"17.0",m,speed,"0.998",m/s,unknown,"0",,unknown,"100",,heart_rate,"112",bpm,cadence,"0",rpm,fractional_cadence,"0.0",rpm,enhanced_altitude,"17.0",m,enhanced_speed,"0.998",m/s,,,,,,,,,,,,,,,,,,,,,,,,,,,,,,,,,,,,,,,,,,,,,,,,,,,,,,,,,,,,,,,,,,,,,,,,,,,,,,,,,,,,,,,,,,,,,,,,,,,,,,,,,,,,,,,,,,,,,,,,,,,,,,,,,,,,,,,,,,,,,,,,,,,,,,,,,,,,,,,,,,,
Data,12,record,timestamp,"944861188",s,position_lat,"389962254",semicircles,position_long,"-1397601840",semicircles,distance,"15555.5",m,altitude,"17.0",m,speed,"0.821",m/s,unknown,"0",,unknown,"100",,heart_rate,"115",bpm,cadence,"0",rpm,fractional_cadence,"0.0",rpm,enhanced_altitude,"17.0",m,enhanced_speed,"0.821",m/s,,,,,,,,,,,,,,,,,,,,,,,,,,,,,,,,,,,,,,,,,,,,,,,,,,,,,,,,,,,,,,,,,,,,,,,,,,,,,,,,,,,,,,,,,,,,,,,,,,,,,,,,,,,,,,,,,,,,,,,,,,,,,,,,,,,,,,,,,,,,,,,,,,,,,,,,,,,,,,,,,,,
Data,12,record,timestamp,"944861190",s,position_lat,"389962339",semicircles,position_long,"-1397601703",semicircles,distance,"15556.83",m,altitude,"17.0",m,speed,"0.802",m/s,unknown,"0",,unknown,"100",,heart_rate,"114",bpm,cadence,"0",rpm,fractional_cadence,"0.0",rpm,enhanced_altitude,"17.0",m,enhanced_speed,"0.802",m/s,,,,,,,,,,,,,,,,,,,,,,,,,,,,,,,,,,,,,,,,,,,,,,,,,,,,,,,,,,,,,,,,,,,,,,,,,,,,,,,,,,,,,,,,,,,,,,,,,,,,,,,,,,,,,,,,,,,,,,,,,,,,,,,,,,,,,,,,,,,,,,,,,,,,,,,,,,,,,,,,,,,
Data,12,record,timestamp,"944861192",s,position_lat,"389962412",semicircles,position_long,"-1397601548",semicircles,distance,"15558.23",m,altitude,"17.0",m,speed,"0.774",m/s,unknown,"0",,unknown,"100",,heart_rate,"117",bpm,cadence,"0",rpm,fractional_cadence,"0.0",rpm,enhanced_altitude,"17.0",m,enhanced_speed,"0.774",m/s,,,,,,,,,,,,,,,,,,,,,,,,,,,,,,,,,,,,,,,,,,,,,,,,,,,,,,,,,,,,,,,,,,,,,,,,,,,,,,,,,,,,,,,,,,,,,,,,,,,,,,,,,,,,,,,,,,,,,,,,,,,,,,,,,,,,,,,,,,,,,,,,,,,,,,,,,,,,,,,,,,,
Data,12,record,timestamp,"944861196",s,position_lat,"389962562",semicircles,position_long,"-1397601320",semicircles,distance,"15560.5",m,altitude,"17.0",m,speed,"0.625",m/s,unknown,"0",,unknown,"100",,heart_rate,"120",bpm,cadence,"0",rpm,fractional_cadence,"0.0",rpm,enhanced_altitude,"17.0",m,enhanced_speed,"0.625",m/s,,,,,,,,,,,,,,,,,,,,,,,,,,,,,,,,,,,,,,,,,,,,,,,,,,,,,,,,,,,,,,,,,,,,,,,,,,,,,,,,,,,,,,,,,,,,,,,,,,,,,,,,,,,,,,,,,,,,,,,,,,,,,,,,,,,,,,,,,,,,,,,,,,,,,,,,,,,,,,,,,,,
Data,12,record,timestamp,"944861205",s,position_lat,"389962794",semicircles,position_long,"-1397600643",semicircles,distance,"15566.31",m,altitude,"17.0",m,speed,"0.774",m/s,unknown,"0",,unknown,"100",,heart_rate,"120",bpm,cadence,"0",rpm,fractional_cadence,"0.0",rpm,enhanced_altitude,"17.0",m,enhanced_speed,"0.774",m/s,,,,,,,,,,,,,,,,,,,,,,,,,,,,,,,,,,,,,,,,,,,,,,,,,,,,,,,,,,,,,,,,,,,,,,,,,,,,,,,,,,,,,,,,,,,,,,,,,,,,,,,,,,,,,,,,,,,,,,,,,,,,,,,,,,,,,,,,,,,,,,,,,,,,,,,,,,,,,,,,,,,
Data,12,record,timestamp,"944861209",s,position_lat,"389962806",semicircles,position_long,"-1397600232",semicircles,distance,"15569.5",m,altitude,"17.0",m,speed,"0.84",m/s,unknown,"0",,unknown,"300",,heart_rate,"123",bpm,cadence,"0",rpm,fractional_cadence,"0.0",rpm,enhanced_altitude,"17.0",m,enhanced_speed,"0.84",m/s,,,,,,,,,,,,,,,,,,,,,,,,,,,,,,,,,,,,,,,,,,,,,,,,,,,,,,,,,,,,,,,,,,,,,,,,,,,,,,,,,,,,,,,,,,,,,,,,,,,,,,,,,,,,,,,,,,,,,,,,,,,,,,,,,,,,,,,,,,,,,,,,,,,,,,,,,,,,,,,,,,,
Data,12,record,timestamp,"944861215",s,position_lat,"389963115",semicircles,position_long,"-1397599382",semicircles,distance,"15576.76",m,altitude,"17.0",m,speed,"1.353",m/s,unknown,"0",,unknown,"100",,heart_rate,"122",bpm,cadence,"0",rpm,fractional_cadence,"0.0",rpm,enhanced_altitude,"17.0",m,enhanced_speed,"1.353",m/s,,,,,,,,,,,,,,,,,,,,,,,,,,,,,,,,,,,,,,,,,,,,,,,,,,,,,,,,,,,,,,,,,,,,,,,,,,,,,,,,,,,,,,,,,,,,,,,,,,,,,,,,,,,,,,,,,,,,,,,,,,,,,,,,,,,,,,,,,,,,,,,,,,,,,,,,,,,,,,,,,,,
Data,12,record,timestamp,"944861220",s,position_lat,"389963661",semicircles,position_long,"-1397598876",semicircles,distance,"15583.16",m,altitude,"17.0",m,speed,"1.288",m/s,unknown,"0",,unknown,"300",,heart_rate,"126",bpm,cadence,"0",rpm,fractional_cadence,"0.0",rpm,enhanced_altitude,"17.0",m,enhanced_speed,"1.288",m/s,,,,,,,,,,,,,,,,,,,,,,,,,,,,,,,,,,,,,,,,,,,,,,,,,,,,,,,,,,,,,,,,,,,,,,,,,,,,,,,,,,,,,,,,,,,,,,,,,,,,,,,,,,,,,,,,,,,,,,,,,,,,,,,,,,,,,,,,,,,,,,,,,,,,,,,,,,,,,,,,,,,
Data,12,record,timestamp,"944861221",s,position_lat,"389963794",semicircles,position_long,"-1397598866",semicircles,distance,"15584.27",m,altitude,"17.0",m,speed,"1.232",m/s,unknown,"0",,unknown,"300",,heart_rate,"126",bpm,cadence,"0",rpm,fractional_cadence,"0.0",rpm,enhanced_altitude,"17.0",m,enhanced_speed,"1.232",m/s,,,,,,,,,,,,,,,,,,,,,,,,,,,,,,,,,,,,,,,,,,,,,,,,,,,,,,,,,,,,,,,,,,,,,,,,,,,,,,,,,,,,,,,,,,,,,,,,,,,,,,,,,,,,,,,,,,,,,,,,,,,,,,,,,,,,,,,,,,,,,,,,,,,,,,,,,,,,,,,,,,,
Data,12,record,timestamp,"944861224",s,position_lat,"389964312",semicircles,position_long,"-1397599033",semicircles,distance,"15588.86",m,altitude,"17.0",m,speed,"1.353",m/s,unknown,"0",,unknown,"100",,heart_rate,"127",bpm,cadence,"0",rpm,fractional_cadence,"0.0",rpm,enhanced_altitude,"17.0",m,enhanced_speed,"1.353",m/s,,,,,,,,,,,,,,,,,,,,,,,,,,,,,,,,,,,,,,,,,,,,,,,,,,,,,,,,,,,,,,,,,,,,,,,,,,,,,,,,,,,,,,,,,,,,,,,,,,,,,,,,,,,,,,,,,,,,,,,,,,,,,,,,,,,,,,,,,,,,,,,,,,,,,,,,,,,,,,,,,,,
Data,12,record,timestamp,"944861229",s,position_lat,"389965122",semicircles,position_long,"-1397599353",semicircles,distance,"15596.67",m,altitude,"17.0",m,speed,"1.493",m/s,unknown,"0",,unknown,"100",,heart_rate,"124",bpm,cadence,"0",rpm,fractional_cadence,"0.0",rpm,enhanced_altitude,"17.0",m,enhanced_speed,"1.493",m/s,,,,,,,,,,,,,,,,,,,,,,,,,,,,,,,,,,,,,,,,,,,,,,,,,,,,,,,,,,,,,,,,,,,,,,,,,,,,,,,,,,,,,,,,,,,,,,,,,,,,,,,,,,,,,,,,,,,,,,,,,,,,,,,,,,,,,,,,,,,,,,,,,,,,,,,,,,,,,,,,,,,
Data,12,record,timestamp,"944861233",s,position_lat,"389965977",semicircles,position_long,"-1397599560",semicircles,distance,"15604.76",m,altitude,"17.0",m,speed,"2.015",m/s,unknown,"0",,unknown,"100",,heart_rate,"120",bpm,cadence,"0",rpm,fractional_cadence,"0.0",rpm,enhanced_altitude,"17.0",m,enhanced_speed,"2.015",m/s,,,,,,,,,,,,,,,,,,,,,,,,,,,,,,,,,,,,,,,,,,,,,,,,,,,,,,,,,,,,,,,,,,,,,,,,,,,,,,,,,,,,,,,,,,,,,,,,,,,,,,,,,,,,,,,,,,,,,,,,,,,,,,,,,,,,,,,,,,,,,,,,,,,,,,,,,,,,,,,,,,,
Data,12,record,timestamp,"944861235",s,position_lat,"389966479",semicircles,position_long,"-1397599584",semicircles,distance,"15609.44",m,altitude,"17.0",m,speed,"2.202",m/s,unknown,"0",,unknown,"100",,heart_rate,"122",bpm,cadence,"0",rpm,fractional_cadence,"0.0",rpm,enhanced_altitude,"17.0",m,enhanced_speed,"2.202",m/s,,,,,,,,,,,,,,,,,,,,,,,,,,,,,,,,,,,,,,,,,,,,,,,,,,,,,,,,,,,,,,,,,,,,,,,,,,,,,,,,,,,,,,,,,,,,,,,,,,,,,,,,,,,,,,,,,,,,,,,,,,,,,,,,,,,,,,,,,,,,,,,,,,,,,,,,,,,,,,,,,,,
Data,12,record,timestamp,"944861236",s,position_lat,"389966713",semicircles,position_long,"-1397599599",semicircles,distance,"15611.62",m,altitude,"17.0",m,speed,"2.081",m/s,unknown,"0",,unknown,"100",,heart_rate,"119",bpm,cadence,"0",rpm,fractional_cadence,"0.0",rpm,enhanced_altitude,"17.0",m,enhanced_speed,"2.081",m/s,,,,,,,,,,,,,,,,,,,,,,,,,,,,,,,,,,,,,,,,,,,,,,,,,,,,,,,,,,,,,,,,,,,,,,,,,,,,,,,,,,,,,,,,,,,,,,,,,,,,,,,,,,,,,,,,,,,,,,,,,,,,,,,,,,,,,,,,,,,,,,,,,,,,,,,,,,,,,,,,,,,
Data,12,record,timestamp,"944861241",s,position_lat,"389967713",semicircles,position_long,"-1397599990",semicircles,distance,"15621.16",m,altitude,"17.0",m,speed,"1.652",m/s,unknown,"0",,unknown,"100",,heart_rate,"121",bpm,cadence,"0",rpm,fractional_cadence,"0.0",rpm,enhanced_altitude,"17.0",m,enhanced_speed,"1.652",m/s,,,,,,,,,,,,,,,,,,,,,,,,,,,,,,,,,,,,,,,,,,,,,,,,,,,,,,,,,,,,,,,,,,,,,,,,,,,,,,,,,,,,,,,,,,,,,,,,,,,,,,,,,,,,,,,,,,,,,,,,,,,,,,,,,,,,,,,,,,,,,,,,,,,,,,,,,,,,,,,,,,,
Data,12,record,timestamp,"944861243",s,position_lat,"389968034",semicircles,position_long,"-1397600273",semicircles,distance,"15624.8",m,altitude,"17.0",m,speed,"1.801",m/s,unknown,"0",,unknown,"100",,heart_rate,"118",bpm,cadence,"0",rpm,fractional_cadence,"0.0",rpm,enhanced_altitude,"17.0",m,enhanced_speed,"1.801",m/s,,,,,,,,,,,,,,,,,,,,,,,,,,,,,,,,,,,,,,,,,,,,,,,,,,,,,,,,,,,,,,,,,,,,,,,,,,,,,,,,,,,,,,,,,,,,,,,,,,,,,,,,,,,,,,,,,,,,,,,,,,,,,,,,,,,,,,,,,,,,,,,,,,,,,,,,,,,,,,,,,,,
Data,12,record,timestamp,"944861247",s,position_lat,"389968329",semicircles,position_long,"-1397600993",semicircles,distance,"15631.11",m,altitude,"17.0",m,speed,"1.512",m/s,unknown,"0",,unknown,"100",,heart_rate,"119",bpm,cadence,"0",rpm,fractional_cadence,"0.0",rpm,enhanced_altitude,"17.0",m,enhanced_speed,"1.512",m/s,,,,,,,,,,,,,,,,,,,,,,,,,,,,,,,,,,,,,,,,,,,,,,,,,,,,,,,,,,,,,,,,,,,,,,,,,,,,,,,,,,,,,,,,,,,,,,,,,,,,,,,,,,,,,,,,,,,,,,,,,,,,,,,,,,,,,,,,,,,,,,,,,,,,,,,,,,,,,,,,,,,
Data,12,record,timestamp,"944861254",s,position_lat,"389968112",semicircles,position_long,"-1397602231",semicircles,distance,"15641.28",m,altitude,"17.0",m,speed,"1.689",m/s,unknown,"0",,unknown,"100",,heart_rate,"117",bpm,cadence,"0",rpm,fractional_cadence,"0.0",rpm,enhanced_altitude,"17.0",m,enhanced_speed,"1.689",m/s,,,,,,,,,,,,,,,,,,,,,,,,,,,,,,,,,,,,,,,,,,,,,,,,,,,,,,,,,,,,,,,,,,,,,,,,,,,,,,,,,,,,,,,,,,,,,,,,,,,,,,,,,,,,,,,,,,,,,,,,,,,,,,,,,,,,,,,,,,,,,,,,,,,,,,,,,,,,,,,,,,,
Data,12,record,timestamp,"944861261",s,position_lat,"389967286",semicircles,position_long,"-1397603950",semicircles,distance,"15656.86",m,altitude,"17.0",m,speed,"2.594",m/s,unknown,"0",,unknown,"100",,heart_rate,"117",bpm,cadence,"0",rpm,fractional_cadence,"0.0",rpm,enhanced_altitude,"17.0",m,enhanced_speed,"2.594",m/s,,,,,,,,,,,,,,,,,,,,,,,,,,,,,,,,,,,,,,,,,,,,,,,,,,,,,,,,,,,,,,,,,,,,,,,,,,,,,,,,,,,,,,,,,,,,,,,,,,,,,,,,,,,,,,,,,,,,,,,,,,,,,,,,,,,,,,,,,,,,,,,,,,,,,,,,,,,,,,,,,,,
Data,12,record,timestamp,"944861267",s,position_lat,"389966437",semicircles,position_long,"-1397605630",semicircles,distance,"15672.25",m,altitude,"17.0",m,speed,"2.725",m/s,unknown,"0",,unknown,"100",,heart_rate,"120",bpm,cadence,"0",rpm,fractional_cadence,"0.0",rpm,enhanced_altitude,"17.0",m,enhanced_speed,"2.725",m/s,,,,,,,,,,,,,,,,,,,,,,,,,,,,,,,,,,,,,,,,,,,,,,,,,,,,,,,,,,,,,,,,,,,,,,,,,,,,,,,,,,,,,,,,,,,,,,,,,,,,,,,,,,,,,,,,,,,,,,,,,,,,,,,,,,,,,,,,,,,,,,,,,,,,,,,,,,,,,,,,,,,
Data,12,record,timestamp,"944861271",s,position_lat,"389965804",semicircles,position_long,"-1397606928",semicircles,distance,"15684.04",m,altitude,"17.0",m,speed,"3.144",m/s,unknown,"0",,unknown,"100",,heart_rate,"121",bpm,cadence,"0",rpm,fractional_cadence,"0.0",rpm,enhanced_altitude,"17.0",m,enhanced_speed,"3.144",m/s,,,,,,,,,,,,,,,,,,,,,,,,,,,,,,,,,,,,,,,,,,,,,,,,,,,,,,,,,,,,,,,,,,,,,,,,,,,,,,,,,,,,,,,,,,,,,,,,,,,,,,,,,,,,,,,,,,,,,,,,,,,,,,,,,,,,,,,,,,,,,,,,,,,,,,,,,,,,,,,,,,,
Data,12,record,timestamp,"944861274",s,position_lat,"389965466",semicircles,position_long,"-1397607909",semicircles,distance,"15692.38",m,altitude,"17.0",m,speed,"2.463",m/s,unknown,"0",,unknown,"100",,heart_rate,"124",bpm,cadence,"0",rpm,fractional_cadence,"0.0",rpm,enhanced_altitude,"17.0",m,enhanced_speed,"2.463",m/s,,,,,,,,,,,,,,,,,,,,,,,,,,,,,,,,,,,,,,,,,,,,,,,,,,,,,,,,,,,,,,,,,,,,,,,,,,,,,,,,,,,,,,,,,,,,,,,,,,,,,,,,,,,,,,,,,,,,,,,,,,,,,,,,,,,,,,,,,,,,,,,,,,,,,,,,,,,,,,,,,,,
Data,12,record,timestamp,"944861277",s,position_lat,"389965247",semicircles,position_long,"-1397608896",semicircles,distance,"15700.41",m,altitude,"17.0",m,speed,"2.641",m/s,unknown,"0",,unknown,"100",,heart_rate,"125",bpm,cadence,"0",rpm,fractional_cadence,"0.0",rpm,enhanced_altitude,"17.0",m,enhanced_speed,"2.641",m/s,,,,,,,,,,,,,,,,,,,,,,,,,,,,,,,,,,,,,,,,,,,,,,,,,,,,,,,,,,,,,,,,,,,,,,,,,,,,,,,,,,,,,,,,,,,,,,,,,,,,,,,,,,,,,,,,,,,,,,,,,,,,,,,,,,,,,,,,,,,,,,,,,,,,,,,,,,,,,,,,,,,
Data,12,record,timestamp,"944861285",s,position_lat,"389964872",semicircles,position_long,"-1397612001",semicircles,distance,"15724.96",m,altitude,"17.0",m,speed,"2.902",m/s,unknown,"0",,unknown,"100",,heart_rate,"126",bpm,cadence,"0",rpm,fractional_cadence,"0.0",rpm,enhanced_altitude,"17.0",m,enhanced_speed,"2.902",m/s,,,,,,,,,,,,,,,,,,,,,,,,,,,,,,,,,,,,,,,,,,,,,,,,,,,,,,,,,,,,,,,,,,,,,,,,,,,,,,,,,,,,,,,,,,,,,,,,,,,,,,,,,,,,,,,,,,,,,,,,,,,,,,,,,,,,,,,,,,,,,,,,,,,,,,,,,,,,,,,,,,,
Data,12,record,timestamp,"944861296",s,position_lat,"389964018",semicircles,position_long,"-1397616303",semicircles,distance,"15759.7",m,altitude,"17.0",m,speed,"3.21",m/s,unknown,"0",,unknown,"100",,heart_rate,"126",bpm,cadence,"0",rpm,fractional_cadence,"0.0",rpm,enhanced_altitude,"17.0",m,enhanced_speed,"3.21",m/s,,,,,,,,,,,,,,,,,,,,,,,,,,,,,,,,,,,,,,,,,,,,,,,,,,,,,,,,,,,,,,,,,,,,,,,,,,,,,,,,,,,,,,,,,,,,,,,,,,,,,,,,,,,,,,,,,,,,,,,,,,,,,,,,,,,,,,,,,,,,,,,,,,,,,,,,,,,,,,,,,,,
Data,12,record,timestamp,"944861305",s,position_lat,"389963783",semicircles,position_long,"-1397619403",semicircles,distance,"15784.2",m,altitude,"17.0",m,speed,"2.818",m/s,unknown,"0",,unknown,"100",,heart_rate,"125",bpm,cadence,"0",rpm,fractional_cadence,"0.0",rpm,enhanced_altitude,"17.0",m,enhanced_speed,"2.818",m/s,,,,,,,,,,,,,,,,,,,,,,,,,,,,,,,,,,,,,,,,,,,,,,,,,,,,,,,,,,,,,,,,,,,,,,,,,,,,,,,,,,,,,,,,,,,,,,,,,,,,,,,,,,,,,,,,,,,,,,,,,,,,,,,,,,,,,,,,,,,,,,,,,,,,,,,,,,,,,,,,,,,
Data,12,record,timestamp,"944861311",s,position_lat,"389963803",semicircles,position_long,"-1397621630",semicircles,distance,"15801.66",m,altitude,"17.0",m,speed,"2.846",m/s,unknown,"0",,unknown,"100",,heart_rate,"122",bpm,cadence,"0",rpm,fractional_cadence,"0.0",rpm,enhanced_altitude,"17.0",m,enhanced_speed,"2.846",m/s,,,,,,,,,,,,,,,,,,,,,,,,,,,,,,,,,,,,,,,,,,,,,,,,,,,,,,,,,,,,,,,,,,,,,,,,,,,,,,,,,,,,,,,,,,,,,,,,,,,,,,,,,,,,,,,,,,,,,,,,,,,,,,,,,,,,,,,,,,,,,,,,,,,,,,,,,,,,,,,,,,,
Data,12,record,timestamp,"944861314",s,position_lat,"389963554",semicircles,position_long,"-1397622524",semicircles,distance,"15808.81",m,altitude,"17.0",m,speed,"2.753",m/s,unknown,"0",,unknown,"100",,heart_rate,"119",bpm,cadence,"0",rpm,fractional_cadence,"0.0",rpm,enhanced_altitude,"17.0",m,enhanced_speed,"2.753",m/s,,,,,,,,,,,,,,,,,,,,,,,,,,,,,,,,,,,,,,,,,,,,,,,,,,,,,,,,,,,,,,,,,,,,,,,,,,,,,,,,,,,,,,,,,,,,,,,,,,,,,,,,,,,,,,,,,,,,,,,,,,,,,,,,,,,,,,,,,,,,,,,,,,,,,,,,,,,,,,,,,,,
Data,12,record,timestamp,"944861315",s,position_lat,"389963537",semicircles,position_long,"-1397622847",semicircles,distance,"15811.35",m,altitude,"17.0",m,speed,"2.771",m/s,unknown,"0",,unknown,"100",,heart_rate,"120",bpm,cadence,"0",rpm,fractional_cadence,"0.0",rpm,enhanced_altitude,"17.0",m,enhanced_speed,"2.771",m/s,,,,,,,,,,,,,,,,,,,,,,,,,,,,,,,,,,,,,,,,,,,,,,,,,,,,,,,,,,,,,,,,,,,,,,,,,,,,,,,,,,,,,,,,,,,,,,,,,,,,,,,,,,,,,,,,,,,,,,,,,,,,,,,,,,,,,,,,,,,,,,,,,,,,,,,,,,,,,,,,,,,
Data,12,record,timestamp,"944861324",s,position_lat,"389962988",semicircles,position_long,"-1397625755",semicircles,distance,"15834.87",m,altitude,"17.0",m,speed,"2.473",m/s,unknown,"0",,unknown,"100",,heart_rate,"116",bpm,cadence,"0",rpm,fractional_cadence,"0.0",rpm,enhanced_altitude,"17.0",m,enhanced_speed,"2.473",m/s,,,,,,,,,,,,,,,,,,,,,,,,,,,,,,,,,,,,,,,,,,,,,,,,,,,,,,,,,,,,,,,,,,,,,,,,,,,,,,,,,,,,,,,,,,,,,,,,,,,,,,,,,,,,,,,,,,,,,,,,,,,,,,,,,,,,,,,,,,,,,,,,,,,,,,,,,,,,,,,,,,,
Data,12,record,timestamp,"944861335",s,position_lat,"389962103",semicircles,position_long,"-1397629257",semicircles,distance,"15863.63",m,altitude,"17.0",m,speed,"2.473",m/s,unknown,"0",,unknown,"100",,heart_rate,"114",bpm,cadence,"0",rpm,fractional_cadence,"0.0",rpm,enhanced_altitude,"17.0",m,enhanced_speed,"2.473",m/s,,,,,,,,,,,,,,,,,,,,,,,,,,,,,,,,,,,,,,,,,,,,,,,,,,,,,,,,,,,,,,,,,,,,,,,,,,,,,,,,,,,,,,,,,,,,,,,,,,,,,,,,,,,,,,,,,,,,,,,,,,,,,,,,,,,,,,,,,,,,,,,,,,,,,,,,,,,,,,,,,,,
Data,12,record,timestamp,"944861340",s,position_lat,"389961768",semicircles,position_long,"-1397630862",semicircles,distance,"15876.63",m,altitude,"17.0",m,speed,"2.575",m/s,unknown,"0",,unknown,"100",,heart_rate,"109",bpm,cadence,"0",rpm,fractional_cadence,"0.0",rpm,enhanced_altitude,"17.0",m,enhanced_speed,"2.575",m/s,,,,,,,,,,,,,,,,,,,,,,,,,,,,,,,,,,,,,,,,,,,,,,,,,,,,,,,,,,,,,,,,,,,,,,,,,,,,,,,,,,,,,,,,,,,,,,,,,,,,,,,,,,,,,,,,,,,,,,,,,,,,,,,,,,,,,,,,,,,,,,,,,,,,,,,,,,,,,,,,,,,
Data,12,record,timestamp,"944861341",s,position_lat,"389961748",semicircles,position_long,"-1397631206",semicircles,distance,"15879.33",m,altitude,"17.0",m,speed,"2.622",m/s,unknown,"0",,unknown,"100",,heart_rate,"113",bpm,cadence,"0",rpm,fractional_cadence,"0.0",rpm,enhanced_altitude,"17.0",m,enhanced_speed,"2.622",m/s,,,,,,,,,,,,,,,,,,,,,,,,,,,,,,,,,,,,,,,,,,,,,,,,,,,,,,,,,,,,,,,,,,,,,,,,,,,,,,,,,,,,,,,,,,,,,,,,,,,,,,,,,,,,,,,,,,,,,,,,,,,,,,,,,,,,,,,,,,,,,,,,,,,,,,,,,,,,,,,,,,,
Data,12,record,timestamp,"944861345",s,position_lat,"389961740",semicircles,position_long,"-1397632386",semicircles,distance,"15888.64",m,altitude,"17.0",m,speed,"2.491",m/s,unknown,"0",,unknown,"100",,heart_rate,"113",bpm,cadence,"0",rpm,fractional_cadence,"0.0",rpm,enhanced_altitude,"17.0",m,enhanced_speed,"2.491",m/s,,,,,,,,,,,,,,,,,,,,,,,,,,,,,,,,,,,,,,,,,,,,,,,,,,,,,,,,,,,,,,,,,,,,,,,,,,,,,,,,,,,,,,,,,,,,,,,,,,,,,,,,,,,,,,,,,,,,,,,,,,,,,,,,,,,,,,,,,,,,,,,,,,,,,,,,,,,,,,,,,,,
Data,12,record,timestamp,"944861346",s,position_lat,"389961748",semicircles,position_long,"-1397632818",semicircles,distance,"15892.03",m,altitude,"17.0",m,speed,"2.659",m/s,unknown,"0",,unknown,"100",,heart_rate,"109",bpm,cadence,"0",rpm,fractional_cadence,"0.0",rpm,enhanced_altitude,"17.0",m,enhanced_speed,"2.659",m/s,,,,,,,,,,,,,,,,,,,,,,,,,,,,,,,,,,,,,,,,,,,,,,,,,,,,,,,,,,,,,,,,,,,,,,,,,,,,,,,,,,,,,,,,,,,,,,,,,,,,,,,,,,,,,,,,,,,,,,,,,,,,,,,,,,,,,,,,,,,,,,,,,,,,,,,,,,,,,,,,,,,
Data,12,record,timestamp,"944861353",s,position_lat,"389960985",semicircles,position_long,"-1397635248",semicircles,distance,"15911.96",m,altitude,"17.0",m,speed,"2.781",m/s,unknown,"0",,unknown,"100",,heart_rate,"109",bpm,cadence,"0",rpm,fractional_cadence,"0.0",rpm,enhanced_altitude,"17.0",m,enhanced_speed,"2.781",m/s,,,,,,,,,,,,,,,,,,,,,,,,,,,,,,,,,,,,,,,,,,,,,,,,,,,,,,,,,,,,,,,,,,,,,,,,,,,,,,,,,,,,,,,,,,,,,,,,,,,,,,,,,,,,,,,,,,,,,,,,,,,,,,,,,,,,,,,,,,,,,,,,,,,,,,,,,,,,,,,,,,,
Data,12,record,timestamp,"944861361",s,position_lat,"389960420",semicircles,position_long,"-1397637956",semicircles,distance,"15933.91",m,altitude,"17.0",m,speed,"2.501",m/s,unknown,"0",,unknown,"100",,heart_rate,"108",bpm,cadence,"0",rpm,fractional_cadence,"0.0",rpm,enhanced_altitude,"17.0",m,enhanced_speed,"2.501",m/s,,,,,,,,,,,,,,,,,,,,,,,,,,,,,,,,,,,,,,,,,,,,,,,,,,,,,,,,,,,,,,,,,,,,,,,,,,,,,,,,,,,,,,,,,,,,,,,,,,,,,,,,,,,,,,,,,,,,,,,,,,,,,,,,,,,,,,,,,,,,,,,,,,,,,,,,,,,,,,,,,,,
Data,12,record,timestamp,"944861365",s,position_lat,"389960256",semicircles,position_long,"-1397639354",semicircles,distance,"15945.03",m,altitude,"17.0",m,speed,"2.706",m/s,unknown,"0",,unknown,"100",,heart_rate,"111",bpm,cadence,"0",rpm,fractional_cadence,"0.0",rpm,enhanced_altitude,"17.0",m,enhanced_speed,"2.706",m/s,,,,,,,,,,,,,,,,,,,,,,,,,,,,,,,,,,,,,,,,,,,,,,,,,,,,,,,,,,,,,,,,,,,,,,,,,,,,,,,,,,,,,,,,,,,,,,,,,,,,,,,,,,,,,,,,,,,,,,,,,,,,,,,,,,,,,,,,,,,,,,,,,,,,,,,,,,,,,,,,,,,
Data,12,record,timestamp,"944861367",s,position_lat,"389960213",semicircles,position_long,"-1397640102",semicircles,distance,"15950.91",m,altitude,"17.0",m,speed,"2.827",m/s,unknown,"0",,unknown,"100",,heart_rate,"108",bpm,cadence,"91",rpm,fractional_cadence,"0.5",rpm,enhanced_altitude,"17.0",m,enhanced_speed,"2.827",m/s,,,,,,,,,,,,,,,,,,,,,,,,,,,,,,,,,,,,,,,,,,,,,,,,,,,,,,,,,,,,,,,,,,,,,,,,,,,,,,,,,,,,,,,,,,,,,,,,,,,,,,,,,,,,,,,,,,,,,,,,,,,,,,,,,,,,,,,,,,,,,,,,,,,,,,,,,,,,,,,,,,,
Data,12,record,timestamp,"944861368",s,position_lat,"389960193",semicircles,position_long,"-1397640462",semicircles,distance,"15953.75",m,altitude,"17.0",m,speed,"2.837",m/s,unknown,"0",,unknown,"100",,heart_rate,"109",bpm,cadence,"91",rpm,fractional_cadence,"0.5",rpm,enhanced_altitude,"17.0",m,enhanced_speed,"2.837",m/s,,,,,,,,,,,,,,,,,,,,,,,,,,,,,,,,,,,,,,,,,,,,,,,,,,,,,,,,,,,,,,,,,,,,,,,,,,,,,,,,,,,,,,,,,,,,,,,,,,,,,,,,,,,,,,,,,,,,,,,,,,,,,,,,,,,,,,,,,,,,,,,,,,,,,,,,,,,,,,,,,,,
Data,12,record,timestamp,"944861378",s,position_lat,"389960380",semicircles,position_long,"-1397643760",semicircles,distance,"15979.57",m,altitude,"17.0",m,speed,"2.491",m/s,unknown,"0",,unknown,"100",,heart_rate,"111",bpm,cadence,"0",rpm,fractional_cadence,"0.0",rpm,enhanced_altitude,"17.0",m,enhanced_speed,"2.491",m/s,,,,,,,,,,,,,,,,,,,,,,,,,,,,,,,,,,,,,,,,,,,,,,,,,,,,,,,,,,,,,,,,,,,,,,,,,,,,,,,,,,,,,,,,,,,,,,,,,,,,,,,,,,,,,,,,,,,,,,,,,,,,,,,,,,,,,,,,,,,,,,,,,,,,,,,,,,,,,,,,,,,
Data,12,record,timestamp,"944861382",s,position_lat,"389960425",semicircles,position_long,"-1397645083",semicircles,distance,"15989.96",m,altitude,"17.0",m,speed,"2.594",m/s,unknown,"0",,unknown,"100",,heart_rate,"114",bpm,cadence,"72",rpm,fractional_cadence,"0.0",rpm,enhanced_altitude,"17.0",m,enhanced_speed,"2.594",m/s,,,,,,,,,,,,,,,,,,,,,,,,,,,,,,,,,,,,,,,,,,,,,,,,,,,,,,,,,,,,,,,,,,,,,,,,,,,,,,,,,,,,,,,,,,,,,,,,,,,,,,,,,,,,,,,,,,,,,,,,,,,,,,,,,,,,,,,,,,,,,,,,,,,,,,,,,,,,,,,,,,,
Data,12,record,timestamp,"944861384",s,position_lat,"389960447",semicircles,position_long,"-1397645721",semicircles,distance,"15994.96",m,altitude,"17.0",m,speed,"2.398",m/s,unknown,"0",,unknown,"100",,heart_rate,"118",bpm,cadence,"0",rpm,fractional_cadence,"0.0",rpm,enhanced_altitude,"17.0",m,enhanced_speed,"2.398",m/s,,,,,,,,,,,,,,,,,,,,,,,,,,,,,,,,,,,,,,,,,,,,,,,,,,,,,,,,,,,,,,,,,,,,,,,,,,,,,,,,,,,,,,,,,,,,,,,,,,,,,,,,,,,,,,,,,,,,,,,,,,,,,,,,,,,,,,,,,,,,,,,,,,,,,,,,,,,,,,,,,,,
Data,12,record,timestamp,"944861387",s,position_lat,"389960371",semicircles,position_long,"-1397646527",semicircles,distance,"16001.33",m,altitude,"17.0",m,speed,"2.23",m/s,unknown,"0",,unknown,"100",,heart_rate,"119",bpm,cadence,"0",rpm,fractional_cadence,"0.0",rpm,enhanced_altitude,"17.0",m,enhanced_speed,"2.23",m/s,,,,,,,,,,,,,,,,,,,,,,,,,,,,,,,,,,,,,,,,,,,,,,,,,,,,,,,,,,,,,,,,,,,,,,,,,,,,,,,,,,,,,,,,,,,,,,,,,,,,,,,,,,,,,,,,,,,,,,,,,,,,,,,,,,,,,,,,,,,,,,,,,,,,,,,,,,,,,,,,,,,
Data,12,record,timestamp,"944861390",s,position_lat,"389960251",semicircles,position_long,"-1397647404",semicircles,distance,"16008.31",m,altitude,"17.0",m,speed,"2.417",m/s,unknown,"0",,unknown,"100",,heart_rate,"122",bpm,cadence,"0",rpm,fractional_cadence,"0.0",rpm,enhanced_altitude,"17.0",m,enhanced_speed,"2.417",m/s,,,,,,,,,,,,,,,,,,,,,,,,,,,,,,,,,,,,,,,,,,,,,,,,,,,,,,,,,,,,,,,,,,,,,,,,,,,,,,,,,,,,,,,,,,,,,,,,,,,,,,,,,,,,,,,,,,,,,,,,,,,,,,,,,,,,,,,,,,,,,,,,,,,,,,,,,,,,,,,,,,,
Data,12,record,timestamp,"944861395",s,position_lat,"389959997",semicircles,position_long,"-1397648917",semicircles,distance,"16020.44",m,altitude,"17.0",m,speed,"2.762",m/s,unknown,"0",,unknown,"100",,heart_rate,"126",bpm,cadence,"0",rpm,fractional_cadence,"0.0",rpm,enhanced_altitude,"17.0",m,enhanced_speed,"2.762",m/s,,,,,,,,,,,,,,,,,,,,,,,,,,,,,,,,,,,,,,,,,,,,,,,,,,,,,,,,,,,,,,,,,,,,,,,,,,,,,,,,,,,,,,,,,,,,,,,,,,,,,,,,,,,,,,,,,,,,,,,,,,,,,,,,,,,,,,,,,,,,,,,,,,,,,,,,,,,,,,,,,,,
Data,12,record,timestamp,"944861396",s,position_lat,"389959963",semicircles,position_long,"-1397649242",semicircles,distance,"16023.03",m,altitude,"17.0",m,speed,"2.687",m/s,unknown,"0",,unknown,"100",,heart_rate,"125",bpm,cadence,"0",rpm,fractional_cadence,"0.0",rpm,enhanced_altitude,"17.0",m,enhanced_speed,"2.687",m/s,,,,,,,,,,,,,,,,,,,,,,,,,,,,,,,,,,,,,,,,,,,,,,,,,,,,,,,,,,,,,,,,,,,,,,,,,,,,,,,,,,,,,,,,,,,,,,,,,,,,,,,,,,,,,,,,,,,,,,,,,,,,,,,,,,,,,,,,,,,,,,,,,,,,,,,,,,,,,,,,,,,
Data,12,record,timestamp,"944861398",s,position_lat,"389959856",semicircles,position_long,"-1397649904",semicircles,distance,"16028.31",m,altitude,"17.0",m,speed,"2.631",m/s,unknown,"0",,unknown,"100",,heart_rate,"122",bpm,cadence,"0",rpm,fractional_cadence,"0.0",rpm,enhanced_altitude,"17.0",m,enhanced_speed,"2.631",m/s,,,,,,,,,,,,,,,,,,,,,,,,,,,,,,,,,,,,,,,,,,,,,,,,,,,,,,,,,,,,,,,,,,,,,,,,,,,,,,,,,,,,,,,,,,,,,,,,,,,,,,,,,,,,,,,,,,,,,,,,,,,,,,,,,,,,,,,,,,,,,,,,,,,,,,,,,,,,,,,,,,,
Data,12,record,timestamp,"944861404",s,position_lat,"389959913",semicircles,position_long,"-1397651503",semicircles,distance,"16041.41",m,altitude,"17.0",m,speed,"2.277",m/s,unknown,"0",,unknown,"100",,heart_rate,"122",bpm,cadence,"0",rpm,fractional_cadence,"0.0",rpm,enhanced_altitude,"17.0",m,enhanced_speed,"2.277",m/s,,,,,,,,,,,,,,,,,,,,,,,,,,,,,,,,,,,,,,,,,,,,,,,,,,,,,,,,,,,,,,,,,,,,,,,,,,,,,,,,,,,,,,,,,,,,,,,,,,,,,,,,,,,,,,,,,,,,,,,,,,,,,,,,,,,,,,,,,,,,,,,,,,,,,,,,,,,,,,,,,,,
Data,12,record,timestamp,"944861408",s,position_lat,"389960783",semicircles,position_long,"-1397651802",semicircles,distance,"16050.03",m,altitude,"17.0",m,speed,"2.286",m/s,unknown,"0",,unknown,"100",,heart_rate,"122",bpm,cadence,"0",rpm,fractional_cadence,"0.0",rpm,enhanced_altitude,"17.0",m,enhanced_speed,"2.286",m/s,,,,,,,,,,,,,,,,,,,,,,,,,,,,,,,,,,,,,,,,,,,,,,,,,,,,,,,,,,,,,,,,,,,,,,,,,,,,,,,,,,,,,,,,,,,,,,,,,,,,,,,,,,,,,,,,,,,,,,,,,,,,,,,,,,,,,,,,,,,,,,,,,,,,,,,,,,,,,,,,,,,
Data,12,record,timestamp,"944861414",s,position_lat,"389962716",semicircles,position_long,"-1397651544",semicircles,distance,"16068.12",m,altitude,"17.0",m,speed,"3.256",m/s,unknown,"0",,unknown,"100",,heart_rate,"125",bpm,cadence,"0",rpm,fractional_cadence,"0.0",rpm,enhanced_altitude,"17.0",m,enhanced_speed,"3.256",m/s,,,,,,,,,,,,,,,,,,,,,,,,,,,,,,,,,,,,,,,,,,,,,,,,,,,,,,,,,,,,,,,,,,,,,,,,,,,,,,,,,,,,,,,,,,,,,,,,,,,,,,,,,,,,,,,,,,,,,,,,,,,,,,,,,,,,,,,,,,,,,,,,,,,,,,,,,,,,,,,,,,,
Data,12,record,timestamp,"944861415",s,position_lat,"389963068",semicircles,position_long,"-1397651497",semicircles,distance,"16071.41",m,altitude,"17.0",m,speed,"3.126",m/s,unknown,"0",,unknown,"100",,heart_rate,"124",bpm,cadence,"0",rpm,fractional_cadence,"0.0",rpm,enhanced_altitude,"17.0",m,enhanced_speed,"3.126",m/s,,,,,,,,,,,,,,,,,,,,,,,,,,,,,,,,,,,,,,,,,,,,,,,,,,,,,,,,,,,,,,,,,,,,,,,,,,,,,,,,,,,,,,,,,,,,,,,,,,,,,,,,,,,,,,,,,,,,,,,,,,,,,,,,,,,,,,,,,,,,,,,,,,,,,,,,,,,,,,,,,,,
Data,12,record,timestamp,"944861418",s,position_lat,"389964153",semicircles,position_long,"-1397651391",semicircles,distance,"16081.54",m,altitude,"17.0",m,speed,"3.284",m/s,unknown,"0",,unknown,"100",,heart_rate,"127",bpm,cadence,"0",rpm,fractional_cadence,"0.0",rpm,enhanced_altitude,"17.0",m,enhanced_speed,"3.284",m/s,,,,,,,,,,,,,,,,,,,,,,,,,,,,,,,,,,,,,,,,,,,,,,,,,,,,,,,,,,,,,,,,,,,,,,,,,,,,,,,,,,,,,,,,,,,,,,,,,,,,,,,,,,,,,,,,,,,,,,,,,,,,,,,,,,,,,,,,,,,,,,,,,,,,,,,,,,,,,,,,,,,
Data,12,record,timestamp,"944861424",s,position_lat,"389966513",semicircles,position_long,"-1397651402",semicircles,distance,"16103.51",m,altitude,"17.0",m,speed,"3.359",m/s,unknown,"0",,unknown,"100",,heart_rate,"126",bpm,cadence,"0",rpm,fractional_cadence,"0.0",rpm,enhanced_altitude,"17.0",m,enhanced_speed,"3.359",m/s,,,,,,,,,,,,,,,,,,,,,,,,,,,,,,,,,,,,,,,,,,,,,,,,,,,,,,,,,,,,,,,,,,,,,,,,,,,,,,,,,,,,,,,,,,,,,,,,,,,,,,,,,,,,,,,,,,,,,,,,,,,,,,,,,,,,,,,,,,,,,,,,,,,,,,,,,,,,,,,,,,,
Data,12,record,timestamp,"944861432",s,position_lat,"389969588",semicircles,position_long,"-1397651653",semicircles,distance,"16132.17",m,altitude,"17.0",m,speed,"3.359",m/s,unknown,"0",,unknown,"100",,heart_rate,"127",bpm,cadence,"46",rpm,fractional_cadence,"0.0",rpm,enhanced_altitude,"17.0",m,enhanced_speed,"3.359",m/s,,,,,,,,,,,,,,,,,,,,,,,,,,,,,,,,,,,,,,,,,,,,,,,,,,,,,,,,,,,,,,,,,,,,,,,,,,,,,,,,,,,,,,,,,,,,,,,,,,,,,,,,,,,,,,,,,,,,,,,,,,,,,,,,,,,,,,,,,,,,,,,,,,,,,,,,,,,,,,,,,,,
Data,12,record,timestamp,"944861438",s,position_lat,"389971831",semicircles,position_long,"-1397651834",semicircles,distance,"16153.07",m,altitude,"17.0",m,speed,"3.406",m/s,unknown,"0",,unknown,"300",,heart_rate,"123",bpm,cadence,"0",rpm,fractional_cadence,"0.0",rpm,enhanced_altitude,"17.0",m,enhanced_speed,"3.406",m/s,,,,,,,,,,,,,,,,,,,,,,,,,,,,,,,,,,,,,,,,,,,,,,,,,,,,,,,,,,,,,,,,,,,,,,,,,,,,,,,,,,,,,,,,,,,,,,,,,,,,,,,,,,,,,,,,,,,,,,,,,,,,,,,,,,,,,,,,,,,,,,,,,,,,,,,,,,,,,,,,,,,
Data,12,record,timestamp,"944861441",s,position_lat,"389972925",semicircles,position_long,"-1397652018",semicircles,distance,"16163.34",m,altitude,"17.0",m,speed,"3.284",m/s,unknown,"0",,unknown,"100",,heart_rate,"122",bpm,cadence,"0",rpm,fractional_cadence,"0.0",rpm,enhanced_altitude,"17.0",m,enhanced_speed,"3.284",m/s,,,,,,,,,,,,,,,,,,,,,,,,,,,,,,,,,,,,,,,,,,,,,,,,,,,,,,,,,,,,,,,,,,,,,,,,,,,,,,,,,,,,,,,,,,,,,,,,,,,,,,,,,,,,,,,,,,,,,,,,,,,,,,,,,,,,,,,,,,,,,,,,,,,,,,,,,,,,,,,,,,,
Data,12,record,timestamp,"944861448",s,position_lat,"389975443",semicircles,position_long,"-1397652640",semicircles,distance,"16187.25",m,altitude,"17.0",m,speed,"3.266",m/s,unknown,"0",,unknown,"100",,heart_rate,"119",bpm,cadence,"0",rpm,fractional_cadence,"0.0",rpm,enhanced_altitude,"17.0",m,enhanced_speed,"3.266",m/s,,,,,,,,,,,,,,,,,,,,,,,,,,,,,,,,,,,,,,,,,,,,,,,,,,,,,,,,,,,,,,,,,,,,,,,,,,,,,,,,,,,,,,,,,,,,,,,,,,,,,,,,,,,,,,,,,,,,,,,,,,,,,,,,,,,,,,,,,,,,,,,,,,,,,,,,,,,,,,,,,,,
Data,12,record,timestamp,"944861450",s,position_lat,"389976134",semicircles,position_long,"-1397652751",semicircles,distance,"16193.73",m,altitude,"17.0",m,speed,"3.284",m/s,unknown,"0",,unknown,"100",,heart_rate,"122",bpm,cadence,"0",rpm,fractional_cadence,"0.0",rpm,enhanced_altitude,"17.0",m,enhanced_speed,"3.284",m/s,,,,,,,,,,,,,,,,,,,,,,,,,,,,,,,,,,,,,,,,,,,,,,,,,,,,,,,,,,,,,,,,,,,,,,,,,,,,,,,,,,,,,,,,,,,,,,,,,,,,,,,,,,,,,,,,,,,,,,,,,,,,,,,,,,,,,,,,,,,,,,,,,,,,,,,,,,,,,,,,,,,
Data,12,record,timestamp,"944861451",s,position_lat,"389976476",semicircles,position_long,"-1397652850",semicircles,distance,"16197.0",m,altitude,"17.0",m,speed,"3.294",m/s,unknown,"0",,unknown,"100",,heart_rate,"120",bpm,cadence,"0",rpm,fractional_cadence,"0.0",rpm,enhanced_altitude,"17.0",m,enhanced_speed,"3.294",m/s,,,,,,,,,,,,,,,,,,,,,,,,,,,,,,,,,,,,,,,,,,,,,,,,,,,,,,,,,,,,,,,,,,,,,,,,,,,,,,,,,,,,,,,,,,,,,,,,,,,,,,,,,,,,,,,,,,,,,,,,,,,,,,,,,,,,,,,,,,,,,,,,,,,,,,,,,,,,,,,,,,,
Data,12,record,timestamp,"944861460",s,position_lat,"389979660",semicircles,position_long,"-1397653844",semicircles,distance,"16227.53",m,altitude,"17.0",m,speed,"3.275",m/s,unknown,"0",,unknown,"100",,heart_rate,"120",bpm,cadence,"0",rpm,fractional_cadence,"0.0",rpm,enhanced_altitude,"17.0",m,enhanced_speed,"3.275",m/s,,,,,,,,,,,,,,,,,,,,,,,,,,,,,,,,,,,,,,,,,,,,,,,,,,,,,,,,,,,,,,,,,,,,,,,,,,,,,,,,,,,,,,,,,,,,,,,,,,,,,,,,,,,,,,,,,,,,,,,,,,,,,,,,,,,,,,,,,,,,,,,,,,,,,,,,,,,,,,,,,,,
Data,12,record,timestamp,"944861464",s,position_lat,"389981011",semicircles,position_long,"-1397654238",semicircles,distance,"16240.44",m,altitude,"17.0",m,speed,"3.48",m/s,unknown,"0",,unknown,"100",,heart_rate,"123",bpm,cadence,"0",rpm,fractional_cadence,"0.0",rpm,enhanced_altitude,"17.0",m,enhanced_speed,"3.48",m/s,,,,,,,,,,,,,,,,,,,,,,,,,,,,,,,,,,,,,,,,,,,,,,,,,,,,,,,,,,,,,,,,,,,,,,,,,,,,,,,,,,,,,,,,,,,,,,,,,,,,,,,,,,,,,,,,,,,,,,,,,,,,,,,,,,,,,,,,,,,,,,,,,,,,,,,,,,,,,,,,,,,
Data,12,record,timestamp,"944861468",s,position_lat,"389982512",semicircles,position_long,"-1397654522",semicircles,distance,"16254.56",m,altitude,"17.0",m,speed,"3.21",m/s,unknown,"0",,unknown,"100",,heart_rate,"121",bpm,cadence,"0",rpm,fractional_cadence,"0.0",rpm,enhanced_altitude,"17.0",m,enhanced_speed,"3.21",m/s,,,,,,,,,,,,,,,,,,,,,,,,,,,,,,,,,,,,,,,,,,,,,,,,,,,,,,,,,,,,,,,,,,,,,,,,,,,,,,,,,,,,,,,,,,,,,,,,,,,,,,,,,,,,,,,,,,,,,,,,,,,,,,,,,,,,,,,,,,,,,,,,,,,,,,,,,,,,,,,,,,,
Data,12,record,timestamp,"944861475",s,position_lat,"389984833",semicircles,position_long,"-1397654906",semicircles,distance,"16276.35",m,altitude,"17.0",m,speed,"3.088",m/s,unknown,"0",,unknown,"100",,heart_rate,"120",bpm,cadence,"0",rpm,fractional_cadence,"0.0",rpm,enhanced_altitude,"17.0",m,enhanced_speed,"3.088",m/s,,,,,,,,,,,,,,,,,,,,,,,,,,,,,,,,,,,,,,,,,,,,,,,,,,,,,,,,,,,,,,,,,,,,,,,,,,,,,,,,,,,,,,,,,,,,,,,,,,,,,,,,,,,,,,,,,,,,,,,,,,,,,,,,,,,,,,,,,,,,,,,,,,,,,,,,,,,,,,,,,,,
Data,12,record,timestamp,"944861484",s,position_lat,"389987907",semicircles,position_long,"-1397655390",semicircles,distance,"16305.18",m,altitude,"17.0",m,speed,"3.592",m/s,unknown,"0",,unknown,"100",,heart_rate,"122",bpm,cadence,"0",rpm,fractional_cadence,"0.0",rpm,enhanced_altitude,"17.0",m,enhanced_speed,"3.592",m/s,,,,,,,,,,,,,,,,,,,,,,,,,,,,,,,,,,,,,,,,,,,,,,,,,,,,,,,,,,,,,,,,,,,,,,,,,,,,,,,,,,,,,,,,,,,,,,,,,,,,,,,,,,,,,,,,,,,,,,,,,,,,,,,,,,,,,,,,,,,,,,,,,,,,,,,,,,,,,,,,,,,
Data,12,record,timestamp,"944861493",s,position_lat,"389990865",semicircles,position_long,"-1397656208",semicircles,distance,"16333.54",m,altitude,"17.0",m,speed,"3.527",m/s,unknown,"0",,unknown,"100",,heart_rate,"118",bpm,cadence,"0",rpm,fractional_cadence,"0.0",rpm,enhanced_altitude,"17.0",m,enhanced_speed,"3.527",m/s,,,,,,,,,,,,,,,,,,,,,,,,,,,,,,,,,,,,,,,,,,,,,,,,,,,,,,,,,,,,,,,,,,,,,,,,,,,,,,,,,,,,,,,,,,,,,,,,,,,,,,,,,,,,,,,,,,,,,,,,,,,,,,,,,,,,,,,,,,,,,,,,,,,,,,,,,,,,,,,,,,,
Data,12,record,timestamp,"944861498",s,position_lat,"389993054",semicircles,position_long,"-1397656245",semicircles,distance,"16353.96",m,altitude,"17.0",m,speed,"3.49",m/s,unknown,"0",,unknown,"100",,heart_rate,"118",bpm,cadence,"0",rpm,fractional_cadence,"0.0",rpm,enhanced_altitude,"17.0",m,enhanced_speed,"3.49",m/s,,,,,,,,,,,,,,,,,,,,,,,,,,,,,,,,,,,,,,,,,,,,,,,,,,,,,,,,,,,,,,,,,,,,,,,,,,,,,,,,,,,,,,,,,,,,,,,,,,,,,,,,,,,,,,,,,,,,,,,,,,,,,,,,,,,,,,,,,,,,,,,,,,,,,,,,,,,,,,,,,,,
Data,12,record,timestamp,"944861502",s,position_lat,"389994608",semicircles,position_long,"-1397656342",semicircles,distance,"16368.41",m,altitude,"17.0",m,speed,"3.35",m/s,unknown,"0",,unknown,"100",,heart_rate,"121",bpm,cadence,"0",rpm,fractional_cadence,"0.0",rpm,enhanced_altitude,"17.0",m,enhanced_speed,"3.35",m/s,,,,,,,,,,,,,,,,,,,,,,,,,,,,,,,,,,,,,,,,,,,,,,,,,,,,,,,,,,,,,,,,,,,,,,,,,,,,,,,,,,,,,,,,,,,,,,,,,,,,,,,,,,,,,,,,,,,,,,,,,,,,,,,,,,,,,,,,,,,,,,,,,,,,,,,,,,,,,,,,,,,
Data,12,record,timestamp,"944861504",s,position_lat,"389995293",semicircles,position_long,"-1397656455",semicircles,distance,"16374.82",m,altitude,"17.0",m,speed,"3.032",m/s,unknown,"0",,unknown,"100",,heart_rate,"120",bpm,cadence,"0",rpm,fractional_cadence,"0.0",rpm,enhanced_altitude,"17.0",m,enhanced_speed,"3.032",m/s,,,,,,,,,,,,,,,,,,,,,,,,,,,,,,,,,,,,,,,,,,,,,,,,,,,,,,,,,,,,,,,,,,,,,,,,,,,,,,,,,,,,,,,,,,,,,,,,,,,,,,,,,,,,,,,,,,,,,,,,,,,,,,,,,,,,,,,,,,,,,,,,,,,,,,,,,,,,,,,,,,,
Data,12,record,timestamp,"944861511",s,position_lat,"389997568",semicircles,position_long,"-1397657064",semicircles,distance,"16396.54",m,altitude,"17.0",m,speed,"2.865",m/s,unknown,"0",,unknown,"100",,heart_rate,"119",bpm,cadence,"0",rpm,fractional_cadence,"0.0",rpm,enhanced_altitude,"17.0",m,enhanced_speed,"2.865",m/s,,,,,,,,,,,,,,,,,,,,,,,,,,,,,,,,,,,,,,,,,,,,,,,,,,,,,,,,,,,,,,,,,,,,,,,,,,,,,,,,,,,,,,,,,,,,,,,,,,,,,,,,,,,,,,,,,,,,,,,,,,,,,,,,,,,,,,,,,,,,,,,,,,,,,,,,,,,,,,,,,,,
Data,12,record,timestamp,"944861519",s,position_lat,"390000035",semicircles,position_long,"-1397657833",semicircles,distance,"16420.27",m,altitude,"17.0",m,speed,"2.79",m/s,unknown,"0",,unknown,"100",,heart_rate,"118",bpm,cadence,"0",rpm,fractional_cadence,"0.0",rpm,enhanced_altitude,"17.0",m,enhanced_speed,"2.79",m/s,,,,,,,,,,,,,,,,,,,,,,,,,,,,,,,,,,,,,,,,,,,,,,,,,,,,,,,,,,,,,,,,,,,,,,,,,,,,,,,,,,,,,,,,,,,,,,,,,,,,,,,,,,,,,,,,,,,,,,,,,,,,,,,,,,,,,,,,,,,,,,,,,,,,,,,,,,,,,,,,,,,
Data,12,record,timestamp,"944861529",s,position_lat,"390003082",semicircles,position_long,"-1397658747",semicircles,distance,"16449.49",m,altitude,"17.0",m,speed,"2.865",m/s,unknown,"0",,unknown,"100",,heart_rate,"116",bpm,cadence,"0",rpm,fractional_cadence,"0.0",rpm,enhanced_altitude,"17.0",m,enhanced_speed,"2.865",m/s,,,,,,,,,,,,,,,,,,,,,,,,,,,,,,,,,,,,,,,,,,,,,,,,,,,,,,,,,,,,,,,,,,,,,,,,,,,,,,,,,,,,,,,,,,,,,,,,,,,,,,,,,,,,,,,,,,,,,,,,,,,,,,,,,,,,,,,,,,,,,,,,,,,,,,,,,,,,,,,,,,,
Data,12,record,timestamp,"944861531",s,position_lat,"390003803",semicircles,position_long,"-1397658880",semicircles,distance,"16456.26",m,altitude,"17.0",m,speed,"2.893",m/s,unknown,"0",,unknown,"100",,heart_rate,"113",bpm,cadence,"0",rpm,fractional_cadence,"0.0",rpm,enhanced_altitude,"17.0",m,enhanced_speed,"2.893",m/s,,,,,,,,,,,,,,,,,,,,,,,,,,,,,,,,,,,,,,,,,,,,,,,,,,,,,,,,,,,,,,,,,,,,,,,,,,,,,,,,,,,,,,,,,,,,,,,,,,,,,,,,,,,,,,,,,,,,,,,,,,,,,,,,,,,,,,,,,,,,,,,,,,,,,,,,,,,,,,,,,,,
Data,12,record,timestamp,"944861537",s,position_lat,"390005919",semicircles,position_long,"-1397659347",semicircles,distance,"16476.27",m,altitude,"17.0",m,speed,"2.799",m/s,unknown,"0",,unknown,"100",,heart_rate,"113",bpm,cadence,"0",rpm,fractional_cadence,"0.0",rpm,enhanced_altitude,"17.0",m,enhanced_speed,"2.799",m/s,,,,,,,,,,,,,,,,,,,,,,,,,,,,,,,,,,,,,,,,,,,,,,,,,,,,,,,,,,,,,,,,,,,,,,,,,,,,,,,,,,,,,,,,,,,,,,,,,,,,,,,,,,,,,,,,,,,,,,,,,,,,,,,,,,,,,,,,,,,,,,,,,,,,,,,,,,,,,,,,,,,
Data,12,record,timestamp,"944861542",s,position_lat,"390006658",semicircles,position_long,"-1397660346",semicircles,distance,"16487.28",m,altitude,"17.0",m,speed,"2.137",m/s,unknown,"0",,unknown,"100",,heart_rate,"112",bpm,cadence,"66",rpm,fractional_cadence,"0.5",rpm,enhanced_altitude,"17.0",m,enhanced_speed,"2.137",m/s,,,,,,,,,,,,,,,,,,,,,,,,,,,,,,,,,,,,,,,,,,,,,,,,,,,,,,,,,,,,,,,,,,,,,,,,,,,,,,,,,,,,,,,,,,,,,,,,,,,,,,,,,,,,,,,,,,,,,,,,,,,,,,,,,,,,,,,,,,,,,,,,,,,,,,,,,,,,,,,,,,,
Data,12,record,timestamp,"944861546",s,position_lat,"390006506",semicircles,position_long,"-1397661402",semicircles,distance,"16495.95",m,altitude,"17.0",m,speed,"2.417",m/s,unknown,"0",,unknown,"100",,heart_rate,"117",bpm,cadence,"0",rpm,fractional_cadence,"0.0",rpm,enhanced_altitude,"17.0",m,enhanced_speed,"2.417",m/s,,,,,,,,,,,,,,,,,,,,,,,,,,,,,,,,,,,,,,,,,,,,,,,,,,,,,,,,,,,,,,,,,,,,,,,,,,,,,,,,,,,,,,,,,,,,,,,,,,,,,,,,,,,,,,,,,,,,,,,,,,,,,,,,,,,,,,,,,,,,,,,,,,,,,,,,,,,,,,,,,,,
Data,12,record,timestamp,"944861547",s,position_lat,"390006393",semicircles,position_long,"-1397661681",semicircles,distance,"16498.37",m,altitude,"17.0",m,speed,"2.435",m/s,unknown,"0",,unknown,"100",,heart_rate,"116",bpm,cadence,"0",rpm,fractional_cadence,"0.0",rpm,enhanced_altitude,"17.0",m,enhanced_speed,"2.435",m/s,,,,,,,,,,,,,,,,,,,,,,,,,,,,,,,,,,,,,,,,,,,,,,,,,,,,,,,,,,,,,,,,,,,,,,,,,,,,,,,,,,,,,,,,,,,,,,,,,,,,,,,,,,,,,,,,,,,,,,,,,,,,,,,,,,,,,,,,,,,,,,,,,,,,,,,,,,,,,,,,,,,
Data,12,record,timestamp,"944861555",s,position_lat,"390005970",semicircles,position_long,"-1397664459",semicircles,distance,"16520.62",m,altitude,"17.600000000000023",m,speed,"3.172",m/s,unknown,"0",,unknown,"100",,heart_rate,"120",bpm,cadence,"0",rpm,fractional_cadence,"0.0",rpm,enhanced_altitude,"17.600000000000023",m,enhanced_speed,"3.172",m/s,,,,,,,,,,,,,,,,,,,,,,,,,,,,,,,,,,,,,,,,,,,,,,,,,,,,,,,,,,,,,,,,,,,,,,,,,,,,,,,,,,,,,,,,,,,,,,,,,,,,,,,,,,,,,,,,,,,,,,,,,,,,,,,,,,,,,,,,,,,,,,,,,,,,,,,,,,,,,,,,,,,
Data,12,record,timestamp,"944861556",s,position_lat,"390005955",semicircles,position_long,"-1397664863",semicircles,distance,"16523.77",m,altitude,"17.600000000000023",m,speed,"2.93",m/s,unknown,"0",,unknown,"100",,heart_rate,"120",bpm,cadence,"0",rpm,fractional_cadence,"0.0",rpm,enhanced_altitude,"17.600000000000023",m,enhanced_speed,"2.93",m/s,,,,,,,,,,,,,,,,,,,,,,,,,,,,,,,,,,,,,,,,,,,,,,,,,,,,,,,,,,,,,,,,,,,,,,,,,,,,,,,,,,,,,,,,,,,,,,,,,,,,,,,,,,,,,,,,,,,,,,,,,,,,,,,,,,,,,,,,,,,,,,,,,,,,,,,,,,,,,,,,,,,
Data,12,record,timestamp,"944861564",s,position_lat,"390005525",semicircles,position_long,"-1397668141",semicircles,distance,"16549.84",m,altitude,"17.799999999999955",m,speed,"3.042",m/s,unknown,"0",,unknown,"100",,heart_rate,"120",bpm,cadence,"0",rpm,fractional_cadence,"0.0",rpm,enhanced_altitude,"17.799999999999955",m,enhanced_speed,"3.042",m/s,,,,,,,,,,,,,,,,,,,,,,,,,,,,,,,,,,,,,,,,,,,,,,,,,,,,,,,,,,,,,,,,,,,,,,,,,,,,,,,,,,,,,,,,,,,,,,,,,,,,,,,,,,,,,,,,,,,,,,,,,,,,,,,,,,,,,,,,,,,,,,,,,,,,,,,,,,,,,,,,,,,
Data,12,record,timestamp,"944861565",s,position_lat,"390005500",semicircles,position_long,"-1397668535",semicircles,distance,"16552.95",m,altitude,"17.600000000000023",m,speed,"3.126",m/s,unknown,"0",,unknown,"100",,heart_rate,"123",bpm,cadence,"0",rpm,fractional_cadence,"0.0",rpm,enhanced_altitude,"17.600000000000023",m,enhanced_speed,"3.126",m/s,,,,,,,,,,,,,,,,,,,,,,,,,,,,,,,,,,,,,,,,,,,,,,,,,,,,,,,,,,,,,,,,,,,,,,,,,,,,,,,,,,,,,,,,,,,,,,,,,,,,,,,,,,,,,,,,,,,,,,,,,,,,,,,,,,,,,,,,,,,,,,,,,,,,,,,,,,,,,,,,,,,
Data,12,record,timestamp,"944861568",s,position_lat,"390005391",semicircles,position_long,"-1397669689",semicircles,distance,"16562.1",m,altitude,"17.600000000000023",m,speed,"3.107",m/s,unknown,"0",,unknown,"100",,heart_rate,"120",bpm,cadence,"0",rpm,fractional_cadence,"0.0",rpm,enhanced_altitude,"17.600000000000023",m,enhanced_speed,"3.107",m/s,,,,,,,,,,,,,,,,,,,,,,,,,,,,,,,,,,,,,,,,,,,,,,,,,,,,,,,,,,,,,,,,,,,,,,,,,,,,,,,,,,,,,,,,,,,,,,,,,,,,,,,,,,,,,,,,,,,,,,,,,,,,,,,,,,,,,,,,,,,,,,,,,,,,,,,,,,,,,,,,,,,
Data,12,record,timestamp,"944861571",s,position_lat,"390005391",semicircles,position_long,"-1397670882",semicircles,distance,"16571.48",m,altitude,"17.799999999999955",m,speed,"3.06",m/s,unknown,"0",,unknown,"100",,heart_rate,"119",bpm,cadence,"0",rpm,fractional_cadence,"0.0",rpm,enhanced_altitude,"17.799999999999955",m,enhanced_speed,"3.06",m/s,,,,,,,,,,,,,,,,,,,,,,,,,,,,,,,,,,,,,,,,,,,,,,,,,,,,,,,,,,,,,,,,,,,,,,,,,,,,,,,,,,,,,,,,,,,,,,,,,,,,,,,,,,,,,,,,,,,,,,,,,,,,,,,,,,,,,,,,,,,,,,,,,,,,,,,,,,,,,,,,,,,
Data,12,record,timestamp,"944861575",s,position_lat,"390005395",semicircles,position_long,"-1397672411",semicircles,distance,"16583.49",m,altitude,"17.600000000000023",m,speed,"3.06",m/s,unknown,"0",,unknown,"100",,heart_rate,"122",bpm,cadence,"0",rpm,fractional_cadence,"0.0",rpm,enhanced_altitude,"17.600000000000023",m,enhanced_speed,"3.06",m/s,,,,,,,,,,,,,,,,,,,,,,,,,,,,,,,,,,,,,,,,,,,,,,,,,,,,,,,,,,,,,,,,,,,,,,,,,,,,,,,,,,,,,,,,,,,,,,,,,,,,,,,,,,,,,,,,,,,,,,,,,,,,,,,,,,,,,,,,,,,,,,,,,,,,,,,,,,,,,,,,,,,
Data,12,record,timestamp,"944861579",s,position_lat,"390005438",semicircles,position_long,"-1397673957",semicircles,distance,"16595.66",m,altitude,"17.399999999999977",m,speed,"3.014",m/s,unknown,"0",,unknown,"100",,heart_rate,"120",bpm,cadence,"0",rpm,fractional_cadence,"0.0",rpm,enhanced_altitude,"17.399999999999977",m,enhanced_speed,"3.014",m/s,,,,,,,,,,,,,,,,,,,,,,,,,,,,,,,,,,,,,,,,,,,,,,,,,,,,,,,,,,,,,,,,,,,,,,,,,,,,,,,,,,,,,,,,,,,,,,,,,,,,,,,,,,,,,,,,,,,,,,,,,,,,,,,,,,,,,,,,,,,,,,,,,,,,,,,,,,,,,,,,,,,
Data,12,record,timestamp,"944861583",s,position_lat,"390005474",semicircles,position_long,"-1397675410",semicircles,distance,"16607.08",m,altitude,"17.399999999999977",m,speed,"2.641",m/s,unknown,"0",,unknown,"100",,heart_rate,"123",bpm,cadence,"0",rpm,fractional_cadence,"0.0",rpm,enhanced_altitude,"17.399999999999977",m,enhanced_speed,"2.641",m/s,,,,,,,,,,,,,,,,,,,,,,,,,,,,,,,,,,,,,,,,,,,,,,,,,,,,,,,,,,,,,,,,,,,,,,,,,,,,,,,,,,,,,,,,,,,,,,,,,,,,,,,,,,,,,,,,,,,,,,,,,,,,,,,,,,,,,,,,,,,,,,,,,,,,,,,,,,,,,,,,,,,
Data,12,record,timestamp,"944861584",s,position_lat,"390005481",semicircles,position_long,"-1397675747",semicircles,distance,"16609.73",m,altitude,"17.399999999999977",m,speed,"2.622",m/s,unknown,"0",,unknown,"100",,heart_rate,"120",bpm,cadence,"0",rpm,fractional_cadence,"0.0",rpm,enhanced_altitude,"17.399999999999977",m,enhanced_speed,"2.622",m/s,,,,,,,,,,,,,,,,,,,,,,,,,,,,,,,,,,,,,,,,,,,,,,,,,,,,,,,,,,,,,,,,,,,,,,,,,,,,,,,,,,,,,,,,,,,,,,,,,,,,,,,,,,,,,,,,,,,,,,,,,,,,,,,,,,,,,,,,,,,,,,,,,,,,,,,,,,,,,,,,,,,
Data,12,record,timestamp,"944861588",s,position_lat,"390005335",semicircles,position_long,"-1397677178",semicircles,distance,"16621.05",m,altitude,"17.399999999999977",m,speed,"2.743",m/s,unknown,"0",,unknown,"100",,heart_rate,"120",bpm,cadence,"0",rpm,fractional_cadence,"0.0",rpm,enhanced_altitude,"17.399999999999977",m,enhanced_speed,"2.743",m/s,,,,,,,,,,,,,,,,,,,,,,,,,,,,,,,,,,,,,,,,,,,,,,,,,,,,,,,,,,,,,,,,,,,,,,,,,,,,,,,,,,,,,,,,,,,,,,,,,,,,,,,,,,,,,,,,,,,,,,,,,,,,,,,,,,,,,,,,,,,,,,,,,,,,,,,,,,,,,,,,,,,
Data,12,record,timestamp,"944861597",s,position_lat,"390005112",semicircles,position_long,"-1397680476",semicircles,distance,"16647.08",m,altitude,"17.399999999999977",m,speed,"2.706",m/s,unknown,"0",,unknown,"100",,heart_rate,"119",bpm,cadence,"0",rpm,fractional_cadence,"0.0",rpm,enhanced_altitude,"17.399999999999977",m,enhanced_speed,"2.706",m/s,,,,,,,,,,,,,,,,,,,,,,,,,,,,,,,,,,,,,,,,,,,,,,,,,,,,,,,,,,,,,,,,,,,,,,,,,,,,,,,,,,,,,,,,,,,,,,,,,,,,,,,,,,,,,,,,,,,,,,,,,,,,,,,,,,,,,,,,,,,,,,,,,,,,,,,,,,,,,,,,,,,
Data,12,record,timestamp,"944861607",s,position_lat,"390004850",semicircles,position_long,"-1397684189",semicircles,distance,"16676.34",m,altitude,"17.600000000000023",m,speed,"2.669",m/s,unknown,"0",,unknown,"100",,heart_rate,"120",bpm,cadence,"0",rpm,fractional_cadence,"0.0",rpm,enhanced_altitude,"17.600000000000023",m,enhanced_speed,"2.669",m/s,,,,,,,,,,,,,,,,,,,,,,,,,,,,,,,,,,,,,,,,,,,,,,,,,,,,,,,,,,,,,,,,,,,,,,,,,,,,,,,,,,,,,,,,,,,,,,,,,,,,,,,,,,,,,,,,,,,,,,,,,,,,,,,,,,,,,,,,,,,,,,,,,,,,,,,,,,,,,,,,,,,
Data,12,record,timestamp,"944861618",s,position_lat,"390004557",semicircles,position_long,"-1397687891",semicircles,distance,"16705.59",m,altitude,"17.399999999999977",m,speed,"2.753",m/s,unknown,"0",,unknown,"100",,heart_rate,"122",bpm,cadence,"0",rpm,fractional_cadence,"0.0",rpm,enhanced_altitude,"17.399999999999977",m,enhanced_speed,"2.753",m/s,,,,,,,,,,,,,,,,,,,,,,,,,,,,,,,,,,,,,,,,,,,,,,,,,,,,,,,,,,,,,,,,,,,,,,,,,,,,,,,,,,,,,,,,,,,,,,,,,,,,,,,,,,,,,,,,,,,,,,,,,,,,,,,,,,,,,,,,,,,,,,,,,,,,,,,,,,,,,,,,,,,
Data,12,record,timestamp,"944861626",s,position_lat,"390004626",semicircles,position_long,"-1397690723",semicircles,distance,"16727.73",m,altitude,"17.200000000000045",m,speed,"2.482",m/s,unknown,"0",,unknown,"100",,heart_rate,"119",bpm,cadence,"0",rpm,fractional_cadence,"0.0",rpm,enhanced_altitude,"17.200000000000045",m,enhanced_speed,"2.482",m/s,,,,,,,,,,,,,,,,,,,,,,,,,,,,,,,,,,,,,,,,,,,,,,,,,,,,,,,,,,,,,,,,,,,,,,,,,,,,,,,,,,,,,,,,,,,,,,,,,,,,,,,,,,,,,,,,,,,,,,,,,,,,,,,,,,,,,,,,,,,,,,,,,,,,,,,,,,,,,,,,,,,
Data,12,record,timestamp,"944861628",s,position_lat,"390004632",semicircles,position_long,"-1397691449",semicircles,distance,"16733.39",m,altitude,"17.200000000000045",m,speed,"2.715",m/s,unknown,"0",,unknown,"100",,heart_rate,"116",bpm,cadence,"0",rpm,fractional_cadence,"0.0",rpm,enhanced_altitude,"17.200000000000045",m,enhanced_speed,"2.715",m/s,,,,,,,,,,,,,,,,,,,,,,,,,,,,,,,,,,,,,,,,,,,,,,,,,,,,,,,,,,,,,,,,,,,,,,,,,,,,,,,,,,,,,,,,,,,,,,,,,,,,,,,,,,,,,,,,,,,,,,,,,,,,,,,,,,,,,,,,,,,,,,,,,,,,,,,,,,,,,,,,,,,
Data,12,record,timestamp,"944861632",s,position_lat,"390004670",semicircles,position_long,"-1397692875",semicircles,distance,"16744.49",m,altitude,"17.200000000000045",m,speed,"2.883",m/s,unknown,"0",,unknown,"100",,heart_rate,"119",bpm,cadence,"0",rpm,fractional_cadence,"0.0",rpm,enhanced_altitude,"17.200000000000045",m,enhanced_speed,"2.883",m/s,,,,,,,,,,,,,,,,,,,,,,,,,,,,,,,,,,,,,,,,,,,,,,,,,,,,,,,,,,,,,,,,,,,,,,,,,,,,,,,,,,,,,,,,,,,,,,,,,,,,,,,,,,,,,,,,,,,,,,,,,,,,,,,,,,,,,,,,,,,,,,,,,,,,,,,,,,,,,,,,,,,
Data,12,record,timestamp,"944861634",s,position_lat,"390004758",semicircles,position_long,"-1397693640",semicircles,distance,"16750.43",m,altitude,"17.200000000000045",m,speed,"2.463",m/s,unknown,"0",,unknown,"100",,heart_rate,"117",bpm,cadence,"0",rpm,fractional_cadence,"0.0",rpm,enhanced_altitude,"17.200000000000045",m,enhanced_speed,"2.463",m/s,,,,,,,,,,,,,,,,,,,,,,,,,,,,,,,,,,,,,,,,,,,,,,,,,,,,,,,,,,,,,,,,,,,,,,,,,,,,,,,,,,,,,,,,,,,,,,,,,,,,,,,,,,,,,,,,,,,,,,,,,,,,,,,,,,,,,,,,,,,,,,,,,,,,,,,,,,,,,,,,,,,
Data,12,record,timestamp,"944861638",s,position_lat,"390004639",semicircles,position_long,"-1397695181",semicircles,distance,"16762.6",m,altitude,"17.200000000000045",m,speed,"2.921",m/s,unknown,"0",,unknown,"100",,heart_rate,"114",bpm,cadence,"0",rpm,fractional_cadence,"0.0",rpm,enhanced_altitude,"17.200000000000045",m,enhanced_speed,"2.921",m/s,,,,,,,,,,,,,,,,,,,,,,,,,,,,,,,,,,,,,,,,,,,,,,,,,,,,,,,,,,,,,,,,,,,,,,,,,,,,,,,,,,,,,,,,,,,,,,,,,,,,,,,,,,,,,,,,,,,,,,,,,,,,,,,,,,,,,,,,,,,,,,,,,,,,,,,,,,,,,,,,,,,
Data,12,record,timestamp,"944861642",s,position_lat,"390004463",semicircles,position_long,"-1397696643",semicircles,distance,"16774.2",m,altitude,"17.200000000000045",m,speed,"2.911",m/s,unknown,"0",,unknown,"100",,heart_rate,"114",bpm,cadence,"0",rpm,fractional_cadence,"0.0",rpm,enhanced_altitude,"17.200000000000045",m,enhanced_speed,"2.911",m/s,,,,,,,,,,,,,,,,,,,,,,,,,,,,,,,,,,,,,,,,,,,,,,,,,,,,,,,,,,,,,,,,,,,,,,,,,,,,,,,,,,,,,,,,,,,,,,,,,,,,,,,,,,,,,,,,,,,,,,,,,,,,,,,,,,,,,,,,,,,,,,,,,,,,,,,,,,,,,,,,,,,
Data,12,record,timestamp,"944861648",s,position_lat,"390004404",semicircles,position_long,"-1397698608",semicircles,distance,"16789.48",m,altitude,"17.0",m,speed,"2.51",m/s,unknown,"0",,unknown,"100",,heart_rate,"119",bpm,cadence,"75",rpm,fractional_cadence,"0.0",rpm,enhanced_altitude,"17.0",m,enhanced_speed,"2.51",m/s,,,,,,,,,,,,,,,,,,,,,,,,,,,,,,,,,,,,,,,,,,,,,,,,,,,,,,,,,,,,,,,,,,,,,,,,,,,,,,,,,,,,,,,,,,,,,,,,,,,,,,,,,,,,,,,,,,,,,,,,,,,,,,,,,,,,,,,,,,,,,,,,,,,,,,,,,,,,,,,,,,,
Data,12,record,timestamp,"944861650",s,position_lat,"390004283",semicircles,position_long,"-1397699261",semicircles,distance,"16794.73",m,altitude,"17.0",m,speed,"2.501",m/s,unknown,"0",,unknown,"100",,heart_rate,"119",bpm,cadence,"75",rpm,fractional_cadence,"0.0",rpm,enhanced_altitude,"17.0",m,enhanced_speed,"2.501",m/s,,,,,,,,,,,,,,,,,,,,,,,,,,,,,,,,,,,,,,,,,,,,,,,,,,,,,,,,,,,,,,,,,,,,,,,,,,,,,,,,,,,,,,,,,,,,,,,,,,,,,,,,,,,,,,,,,,,,,,,,,,,,,,,,,,,,,,,,,,,,,,,,,,,,,,,,,,,,,,,,,,,
Data,12,record,timestamp,"944861657",s,position_lat,"390004038",semicircles,position_long,"-1397701889",semicircles,distance,"16815.71",m,altitude,"17.0",m,speed,"2.827",m/s,unknown,"0",,unknown,"100",,heart_rate,"119",bpm,cadence,"0",rpm,fractional_cadence,"0.0",rpm,enhanced_altitude,"17.0",m,enhanced_speed,"2.827",m/s,,,,,,,,,,,,,,,,,,,,,,,,,,,,,,,,,,,,,,,,,,,,,,,,,,,,,,,,,,,,,,,,,,,,,,,,,,,,,,,,,,,,,,,,,,,,,,,,,,,,,,,,,,,,,,,,,,,,,,,,,,,,,,,,,,,,,,,,,,,,,,,,,,,,,,,,,,,,,,,,,,,
Data,12,record,timestamp,"944861666",s,position_lat,"390004242",semicircles,position_long,"-1397705195",semicircles,distance,"16841.78",m,altitude,"16.799999999999955",m,speed,"2.631",m/s,unknown,"0",,unknown,"100",,heart_rate,"121",bpm,cadence,"0",rpm,fractional_cadence,"0.0",rpm,enhanced_altitude,"16.799999999999955",m,enhanced_speed,"2.631",m/s,,,,,,,,,,,,,,,,,,,,,,,,,,,,,,,,,,,,,,,,,,,,,,,,,,,,,,,,,,,,,,,,,,,,,,,,,,,,,,,,,,,,,,,,,,,,,,,,,,,,,,,,,,,,,,,,,,,,,,,,,,,,,,,,,,,,,,,,,,,,,,,,,,,,,,,,,,,,,,,,,,,
Data,12,record,timestamp,"944861674",s,position_lat,"390004374",semicircles,position_long,"-1397707977",semicircles,distance,"16863.71",m,altitude,"16.799999999999955",m,speed,"2.641",m/s,unknown,"0",,unknown,"100",,heart_rate,"123",bpm,cadence,"0",rpm,fractional_cadence,"0.0",rpm,enhanced_altitude,"16.799999999999955",m,enhanced_speed,"2.641",m/s,,,,,,,,,,,,,,,,,,,,,,,,,,,,,,,,,,,,,,,,,,,,,,,,,,,,,,,,,,,,,,,,,,,,,,,,,,,,,,,,,,,,,,,,,,,,,,,,,,,,,,,,,,,,,,,,,,,,,,,,,,,,,,,,,,,,,,,,,,,,,,,,,,,,,,,,,,,,,,,,,,,
Data,12,record,timestamp,"944861676",s,position_lat,"390004305",semicircles,position_long,"-1397708619",semicircles,distance,"16868.74",m,altitude,"16.799999999999955",m,speed,"2.398",m/s,unknown,"0",,unknown,"300",,heart_rate,"119",bpm,cadence,"0",rpm,fractional_cadence,"0.0",rpm,enhanced_altitude,"16.799999999999955",m,enhanced_speed,"2.398",m/s,,,,,,,,,,,,,,,,,,,,,,,,,,,,,,,,,,,,,,,,,,,,,,,,,,,,,,,,,,,,,,,,,,,,,,,,,,,,,,,,,,,,,,,,,,,,,,,,,,,,,,,,,,,,,,,,,,,,,,,,,,,,,,,,,,,,,,,,,,,,,,,,,,,,,,,,,,,,,,,,,,,
Data,12,record,timestamp,"944861678",s,position_lat,"390004329",semicircles,position_long,"-1397709251",semicircles,distance,"16873.73",m,altitude,"16.799999999999955",m,speed,"2.389",m/s,unknown,"0",,unknown,"300",,heart_rate,"116",bpm,cadence,"0",rpm,fractional_cadence,"0.0",rpm,enhanced_altitude,"16.799999999999955",m,enhanced_speed,"2.389",m/s,,,,,,,,,,,,,,,,,,,,,,,,,,,,,,,,,,,,,,,,,,,,,,,,,,,,,,,,,,,,,,,,,,,,,,,,,,,,,,,,,,,,,,,,,,,,,,,,,,,,,,,,,,,,,,,,,,,,,,,,,,,,,,,,,,,,,,,,,,,,,,,,,,,,,,,,,,,,,,,,,,,
Data,12,record,timestamp,"944861682",s,position_lat,"390004382",semicircles,position_long,"-1397710566",semicircles,distance,"16884.08",m,altitude,"16.600000000000023",m,speed,"2.622",m/s,unknown,"0",,unknown,"100",,heart_rate,"115",bpm,cadence,"0",rpm,fractional_cadence,"0.0",rpm,enhanced_altitude,"16.600000000000023",m,enhanced_speed,"2.622",m/s,,,,,,,,,,,,,,,,,,,,,,,,,,,,,,,,,,,,,,,,,,,,,,,,,,,,,,,,,,,,,,,,,,,,,,,,,,,,,,,,,,,,,,,,,,,,,,,,,,,,,,,,,,,,,,,,,,,,,,,,,,,,,,,,,,,,,,,,,,,,,,,,,,,,,,,,,,,,,,,,,,,
Data,12,record,timestamp,"944861692",s,position_lat,"390004497",semicircles,position_long,"-1397714120",semicircles,distance,"16912.07",m,altitude,"16.600000000000023",m,speed,"2.967",m/s,unknown,"0",,unknown,"100",,heart_rate,"116",bpm,cadence,"0",rpm,fractional_cadence,"0.0",rpm,enhanced_altitude,"16.600000000000023",m,enhanced_speed,"2.967",m/s,,,,,,,,,,,,,,,,,,,,,,,,,,,,,,,,,,,,,,,,,,,,,,,,,,,,,,,,,,,,,,,,,,,,,,,,,,,,,,,,,,,,,,,,,,,,,,,,,,,,,,,,,,,,,,,,,,,,,,,,,,,,,,,,,,,,,,,,,,,,,,,,,,,,,,,,,,,,,,,,,,,
Data,12,record,timestamp,"944861695",s,position_lat,"390004563",semicircles,position_long,"-1397715204",semicircles,distance,"16920.62",m,altitude,"16.600000000000023",m,speed,"2.706",m/s,unknown,"0",,unknown,"100",,heart_rate,"113",bpm,cadence,"0",rpm,fractional_cadence,"0.0",rpm,enhanced_altitude,"16.600000000000023",m,enhanced_speed,"2.706",m/s,,,,,,,,,,,,,,,,,,,,,,,,,,,,,,,,,,,,,,,,,,,,,,,,,,,,,,,,,,,,,,,,,,,,,,,,,,,,,,,,,,,,,,,,,,,,,,,,,,,,,,,,,,,,,,,,,,,,,,,,,,,,,,,,,,,,,,,,,,,,,,,,,,,,,,,,,,,,,,,,,,,
Data,12,record,timestamp,"944861702",s,position_lat,"390004587",semicircles,position_long,"-1397717846",semicircles,distance,"16941.39",m,altitude,"16.600000000000023",m,speed,"2.874",m/s,unknown,"0",,unknown,"100",,heart_rate,"109",bpm,cadence,"0",rpm,fractional_cadence,"0.0",rpm,enhanced_altitude,"16.600000000000023",m,enhanced_speed,"2.874",m/s,,,,,,,,,,,,,,,,,,,,,,,,,,,,,,,,,,,,,,,,,,,,,,,,,,,,,,,,,,,,,,,,,,,,,,,,,,,,,,,,,,,,,,,,,,,,,,,,,,,,,,,,,,,,,,,,,,,,,,,,,,,,,,,,,,,,,,,,,,,,,,,,,,,,,,,,,,,,,,,,,,,
Data,12,record,timestamp,"944861712",s,position_lat,"390005177",semicircles,position_long,"-1397721447",semicircles,distance,"16970.23",m,altitude,"16.799999999999955",m,speed,"2.753",m/s,unknown,"0",,unknown,"100",,heart_rate,"108",bpm,cadence,"0",rpm,fractional_cadence,"0.0",rpm,enhanced_altitude,"16.799999999999955",m,enhanced_speed,"2.753",m/s,,,,,,,,,,,,,,,,,,,,,,,,,,,,,,,,,,,,,,,,,,,,,,,,,,,,,,,,,,,,,,,,,,,,,,,,,,,,,,,,,,,,,,,,,,,,,,,,,,,,,,,,,,,,,,,,,,,,,,,,,,,,,,,,,,,,,,,,,,,,,,,,,,,,,,,,,,,,,,,,,,,
Data,12,record,timestamp,"944861720",s,position_lat,"390005371",semicircles,position_long,"-1397724243",semicircles,distance,"16992.28",m,altitude,"17.0",m,speed,"2.837",m/s,unknown,"0",,unknown,"100",,heart_rate,"105",bpm,cadence,"0",rpm,fractional_cadence,"0.0",rpm,enhanced_altitude,"17.0",m,enhanced_speed,"2.837",m/s,,,,,,,,,,,,,,,,,,,,,,,,,,,,,,,,,,,,,,,,,,,,,,,,,,,,,,,,,,,,,,,,,,,,,,,,,,,,,,,,,,,,,,,,,,,,,,,,,,,,,,,,,,,,,,,,,,,,,,,,,,,,,,,,,,,,,,,,,,,,,,,,,,,,,,,,,,,,,,,,,,,
Data,12,record,timestamp,"944861721",s,position_lat,"390005389",semicircles,position_long,"-1397724575",semicircles,distance,"16994.89",m,altitude,"17.0",m,speed,"2.734",m/s,unknown,"0",,unknown,"100",,heart_rate,"107",bpm,cadence,"0",rpm,fractional_cadence,"0.0",rpm,enhanced_altitude,"17.0",m,enhanced_speed,"2.734",m/s,,,,,,,,,,,,,,,,,,,,,,,,,,,,,,,,,,,,,,,,,,,,,,,,,,,,,,,,,,,,,,,,,,,,,,,,,,,,,,,,,,,,,,,,,,,,,,,,,,,,,,,,,,,,,,,,,,,,,,,,,,,,,,,,,,,,,,,,,,,,,,,,,,,,,,,,,,,,,,,,,,,
Data,12,record,timestamp,"944861727",s,position_lat,"390005093",semicircles,position_long,"-1397726608",semicircles,distance,"17011.02",m,altitude,"17.0",m,speed,"2.547",m/s,unknown,"0",,unknown,"100",,heart_rate,"110",bpm,cadence,"0",rpm,fractional_cadence,"0.0",rpm,enhanced_altitude,"17.0",m,enhanced_speed,"2.547",m/s,,,,,,,,,,,,,,,,,,,,,,,,,,,,,,,,,,,,,,,,,,,,,,,,,,,,,,,,,,,,,,,,,,,,,,,,,,,,,,,,,,,,,,,,,,,,,,,,,,,,,,,,,,,,,,,,,,,,,,,,,,,,,,,,,,,,,,,,,,,,,,,,,,,,,,,,,,,,,,,,,,,
Data,12,record,timestamp,"944861728",s,position_lat,"390005064",semicircles,position_long,"-1397726920",semicircles,distance,"17013.45",m,altitude,"17.0",m,speed,"2.501",m/s,unknown,"0",,unknown,"100",,heart_rate,"111",bpm,cadence,"0",rpm,fractional_cadence,"0.0",rpm,enhanced_altitude,"17.0",m,enhanced_speed,"2.501",m/s,,,,,,,,,,,,,,,,,,,,,,,,,,,,,,,,,,,,,,,,,,,,,,,,,,,,,,,,,,,,,,,,,,,,,,,,,,,,,,,,,,,,,,,,,,,,,,,,,,,,,,,,,,,,,,,,,,,,,,,,,,,,,,,,,,,,,,,,,,,,,,,,,,,,,,,,,,,,,,,,,,,
Data,12,record,timestamp,"944861736",s,position_lat,"390004947",semicircles,position_long,"-1397729619",semicircles,distance,"17034.69",m,altitude,"17.399999999999977",m,speed,"2.585",m/s,unknown,"0",,unknown,"100",,heart_rate,"110",bpm,cadence,"0",rpm,fractional_cadence,"0.0",rpm,enhanced_altitude,"17.399999999999977",m,enhanced_speed,"2.585",m/s,,,,,,,,,,,,,,,,,,,,,,,,,,,,,,,,,,,,,,,,,,,,,,,,,,,,,,,,,,,,,,,,,,,,,,,,,,,,,,,,,,,,,,,,,,,,,,,,,,,,,,,,,,,,,,,,,,,,,,,,,,,,,,,,,,,,,,,,,,,,,,,,,,,,,,,,,,,,,,,,,,,
Data,12,record,timestamp,"944861743",s,position_lat,"390004807",semicircles,position_long,"-1397732023",semicircles,distance,"17053.66",m,altitude,"17.399999999999977",m,speed,"2.379",m/s,unknown,"0",,unknown,"100",,heart_rate,"107",bpm,cadence,"0",rpm,fractional_cadence,"0.0",rpm,enhanced_altitude,"17.399999999999977",m,enhanced_speed,"2.379",m/s,,,,,,,,,,,,,,,,,,,,,,,,,,,,,,,,,,,,,,,,,,,,,,,,,,,,,,,,,,,,,,,,,,,,,,,,,,,,,,,,,,,,,,,,,,,,,,,,,,,,,,,,,,,,,,,,,,,,,,,,,,,,,,,,,,,,,,,,,,,,,,,,,,,,,,,,,,,,,,,,,,,
Data,12,record,timestamp,"944861746",s,position_lat,"390004779",semicircles,position_long,"-1397733082",semicircles,distance,"17062.0",m,altitude,"17.399999999999977",m,speed,"2.753",m/s,unknown,"0",,unknown,"100",,heart_rate,"108",bpm,cadence,"0",rpm,fractional_cadence,"0.0",rpm,enhanced_altitude,"17.399999999999977",m,enhanced_speed,"2.753",m/s,,,,,,,,,,,,,,,,,,,,,,,,,,,,,,,,,,,,,,,,,,,,,,,,,,,,,,,,,,,,,,,,,,,,,,,,,,,,,,,,,,,,,,,,,,,,,,,,,,,,,,,,,,,,,,,,,,,,,,,,,,,,,,,,,,,,,,,,,,,,,,,,,,,,,,,,,,,,,,,,,,,
Data,12,record,timestamp,"944861756",s,position_lat,"390004669",semicircles,position_long,"-1397736668",semicircles,distance,"17090.22",m,altitude,"17.200000000000045",m,speed,"3.014",m/s,unknown,"0",,unknown,"100",,heart_rate,"109",bpm,cadence,"0",rpm,fractional_cadence,"0.0",rpm,enhanced_altitude,"17.200000000000045",m,enhanced_speed,"3.014",m/s,,,,,,,,,,,,,,,,,,,,,,,,,,,,,,,,,,,,,,,,,,,,,,,,,,,,,,,,,,,,,,,,,,,,,,,,,,,,,,,,,,,,,,,,,,,,,,,,,,,,,,,,,,,,,,,,,,,,,,,,,,,,,,,,,,,,,,,,,,,,,,,,,,,,,,,,,,,,,,,,,,,
Data,12,record,timestamp,"944861758",s,position_lat,"390004725",semicircles,position_long,"-1397737427",semicircles,distance,"17096.21",m,altitude,"17.200000000000045",m,speed,"2.827",m/s,unknown,"0",,unknown,"100",,heart_rate,"106",bpm,cadence,"0",rpm,fractional_cadence,"0.0",rpm,enhanced_altitude,"17.200000000000045",m,enhanced_speed,"2.827",m/s,,,,,,,,,,,,,,,,,,,,,,,,,,,,,,,,,,,,,,,,,,,,,,,,,,,,,,,,,,,,,,,,,,,,,,,,,,,,,,,,,,,,,,,,,,,,,,,,,,,,,,,,,,,,,,,,,,,,,,,,,,,,,,,,,,,,,,,,,,,,,,,,,,,,,,,,,,,,,,,,,,,
Data,12,record,timestamp,"944861765",s,position_lat,"390004910",semicircles,position_long,"-1397739884",semicircles,distance,"17115.6",m,altitude,"17.200000000000045",m,speed,"2.687",m/s,unknown,"0",,unknown,"100",,heart_rate,"106",bpm,cadence,"0",rpm,fractional_cadence,"0.0",rpm,enhanced_altitude,"17.200000000000045",m,enhanced_speed,"2.687",m/s,,,,,,,,,,,,,,,,,,,,,,,,,,,,,,,,,,,,,,,,,,,,,,,,,,,,,,,,,,,,,,,,,,,,,,,,,,,,,,,,,,,,,,,,,,,,,,,,,,,,,,,,,,,,,,,,,,,,,,,,,,,,,,,,,,,,,,,,,,,,,,,,,,,,,,,,,,,,,,,,,,,
Data,12,record,timestamp,"944861774",s,position_lat,"390005169",semicircles,position_long,"-1397743281",semicircles,distance,"17142.37",m,altitude,"17.0",m,speed,"2.762",m/s,unknown,"0",,unknown,"100",,heart_rate,"104",bpm,cadence,"0",rpm,fractional_cadence,"0.0",rpm,enhanced_altitude,"17.0",m,enhanced_speed,"2.762",m/s,,,,,,,,,,,,,,,,,,,,,,,,,,,,,,,,,,,,,,,,,,,,,,,,,,,,,,,,,,,,,,,,,,,,,,,,,,,,,,,,,,,,,,,,,,,,,,,,,,,,,,,,,,,,,,,,,,,,,,,,,,,,,,,,,,,,,,,,,,,,,,,,,,,,,,,,,,,,,,,,,,,
Data,12,record,timestamp,"944861776",s,position_lat,"390005315",semicircles,position_long,"-1397744117",semicircles,distance,"17149.08",m,altitude,"17.0",m,speed,"2.939",m/s,unknown,"0",,unknown,"100",,heart_rate,"100",bpm,cadence,"0",rpm,fractional_cadence,"0.0",rpm,enhanced_altitude,"17.0",m,enhanced_speed,"2.939",m/s,,,,,,,,,,,,,,,,,,,,,,,,,,,,,,,,,,,,,,,,,,,,,,,,,,,,,,,,,,,,,,,,,,,,,,,,,,,,,,,,,,,,,,,,,,,,,,,,,,,,,,,,,,,,,,,,,,,,,,,,,,,,,,,,,,,,,,,,,,,,,,,,,,,,,,,,,,,,,,,,,,,
Data,12,record,timestamp,"944861778",s,position_lat,"390005392",semicircles,position_long,"-1397744920",semicircles,distance,"17155.45",m,altitude,"17.0",m,speed,"2.613",m/s,unknown,"0",,unknown,"100",,heart_rate,"103",bpm,cadence,"0",rpm,fractional_cadence,"0.0",rpm,enhanced_altitude,"17.0",m,enhanced_speed,"2.613",m/s,,,,,,,,,,,,,,,,,,,,,,,,,,,,,,,,,,,,,,,,,,,,,,,,,,,,,,,,,,,,,,,,,,,,,,,,,,,,,,,,,,,,,,,,,,,,,,,,,,,,,,,,,,,,,,,,,,,,,,,,,,,,,,,,,,,,,,,,,,,,,,,,,,,,,,,,,,,,,,,,,,,
Data,12,record,timestamp,"944861781",s,position_lat,"390005471",semicircles,position_long,"-1397746069",semicircles,distance,"17164.51",m,altitude,"17.0",m,speed,"2.547",m/s,unknown,"0",,unknown,"100",,heart_rate,"102",bpm,cadence,"0",rpm,fractional_cadence,"0.0",rpm,enhanced_altitude,"17.0",m,enhanced_speed,"2.547",m/s,,,,,,,,,,,,,,,,,,,,,,,,,,,,,,,,,,,,,,,,,,,,,,,,,,,,,,,,,,,,,,,,,,,,,,,,,,,,,,,,,,,,,,,,,,,,,,,,,,,,,,,,,,,,,,,,,,,,,,,,,,,,,,,,,,,,,,,,,,,,,,,,,,,,,,,,,,,,,,,,,,,
Data,12,record,timestamp,"944861786",s,position_lat,"390005529",semicircles,position_long,"-1397748030",semicircles,distance,"17180.0",m,altitude,"17.200000000000045",m,speed,"2.65",m/s,unknown,"0",,unknown,"100",,heart_rate,"100",bpm,cadence,"0",rpm,fractional_cadence,"0.0",rpm,enhanced_altitude,"17.200000000000045",m,enhanced_speed,"2.65",m/s,,,,,,,,,,,,,,,,,,,,,,,,,,,,,,,,,,,,,,,,,,,,,,,,,,,,,,,,,,,,,,,,,,,,,,,,,,,,,,,,,,,,,,,,,,,,,,,,,,,,,,,,,,,,,,,,,,,,,,,,,,,,,,,,,,,,,,,,,,,,,,,,,,,,,,,,,,,,,,,,,,,
Data,12,record,timestamp,"944861789",s,position_lat,"390005567",semicircles,position_long,"-1397749044",semicircles,distance,"17187.97",m,altitude,"17.799999999999955",m,speed,"2.529",m/s,unknown,"0",,unknown,"100",,heart_rate,"107",bpm,cadence,"0",rpm,fractional_cadence,"0.0",rpm,enhanced_altitude,"17.799999999999955",m,enhanced_speed,"2.529",m/s,,,,,,,,,,,,,,,,,,,,,,,,,,,,,,,,,,,,,,,,,,,,,,,,,,,,,,,,,,,,,,,,,,,,,,,,,,,,,,,,,,,,,,,,,,,,,,,,,,,,,,,,,,,,,,,,,,,,,,,,,,,,,,,,,,,,,,,,,,,,,,,,,,,,,,,,,,,,,,,,,,,
Data,12,record,timestamp,"944861790",s,position_lat,"390005639",semicircles,position_long,"-1397749358",semicircles,distance,"17190.52",m,altitude,"17.799999999999955",m,speed,"2.426",m/s,unknown,"0",,unknown,"100",,heart_rate,"111",bpm,cadence,"0",rpm,fractional_cadence,"0.0",rpm,enhanced_altitude,"17.799999999999955",m,enhanced_speed,"2.426",m/s,,,,,,,,,,,,,,,,,,,,,,,,,,,,,,,,,,,,,,,,,,,,,,,,,,,,,,,,,,,,,,,,,,,,,,,,,,,,,,,,,,,,,,,,,,,,,,,,,,,,,,,,,,,,,,,,,,,,,,,,,,,,,,,,,,,,,,,,,,,,,,,,,,,,,,,,,,,,,,,,,,,
Data,12,record,timestamp,"944861791",s,position_lat,"390005736",semicircles,position_long,"-1397749628",semicircles,distance,"17192.82",m,altitude,"18.0",m,speed,"2.211",m/s,unknown,"0",,unknown,"100",,heart_rate,"116",bpm,cadence,"0",rpm,fractional_cadence,"0.0",rpm,enhanced_altitude,"18.0",m,enhanced_speed,"2.211",m/s,,,,,,,,,,,,,,,,,,,,,,,,,,,,,,,,,,,,,,,,,,,,,,,,,,,,,,,,,,,,,,,,,,,,,,,,,,,,,,,,,,,,,,,,,,,,,,,,,,,,,,,,,,,,,,,,,,,,,,,,,,,,,,,,,,,,,,,,,,,,,,,,,,,,,,,,,,,,,,,,,,,
Data,12,record,timestamp,"944861792",s,position_lat,"390005845",semicircles,position_long,"-1397749851",semicircles,distance,"17194.84",m,altitude,"18.0",m,speed,"2.137",m/s,unknown,"0",,unknown,"100",,heart_rate,"121",bpm,cadence,"0",rpm,fractional_cadence,"0.0",rpm,enhanced_altitude,"18.0",m,enhanced_speed,"2.137",m/s,,,,,,,,,,,,,,,,,,,,,,,,,,,,,,,,,,,,,,,,,,,,,,,,,,,,,,,,,,,,,,,,,,,,,,,,,,,,,,,,,,,,,,,,,,,,,,,,,,,,,,,,,,,,,,,,,,,,,,,,,,,,,,,,,,,,,,,,,,,,,,,,,,,,,,,,,,,,,,,,,,,
Data,12,record,timestamp,"944861793",s,position_lat,"390005954",semicircles,position_long,"-1397750002",semicircles,distance,"17196.39",m,altitude,"18.0",m,speed,"1.708",m/s,unknown,"0",,unknown,"100",,heart_rate,"125",bpm,cadence,"0",rpm,fractional_cadence,"0.0",rpm,enhanced_altitude,"18.0",m,enhanced_speed,"1.708",m/s,,,,,,,,,,,,,,,,,,,,,,,,,,,,,,,,,,,,,,,,,,,,,,,,,,,,,,,,,,,,,,,,,,,,,,,,,,,,,,,,,,,,,,,,,,,,,,,,,,,,,,,,,,,,,,,,,,,,,,,,,,,,,,,,,,,,,,,,,,,,,,,,,,,,,,,,,,,,,,,,,,,
Data,12,record,timestamp,"944861794",s,position_lat,"390006111",semicircles,position_long,"-1397750050",semicircles,distance,"17197.9",m,altitude,"18.0",m,speed,"1.866",m/s,unknown,"0",,unknown,"100",,heart_rate,"129",bpm,cadence,"0",rpm,fractional_cadence,"0.0",rpm,enhanced_altitude,"18.0",m,enhanced_speed,"1.866",m/s,,,,,,,,,,,,,,,,,,,,,,,,,,,,,,,,,,,,,,,,,,,,,,,,,,,,,,,,,,,,,,,,,,,,,,,,,,,,,,,,,,,,,,,,,,,,,,,,,,,,,,,,,,,,,,,,,,,,,,,,,,,,,,,,,,,,,,,,,,,,,,,,,,,,,,,,,,,,,,,,,,,
Data,12,record,timestamp,"944861795",s,position_lat,"390006327",semicircles,position_long,"-1397750050",semicircles,distance,"17199.9",m,altitude,"18.200000000000045",m,speed,"2.137",m/s,unknown,"0",,unknown,"100",,heart_rate,"132",bpm,cadence,"0",rpm,fractional_cadence,"0.0",rpm,enhanced_altitude,"18.200000000000045",m,enhanced_speed,"2.137",m/s,,,,,,,,,,,,,,,,,,,,,,,,,,,,,,,,,,,,,,,,,,,,,,,,,,,,,,,,,,,,,,,,,,,,,,,,,,,,,,,,,,,,,,,,,,,,,,,,,,,,,,,,,,,,,,,,,,,,,,,,,,,,,,,,,,,,,,,,,,,,,,,,,,,,,,,,,,,,,,,,,,,
Data,12,record,timestamp,"944861796",s,position_lat,"390006565",semicircles,position_long,"-1397750049",semicircles,distance,"17202.11",m,altitude,"18.200000000000045",m,speed,"2.109",m/s,unknown,"0",,unknown,"100",,heart_rate,"135",bpm,cadence,"0",rpm,fractional_cadence,"0.0",rpm,enhanced_altitude,"18.200000000000045",m,enhanced_speed,"2.109",m/s,,,,,,,,,,,,,,,,,,,,,,,,,,,,,,,,,,,,,,,,,,,,,,,,,,,,,,,,,,,,,,,,,,,,,,,,,,,,,,,,,,,,,,,,,,,,,,,,,,,,,,,,,,,,,,,,,,,,,,,,,,,,,,,,,,,,,,,,,,,,,,,,,,,,,,,,,,,,,,,,,,,
Data,12,record,timestamp,"944861798",s,position_lat,"390007048",semicircles,position_long,"-1397750019",semicircles,distance,"17206.61",m,altitude,"18.200000000000045",m,speed,"2.193",m/s,unknown,"0",,unknown,"100",,heart_rate,"139",bpm,cadence,"0",rpm,fractional_cadence,"0.0",rpm,enhanced_altitude,"18.200000000000045",m,enhanced_speed,"2.193",m/s,,,,,,,,,,,,,,,,,,,,,,,,,,,,,,,,,,,,,,,,,,,,,,,,,,,,,,,,,,,,,,,,,,,,,,,,,,,,,,,,,,,,,,,,,,,,,,,,,,,,,,,,,,,,,,,,,,,,,,,,,,,,,,,,,,,,,,,,,,,,,,,,,,,,,,,,,,,,,,,,,,,
Data,12,record,timestamp,"944861800",s,position_lat,"390007527",semicircles,position_long,"-1397749898",semicircles,distance,"17211.16",m,altitude,"18.0",m,speed,"2.249",m/s,unknown,"0",,unknown,"100",,heart_rate,"142",bpm,cadence,"0",rpm,fractional_cadence,"0.0",rpm,enhanced_altitude,"18.0",m,enhanced_speed,"2.249",m/s,,,,,,,,,,,,,,,,,,,,,,,,,,,,,,,,,,,,,,,,,,,,,,,,,,,,,,,,,,,,,,,,,,,,,,,,,,,,,,,,,,,,,,,,,,,,,,,,,,,,,,,,,,,,,,,,,,,,,,,,,,,,,,,,,,,,,,,,,,,,,,,,,,,,,,,,,,,,,,,,,,,
Data,12,record,timestamp,"944861801",s,position_lat,"390007761",semicircles,position_long,"-1397749882",semicircles,distance,"17213.34",m,altitude,"17.799999999999955",m,speed,"2.099",m/s,unknown,"0",,unknown,"100",,heart_rate,"145",bpm,cadence,"0",rpm,fractional_cadence,"0.0",rpm,enhanced_altitude,"17.799999999999955",m,enhanced_speed,"2.099",m/s,,,,,,,,,,,,,,,,,,,,,,,,,,,,,,,,,,,,,,,,,,,,,,,,,,,,,,,,,,,,,,,,,,,,,,,,,,,,,,,,,,,,,,,,,,,,,,,,,,,,,,,,,,,,,,,,,,,,,,,,,,,,,,,,,,,,,,,,,,,,,,,,,,,,,,,,,,,,,,,,,,,
Data,12,record,timestamp,"944861802",s,position_lat,"390007970",semicircles,position_long,"-1397749859",semicircles,distance,"17215.27",m,altitude,"17.799999999999955",m,speed,"2.09",m/s,unknown,"0",,unknown,"100",,heart_rate,"145",bpm,cadence,"0",rpm,fractional_cadence,"0.0",rpm,enhanced_altitude,"17.799999999999955",m,enhanced_speed,"2.09",m/s,,,,,,,,,,,,,,,,,,,,,,,,,,,,,,,,,,,,,,,,,,,,,,,,,,,,,,,,,,,,,,,,,,,,,,,,,,,,,,,,,,,,,,,,,,,,,,,,,,,,,,,,,,,,,,,,,,,,,,,,,,,,,,,,,,,,,,,,,,,,,,,,,,,,,,,,,,,,,,,,,,,
Data,12,record,timestamp,"944861805",s,position_lat,"390008728",semicircles,position_long,"-1397749878",semicircles,distance,"17222.3",m,altitude,"17.600000000000023",m,speed,"2.221",m/s,unknown,"0",,unknown,"100",,heart_rate,"148",bpm,cadence,"0",rpm,fractional_cadence,"0.0",rpm,enhanced_altitude,"17.600000000000023",m,enhanced_speed,"2.221",m/s,,,,,,,,,,,,,,,,,,,,,,,,,,,,,,,,,,,,,,,,,,,,,,,,,,,,,,,,,,,,,,,,,,,,,,,,,,,,,,,,,,,,,,,,,,,,,,,,,,,,,,,,,,,,,,,,,,,,,,,,,,,,,,,,,,,,,,,,,,,,,,,,,,,,,,,,,,,,,,,,,,,
Data,12,record,timestamp,"944861807",s,position_lat,"390009268",semicircles,position_long,"-1397749895",semicircles,distance,"17227.3",m,altitude,"17.600000000000023",m,speed,"2.323",m/s,unknown,"0",,unknown,"100",,heart_rate,"152",bpm,cadence,"0",rpm,fractional_cadence,"0.0",rpm,enhanced_altitude,"17.600000000000023",m,enhanced_speed,"2.323",m/s,,,,,,,,,,,,,,,,,,,,,,,,,,,,,,,,,,,,,,,,,,,,,,,,,,,,,,,,,,,,,,,,,,,,,,,,,,,,,,,,,,,,,,,,,,,,,,,,,,,,,,,,,,,,,,,,,,,,,,,,,,,,,,,,,,,,,,,,,,,,,,,,,,,,,,,,,,,,,,,,,,,
Data,12,record,timestamp,"944861814",s,position_lat,"390011043",semicircles,position_long,"-1397750076",semicircles,distance,"17243.86",m,altitude,"17.399999999999977",m,speed,"2.034",m/s,unknown,"0",,unknown,"100",,heart_rate,"153",bpm,cadence,"0",rpm,fractional_cadence,"0.0",rpm,enhanced_altitude,"17.399999999999977",m,enhanced_speed,"2.034",m/s,,,,,,,,,,,,,,,,,,,,,,,,,,,,,,,,,,,,,,,,,,,,,,,,,,,,,,,,,,,,,,,,,,,,,,,,,,,,,,,,,,,,,,,,,,,,,,,,,,,,,,,,,,,,,,,,,,,,,,,,,,,,,,,,,,,,,,,,,,,,,,,,,,,,,,,,,,,,,,,,,,,
Data,12,record,timestamp,"944861818",s,position_lat,"390012020",semicircles,position_long,"-1397750282",semicircles,distance,"17253.08",m,altitude,"17.399999999999977",m,speed,"2.333",m/s,unknown,"0",,unknown,"100",,heart_rate,"150",bpm,cadence,"0",rpm,fractional_cadence,"0.0",rpm,enhanced_altitude,"17.399999999999977",m,enhanced_speed,"2.333",m/s,,,,,,,,,,,,,,,,,,,,,,,,,,,,,,,,,,,,,,,,,,,,,,,,,,,,,,,,,,,,,,,,,,,,,,,,,,,,,,,,,,,,,,,,,,,,,,,,,,,,,,,,,,,,,,,,,,,,,,,,,,,,,,,,,,,,,,,,,,,,,,,,,,,,,,,,,,,,,,,,,,,
Data,12,record,timestamp,"944861822",s,position_lat,"390013018",semicircles,position_long,"-1397750407",semicircles,distance,"17262.41",m,altitude,"17.200000000000045",m,speed,"2.174",m/s,unknown,"0",,unknown,"100",,heart_rate,"148",bpm,cadence,"0",rpm,fractional_cadence,"0.0",rpm,enhanced_altitude,"17.200000000000045",m,enhanced_speed,"2.174",m/s,,,,,,,,,,,,,,,,,,,,,,,,,,,,,,,,,,,,,,,,,,,,,,,,,,,,,,,,,,,,,,,,,,,,,,,,,,,,,,,,,,,,,,,,,,,,,,,,,,,,,,,,,,,,,,,,,,,,,,,,,,,,,,,,,,,,,,,,,,,,,,,,,,,,,,,,,,,,,,,,,,,
Data,12,record,timestamp,"944861827",s,position_lat,"390014311",semicircles,position_long,"-1397750721",semicircles,distance,"17274.67",m,altitude,"17.0",m,speed,"2.099",m/s,unknown,"0",,unknown,"100",,heart_rate,"145",bpm,cadence,"0",rpm,fractional_cadence,"0.0",rpm,enhanced_altitude,"17.0",m,enhanced_speed,"2.099",m/s,,,,,,,,,,,,,,,,,,,,,,,,,,,,,,,,,,,,,,,,,,,,,,,,,,,,,,,,,,,,,,,,,,,,,,,,,,,,,,,,,,,,,,,,,,,,,,,,,,,,,,,,,,,,,,,,,,,,,,,,,,,,,,,,,,,,,,,,,,,,,,,,,,,,,,,,,,,,,,,,,,,
Data,12,record,timestamp,"944861830",s,position_lat,"390015189",semicircles,position_long,"-1397750906",semicircles,distance,"17282.97",m,altitude,"17.0",m,speed,"2.501",m/s,unknown,"0",,unknown,"100",,heart_rate,"142",bpm,cadence,"0",rpm,fractional_cadence,"0.0",rpm,enhanced_altitude,"17.0",m,enhanced_speed,"2.501",m/s,,,,,,,,,,,,,,,,,,,,,,,,,,,,,,,,,,,,,,,,,,,,,,,,,,,,,,,,,,,,,,,,,,,,,,,,,,,,,,,,,,,,,,,,,,,,,,,,,,,,,,,,,,,,,,,,,,,,,,,,,,,,,,,,,,,,,,,,,,,,,,,,,,,,,,,,,,,,,,,,,,,
Data,12,record,timestamp,"944861833",s,position_lat,"390015946",semicircles,position_long,"-1397751099",semicircles,distance,"17290.17",m,altitude,"17.0",m,speed,"2.398",m/s,unknown,"0",,unknown,"100",,heart_rate,"139",bpm,cadence,"0",rpm,fractional_cadence,"0.0",rpm,enhanced_altitude,"17.0",m,enhanced_speed,"2.398",m/s,,,,,,,,,,,,,,,,,,,,,,,,,,,,,,,,,,,,,,,,,,,,,,,,,,,,,,,,,,,,,,,,,,,,,,,,,,,,,,,,,,,,,,,,,,,,,,,,,,,,,,,,,,,,,,,,,,,,,,,,,,,,,,,,,,,,,,,,,,,,,,,,,,,,,,,,,,,,,,,,,,,
Data,12,record,timestamp,"944861835",s,position_lat,"390016489",semicircles,position_long,"-1397751301",semicircles,distance,"17295.48",m,altitude,"17.200000000000045",m,speed,"2.585",m/s,unknown,"0",,unknown,"100",,heart_rate,"136",bpm,cadence,"0",rpm,fractional_cadence,"0.0",rpm,enhanced_altitude,"17.200000000000045",m,enhanced_speed,"2.585",m/s,,,,,,,,,,,,,,,,,,,,,,,,,,,,,,,,,,,,,,,,,,,,,,,,,,,,,,,,,,,,,,,,,,,,,,,,,,,,,,,,,,,,,,,,,,,,,,,,,,,,,,,,,,,,,,,,,,,,,,,,,,,,,,,,,,,,,,,,,,,,,,,,,,,,,,,,,,,,,,,,,,,
Data,12,record,timestamp,"944861838",s,position_lat,"390017178",semicircles,position_long,"-1397751665",semicircles,distance,"17302.49",m,altitude,"17.200000000000045",m,speed,"1.931",m/s,unknown,"0",,unknown,"100",,heart_rate,"134",bpm,cadence,"0",rpm,fractional_cadence,"0.0",rpm,enhanced_altitude,"17.200000000000045",m,enhanced_speed,"1.931",m/s,,,,,,,,,,,,,,,,,,,,,,,,,,,,,,,,,,,,,,,,,,,,,,,,,,,,,,,,,,,,,,,,,,,,,,,,,,,,,,,,,,,,,,,,,,,,,,,,,,,,,,,,,,,,,,,,,,,,,,,,,,,,,,,,,,,,,,,,,,,,,,,,,,,,,,,,,,,,,,,,,,,
Data,12,record,timestamp,"944861844",s,position_lat,"390018301",semicircles,position_long,"-1397752465",semicircles,distance,"17314.67",m,altitude,"17.600000000000023",m,speed,"1.95",m/s,unknown,"0",,unknown,"100",,heart_rate,"134",bpm,cadence,"0",rpm,fractional_cadence,"0.0",rpm,enhanced_altitude,"17.600000000000023",m,enhanced_speed,"1.95",m/s,,,,,,,,,,,,,,,,,,,,,,,,,,,,,,,,,,,,,,,,,,,,,,,,,,,,,,,,,,,,,,,,,,,,,,,,,,,,,,,,,,,,,,,,,,,,,,,,,,,,,,,,,,,,,,,,,,,,,,,,,,,,,,,,,,,,,,,,,,,,,,,,,,,,,,,,,,,,,,,,,,,
Data,12,record,timestamp,"944861850",s,position_lat,"390019329",semicircles,position_long,"-1397752953",semicircles,distance,"17324.97",m,altitude,"17.600000000000023",m,speed,"1.353",m/s,unknown,"0",,unknown,"100",,heart_rate,"131",bpm,cadence,"0",rpm,fractional_cadence,"0.0",rpm,enhanced_altitude,"17.600000000000023",m,enhanced_speed,"1.353",m/s,,,,,,,,,,,,,,,,,,,,,,,,,,,,,,,,,,,,,,,,,,,,,,,,,,,,,,,,,,,,,,,,,,,,,,,,,,,,,,,,,,,,,,,,,,,,,,,,,,,,,,,,,,,,,,,,,,,,,,,,,,,,,,,,,,,,,,,,,,,,,,,,,,,,,,,,,,,,,,,,,,,
Data,12,record,timestamp,"944861852",s,position_lat,"390019632",semicircles,position_long,"-1397753056",semicircles,distance,"17327.89",m,altitude,"17.600000000000023",m,speed,"1.521",m/s,unknown,"0",,unknown,"100",,heart_rate,"130",bpm,cadence,"0",rpm,fractional_cadence,"0.0",rpm,enhanced_altitude,"17.600000000000023",m,enhanced_speed,"1.521",m/s,,,,,,,,,,,,,,,,,,,,,,,,,,,,,,,,,,,,,,,,,,,,,,,,,,,,,,,,,,,,,,,,,,,,,,,,,,,,,,,,,,,,,,,,,,,,,,,,,,,,,,,,,,,,,,,,,,,,,,,,,,,,,,,,,,,,,,,,,,,,,,,,,,,,,,,,,,,,,,,,,,,
Data,12,record,timestamp,"944861860",s,position_lat,"390021205",semicircles,position_long,"-1397752964",semicircles,distance,"17342.81",m,altitude,"17.200000000000045",m,speed,"2.249",m/s,unknown,"0",,unknown,"100",,heart_rate,"132",bpm,cadence,"0",rpm,fractional_cadence,"0.0",rpm,enhanced_altitude,"17.200000000000045",m,enhanced_speed,"2.249",m/s,,,,,,,,,,,,,,,,,,,,,,,,,,,,,,,,,,,,,,,,,,,,,,,,,,,,,,,,,,,,,,,,,,,,,,,,,,,,,,,,,,,,,,,,,,,,,,,,,,,,,,,,,,,,,,,,,,,,,,,,,,,,,,,,,,,,,,,,,,,,,,,,,,,,,,,,,,,,,,,,,,,
Data,12,record,timestamp,"944861863",s,position_lat,"390022051",semicircles,position_long,"-1397753061",semicircles,distance,"17350.76",m,altitude,"17.200000000000045",m,speed,"2.529",m/s,unknown,"0",,unknown,"100",,heart_rate,"129",bpm,cadence,"0",rpm,fractional_cadence,"0.0",rpm,enhanced_altitude,"17.200000000000045",m,enhanced_speed,"2.529",m/s,,,,,,,,,,,,,,,,,,,,,,,,,,,,,,,,,,,,,,,,,,,,,,,,,,,,,,,,,,,,,,,,,,,,,,,,,,,,,,,,,,,,,,,,,,,,,,,,,,,,,,,,,,,,,,,,,,,,,,,,,,,,,,,,,,,,,,,,,,,,,,,,,,,,,,,,,,,,,,,,,,,
Data,12,record,timestamp,"944861866",s,position_lat,"390022876",semicircles,position_long,"-1397753215",semicircles,distance,"17358.53",m,altitude,"17.200000000000045",m,speed,"2.641",m/s,unknown,"0",,unknown,"100",,heart_rate,"130",bpm,cadence,"0",rpm,fractional_cadence,"0.0",rpm,enhanced_altitude,"17.200000000000045",m,enhanced_speed,"2.641",m/s,,,,,,,,,,,,,,,,,,,,,,,,,,,,,,,,,,,,,,,,,,,,,,,,,,,,,,,,,,,,,,,,,,,,,,,,,,,,,,,,,,,,,,,,,,,,,,,,,,,,,,,,,,,,,,,,,,,,,,,,,,,,,,,,,,,,,,,,,,,,,,,,,,,,,,,,,,,,,,,,,,,
Data,12,record,timestamp,"944861871",s,position_lat,"390024414",semicircles,position_long,"-1397753616",semicircles,distance,"17373.16",m,altitude,"17.200000000000045",m,speed,"2.753",m/s,unknown,"0",,unknown,"100",,heart_rate,"127",bpm,cadence,"0",rpm,fractional_cadence,"0.0",rpm,enhanced_altitude,"17.200000000000045",m,enhanced_speed,"2.753",m/s,,,,,,,,,,,,,,,,,,,,,,,,,,,,,,,,,,,,,,,,,,,,,,,,,,,,,,,,,,,,,,,,,,,,,,,,,,,,,,,,,,,,,,,,,,,,,,,,,,,,,,,,,,,,,,,,,,,,,,,,,,,,,,,,,,,,,,,,,,,,,,,,,,,,,,,,,,,,,,,,,,,
Data,12,record,timestamp,"944861874",s,position_lat,"390025402",semicircles,position_long,"-1397753887",semicircles,distance,"17382.57",m,altitude,"17.0",m,speed,"2.799",m/s,unknown,"0",,unknown,"100",,heart_rate,"128",bpm,cadence,"0",rpm,fractional_cadence,"0.0",rpm,enhanced_altitude,"17.0",m,enhanced_speed,"2.799",m/s,,,,,,,,,,,,,,,,,,,,,,,,,,,,,,,,,,,,,,,,,,,,,,,,,,,,,,,,,,,,,,,,,,,,,,,,,,,,,,,,,,,,,,,,,,,,,,,,,,,,,,,,,,,,,,,,,,,,,,,,,,,,,,,,,,,,,,,,,,,,,,,,,,,,,,,,,,,,,,,,,,,
Data,12,record,timestamp,"944861876",s,position_lat,"390025995",semicircles,position_long,"-1397754047",semicircles,distance,"17388.22",m,altitude,"17.200000000000045",m,speed,"2.669",m/s,unknown,"0",,unknown,"100",,heart_rate,"131",bpm,cadence,"0",rpm,fractional_cadence,"0.0",rpm,enhanced_altitude,"17.200000000000045",m,enhanced_speed,"2.669",m/s,,,,,,,,,,,,,,,,,,,,,,,,,,,,,,,,,,,,,,,,,,,,,,,,,,,,,,,,,,,,,,,,,,,,,,,,,,,,,,,,,,,,,,,,,,,,,,,,,,,,,,,,,,,,,,,,,,,,,,,,,,,,,,,,,,,,,,,,,,,,,,,,,,,,,,,,,,,,,,,,,,,
Data,12,record,timestamp,"944861879",s,position_lat,"390026929",semicircles,position_long,"-1397754079",semicircles,distance,"17396.92",m,altitude,"17.200000000000045",m,speed,"2.939",m/s,unknown,"0",,unknown,"100",,heart_rate,"128",bpm,cadence,"0",rpm,fractional_cadence,"0.0",rpm,enhanced_altitude,"17.200000000000045",m,enhanced_speed,"2.939",m/s,,,,,,,,,,,,,,,,,,,,,,,,,,,,,,,,,,,,,,,,,,,,,,,,,,,,,,,,,,,,,,,,,,,,,,,,,,,,,,,,,,,,,,,,,,,,,,,,,,,,,,,,,,,,,,,,,,,,,,,,,,,,,,,,,,,,,,,,,,,,,,,,,,,,,,,,,,,,,,,,,,,
Data,12,record,timestamp,"944861880",s,position_lat,"390027234",semicircles,position_long,"-1397754098",semicircles,distance,"17399.75",m,altitude,"17.200000000000045",m,speed,"2.631",m/s,unknown,"0",,unknown,"100",,heart_rate,"128",bpm,cadence,"0",rpm,fractional_cadence,"0.0",rpm,enhanced_altitude,"17.200000000000045",m,enhanced_speed,"2.631",m/s,,,,,,,,,,,,,,,,,,,,,,,,,,,,,,,,,,,,,,,,,,,,,,,,,,,,,,,,,,,,,,,,,,,,,,,,,,,,,,,,,,,,,,,,,,,,,,,,,,,,,,,,,,,,,,,,,,,,,,,,,,,,,,,,,,,,,,,,,,,,,,,,,,,,,,,,,,,,,,,,,,,
Data,12,record,timestamp,"944861890",s,position_lat,"390030177",semicircles,position_long,"-1397754600",semicircles,distance,"17427.41",m,altitude,"17.0",m,speed,"2.659",m/s,unknown,"0",,unknown,"100",,heart_rate,"128",bpm,cadence,"0",rpm,fractional_cadence,"0.0",rpm,enhanced_altitude,"17.0",m,enhanced_speed,"2.659",m/s,,,,,,,,,,,,,,,,,,,,,,,,,,,,,,,,,,,,,,,,,,,,,,,,,,,,,,,,,,,,,,,,,,,,,,,,,,,,,,,,,,,,,,,,,,,,,,,,,,,,,,,,,,,,,,,,,,,,,,,,,,,,,,,,,,,,,,,,,,,,,,,,,,,,,,,,,,,,,,,,,,,
Data,12,record,timestamp,"944861894",s,position_lat,"390031314",semicircles,position_long,"-1397754824",semicircles,distance,"17438.12",m,altitude,"17.0",m,speed,"2.734",m/s,unknown,"0",,unknown,"100",,heart_rate,"125",bpm,cadence,"0",rpm,fractional_cadence,"0.0",rpm,enhanced_altitude,"17.0",m,enhanced_speed,"2.734",m/s,,,,,,,,,,,,,,,,,,,,,,,,,,,,,,,,,,,,,,,,,,,,,,,,,,,,,,,,,,,,,,,,,,,,,,,,,,,,,,,,,,,,,,,,,,,,,,,,,,,,,,,,,,,,,,,,,,,,,,,,,,,,,,,,,,,,,,,,,,,,,,,,,,,,,,,,,,,,,,,,,,,
Data,12,record,timestamp,"944861897",s,position_lat,"390032241",semicircles,position_long,"-1397754965",semicircles,distance,"17446.81",m,altitude,"17.0",m,speed,"2.799",m/s,unknown,"0",,unknown,"100",,heart_rate,"122",bpm,cadence,"0",rpm,fractional_cadence,"0.0",rpm,enhanced_altitude,"17.0",m,enhanced_speed,"2.799",m/s,,,,,,,,,,,,,,,,,,,,,,,,,,,,,,,,,,,,,,,,,,,,,,,,,,,,,,,,,,,,,,,,,,,,,,,,,,,,,,,,,,,,,,,,,,,,,,,,,,,,,,,,,,,,,,,,,,,,,,,,,,,,,,,,,,,,,,,,,,,,,,,,,,,,,,,,,,,,,,,,,,,
Data,12,record,timestamp,"944861900",s,position_lat,"390033204",semicircles,position_long,"-1397755112",semicircles,distance,"17455.82",m,altitude,"17.0",m,speed,"2.893",m/s,unknown,"0",,unknown,"100",,heart_rate,"122",bpm,cadence,"0",rpm,fractional_cadence,"0.0",rpm,enhanced_altitude,"17.0",m,enhanced_speed,"2.893",m/s,,,,,,,,,,,,,,,,,,,,,,,,,,,,,,,,,,,,,,,,,,,,,,,,,,,,,,,,,,,,,,,,,,,,,,,,,,,,,,,,,,,,,,,,,,,,,,,,,,,,,,,,,,,,,,,,,,,,,,,,,,,,,,,,,,,,,,,,,,,,,,,,,,,,,,,,,,,,,,,,,,,
Data,12,record,timestamp,"944861910",s,position_lat,"390036251",semicircles,position_long,"-1397755659",semicircles,distance,"17484.48",m,altitude,"17.200000000000045",m,speed,"2.519",m/s,unknown,"0",,unknown,"100",,heart_rate,"120",bpm,cadence,"0",rpm,fractional_cadence,"0.0",rpm,enhanced_altitude,"17.200000000000045",m,enhanced_speed,"2.519",m/s,,,,,,,,,,,,,,,,,,,,,,,,,,,,,,,,,,,,,,,,,,,,,,,,,,,,,,,,,,,,,,,,,,,,,,,,,,,,,,,,,,,,,,,,,,,,,,,,,,,,,,,,,,,,,,,,,,,,,,,,,,,,,,,,,,,,,,,,,,,,,,,,,,,,,,,,,,,,,,,,,,,
Data,4,unknown,unknown,"944861914",,unknown,"2",,unknown,"2",,unknown,"3",,unknown,"1",,unknown,"4",,unknown,"3",,unknown,"255",,,,,,,,,,,,,,,,,,,,,,,,,,,,,,,,,,,,,,,,,,,,,,,,,,,,,,,,,,,,,,,,,,,,,,,,,,,,,,,,,,,,,,,,,,,,,,,,,,,,,,,,,,,,,,,,,,,,,,,,,,,,,,,,,,,,,,,,,,,,,,,,,,,,,,,,,,,,,,,,,,,,,,,,,,,,,,,,,,,
Definition,2,record,timestamp,1,,distance,1,,altitude,1,,speed,1,,unknown,1,,unknown,1,,heart_rate,1,,cadence,1,,fractional_cadence,1,,,,,,,,,,,,,,,,,,,,,,,,,,,,,,,,,,,,,,,,,,,,,,,,,,,,,,,,,,,,,,,,,,,,,,,,,,,,,,,,,,,,,,,,,,,,,,,,,,,,,,,,,,,,,,,,,,,,,,,,,,,,,,,,,,,,,,,,,,,,,,,,,,,,,,,,,,,,,,,,,,,,,,,,,,,,,,,,
Data,2,record,timestamp,"944861914",s,distance,"17494.82",m,altitude,"17.0",m,speed,"2.566",m/s,unknown,"0",,unknown,"100",,heart_rate,"117",bpm,cadence,"0",rpm,fractional_cadence,"0.0",rpm,enhanced_altitude,"17.0",m,enhanced_speed,"2.566",m/s,,,,,,,,,,,,,,,,,,,,,,,,,,,,,,,,,,,,,,,,,,,,,,,,,,,,,,,,,,,,,,,,,,,,,,,,,,,,,,,,,,,,,,,,,,,,,,,,,,,,,,,,,,,,,,,,,,,,,,,,,,,,,,,,,,,,,,,,,,,,,,,,,,,,,,,,,,,,,,,,,,,,,,,,,
Data,4,unknown,unknown,"944861915",,unknown,"255",,unknown,"255",,unknown,"3",,unknown,"1",,unknown,"4",,unknown,"3",,unknown,"255",,,,,,,,,,,,,,,,,,,,,,,,,,,,,,,,,,,,,,,,,,,,,,,,,,,,,,,,,,,,,,,,,,,,,,,,,,,,,,,,,,,,,,,,,,,,,,,,,,,,,,,,,,,,,,,,,,,,,,,,,,,,,,,,,,,,,,,,,,,,,,,,,,,,,,,,,,,,,,,,,,,,,,,,,,,,,,,,,,,
Data,1,record,timestamp,"944861918",s,distance,"17494.82",m,altitude,"17.0",m,unknown,"0",,unknown,"100",,heart_rate,"116",bpm,cadence,"0",rpm,fractional_cadence,"0.0",rpm,enhanced_altitude,"17.0",m,,,,,,,,,,,,,,,,,,,,,,,,,,,,,,,,,,,,,,,,,,,,,,,,,,,,,,,,,,,,,,,,,,,,,,,,,,,,,,,,,,,,,,,,,,,,,,,,,,,,,,,,,,,,,,,,,,,,,,,,,,,,,,,,,,,,,,,,,,,,,,,,,,,,,,,,,,,,,,,,,,,,,,,,,,,,,,,
Data,4,unknown,unknown,"944861919",,unknown,"2",,unknown,"2",,unknown,"3",,unknown,"1",,unknown,"4",,unknown,"3",,unknown,"255",,,,,,,,,,,,,,,,,,,,,,,,,,,,,,,,,,,,,,,,,,,,,,,,,,,,,,,,,,,,,,,,,,,,,,,,,,,,,,,,,,,,,,,,,,,,,,,,,,,,,,,,,,,,,,,,,,,,,,,,,,,,,,,,,,,,,,,,,,,,,,,,,,,,,,,,,,,,,,,,,,,,,,,,,,,,,,,,,,,
Data,12,record,timestamp,"944861920",s,position_lat,"390039262",semicircles,position_long,"-1397755848",semicircles,distance,"17512.61",m,altitude,"16.799999999999955",m,speed,"2.51",m/s,unknown,"0",,unknown,"100",,heart_rate,"117",bpm,cadence,"0",rpm,fractional_cadence,"0.0",rpm,enhanced_altitude,"16.799999999999955",m,enhanced_speed,"2.51",m/s,,,,,,,,,,,,,,,,,,,,,,,,,,,,,,,,,,,,,,,,,,,,,,,,,,,,,,,,,,,,,,,,,,,,,,,,,,,,,,,,,,,,,,,,,,,,,,,,,,,,,,,,,,,,,,,,,,,,,,,,,,,,,,,,,,,,,,,,,,,,,,,,,,,,,,,,,,,,,,,,,,,
Data,12,record,timestamp,"944861922",s,position_lat,"390039782",semicircles,position_long,"-1397755901",semicircles,distance,"17517.48",m,altitude,"16.799999999999955",m,speed,"2.473",m/s,unknown,"0",,unknown,"100",,heart_rate,"114",bpm,cadence,"0",rpm,fractional_cadence,"0.0",rpm,enhanced_altitude,"16.799999999999955",m,enhanced_speed,"2.473",m/s,,,,,,,,,,,,,,,,,,,,,,,,,,,,,,,,,,,,,,,,,,,,,,,,,,,,,,,,,,,,,,,,,,,,,,,,,,,,,,,,,,,,,,,,,,,,,,,,,,,,,,,,,,,,,,,,,,,,,,,,,,,,,,,,,,,,,,,,,,,,,,,,,,,,,,,,,,,,,,,,,,,
Data,12,record,timestamp,"944861926",s,position_lat,"390040886",semicircles,position_long,"-1397755844",semicircles,distance,"17527.77",m,altitude,"16.600000000000023",m,speed,"2.501",m/s,unknown,"0",,unknown,"100",,heart_rate,"114",bpm,cadence,"0",rpm,fractional_cadence,"0.0",rpm,enhanced_altitude,"16.600000000000023",m,enhanced_speed,"2.501",m/s,,,,,,,,,,,,,,,,,,,,,,,,,,,,,,,,,,,,,,,,,,,,,,,,,,,,,,,,,,,,,,,,,,,,,,,,,,,,,,,,,,,,,,,,,,,,,,,,,,,,,,,,,,,,,,,,,,,,,,,,,,,,,,,,,,,,,,,,,,,,,,,,,,,,,,,,,,,,,,,,,,,
Data,4,unknown,unknown,"944861927",,unknown,"2",,unknown,"2",,unknown,"3",,unknown,"1",,unknown,"4",,unknown,"3",,unknown,"255",,,,,,,,,,,,,,,,,,,,,,,,,,,,,,,,,,,,,,,,,,,,,,,,,,,,,,,,,,,,,,,,,,,,,,,,,,,,,,,,,,,,,,,,,,,,,,,,,,,,,,,,,,,,,,,,,,,,,,,,,,,,,,,,,,,,,,,,,,,,,,,,,,,,,,,,,,,,,,,,,,,,,,,,,,,,,,,,,,,
Data,4,unknown,unknown,"944861928",,unknown,"255",,unknown,"255",,unknown,"3",,unknown,"1",,unknown,"4",,unknown,"3",,unknown,"255",,,,,,,,,,,,,,,,,,,,,,,,,,,,,,,,,,,,,,,,,,,,,,,,,,,,,,,,,,,,,,,,,,,,,,,,,,,,,,,,,,,,,,,,,,,,,,,,,,,,,,,,,,,,,,,,,,,,,,,,,,,,,,,,,,,,,,,,,,,,,,,,,,,,,,,,,,,,,,,,,,,,,,,,,,,,,,,,,,,
Data,1,record,timestamp,"944861930",s,distance,"17527.77",m,altitude,"16.600000000000023",m,unknown,"0",,unknown,"100",,heart_rate,"113",bpm,cadence,"0",rpm,fractional_cadence,"0.0",rpm,enhanced_altitude,"16.600000000000023",m,,,,,,,,,,,,,,,,,,,,,,,,,,,,,,,,,,,,,,,,,,,,,,,,,,,,,,,,,,,,,,,,,,,,,,,,,,,,,,,,,,,,,,,,,,,,,,,,,,,,,,,,,,,,,,,,,,,,,,,,,,,,,,,,,,,,,,,,,,,,,,,,,,,,,,,,,,,,,,,,,,,,,,,,,,,,,,,
Data,4,unknown,unknown,"944861931",,unknown,"2",,unknown,"2",,unknown,"3",,unknown,"1",,unknown,"4",,unknown,"3",,unknown,"255",,,,,,,,,,,,,,,,,,,,,,,,,,,,,,,,,,,,,,,,,,,,,,,,,,,,,,,,,,,,,,,,,,,,,,,,,,,,,,,,,,,,,,,,,,,,,,,,,,,,,,,,,,,,,,,,,,,,,,,,,,,,,,,,,,,,,,,,,,,,,,,,,,,,,,,,,,,,,,,,,,,,,,,,,,,,,,,,,,,
Data,12,record,timestamp,"944861931",s,position_lat,"390041932",semicircles,position_long,"-1397757212",semicircles,distance,"17539.39",m,altitude,"16.600000000000023",m,speed,"2.818",m/s,unknown,"0",,unknown,"100",,heart_rate,"113",bpm,cadence,"0",rpm,fractional_cadence,"0.0",rpm,enhanced_altitude,"16.600000000000023",m,enhanced_speed,"2.818",m/s,,,,,,,,,,,,,,,,,,,,,,,,,,,,,,,,,,,,,,,,,,,,,,,,,,,,,,,,,,,,,,,,,,,,,,,,,,,,,,,,,,,,,,,,,,,,,,,,,,,,,,,,,,,,,,,,,,,,,,,,,,,,,,,,,,,,,,,,,,,,,,,,,,,,,,,,,,,,,,,,,,,
Data,12,record,timestamp,"944861934",s,position_lat,"390045127",semicircles,position_long,"-1397757270",semicircles,distance,"17569.11",m,altitude,"16.600000000000023",m,speed,"4.031",m/s,unknown,"0",,unknown,"100",,heart_rate,"111",bpm,cadence,"0",rpm,fractional_cadence,"0.0",rpm,enhanced_altitude,"16.600000000000023",m,enhanced_speed,"4.031",m/s,,,,,,,,,,,,,,,,,,,,,,,,,,,,,,,,,,,,,,,,,,,,,,,,,,,,,,,,,,,,,,,,,,,,,,,,,,,,,,,,,,,,,,,,,,,,,,,,,,,,,,,,,,,,,,,,,,,,,,,,,,,,,,,,,,,,,,,,,,,,,,,,,,,,,,,,,,,,,,,,,,,
Data,12,record,timestamp,"944861936",s,position_lat,"390045942",semicircles,position_long,"-1397757056",semicircles,distance,"17576.72",m,altitude,"16.600000000000023",m,speed,"3.434",m/s,unknown,"0",,unknown,"300",,heart_rate,"106",bpm,cadence,"0",rpm,fractional_cadence,"0.0",rpm,enhanced_altitude,"16.600000000000023",m,enhanced_speed,"3.434",m/s,,,,,,,,,,,,,,,,,,,,,,,,,,,,,,,,,,,,,,,,,,,,,,,,,,,,,,,,,,,,,,,,,,,,,,,,,,,,,,,,,,,,,,,,,,,,,,,,,,,,,,,,,,,,,,,,,,,,,,,,,,,,,,,,,,,,,,,,,,,,,,,,,,,,,,,,,,,,,,,,,,,
Data,12,record,timestamp,"944861937",s,position_lat,"390046290",semicircles,position_long,"-1397756979",semicircles,distance,"17579.87",m,altitude,"16.600000000000023",m,speed,"3.303",m/s,unknown,"0",,unknown,"300",,heart_rate,"106",bpm,cadence,"60",rpm,fractional_cadence,"0.0",rpm,enhanced_altitude,"16.600000000000023",m,enhanced_speed,"3.303",m/s,,,,,,,,,,,,,,,,,,,,,,,,,,,,,,,,,,,,,,,,,,,,,,,,,,,,,,,,,,,,,,,,,,,,,,,,,,,,,,,,,,,,,,,,,,,,,,,,,,,,,,,,,,,,,,,,,,,,,,,,,,,,,,,,,,,,,,,,,,,,,,,,,,,,,,,,,,,,,,,,,,,
Data,12,record,timestamp,"944861940",s,position_lat,"390047391",semicircles,position_long,"-1397756993",semicircles,distance,"17590.07",m,altitude,"16.799999999999955",m,speed,"3.023",m/s,unknown,"0",,unknown,"300",,heart_rate,"105",bpm,cadence,"0",rpm,fractional_cadence,"0.0",rpm,enhanced_altitude,"16.799999999999955",m,enhanced_speed,"3.023",m/s,,,,,,,,,,,,,,,,,,,,,,,,,,,,,,,,,,,,,,,,,,,,,,,,,,,,,,,,,,,,,,,,,,,,,,,,,,,,,,,,,,,,,,,,,,,,,,,,,,,,,,,,,,,,,,,,,,,,,,,,,,,,,,,,,,,,,,,,,,,,,,,,,,,,,,,,,,,,,,,,,,,
Data,12,record,timestamp,"944861948",s,position_lat,"390050028",semicircles,position_long,"-1397757303",semicircles,distance,"17614.71",m,altitude,"17.0",m,speed,"3.256",m/s,unknown,"0",,unknown,"300",,heart_rate,"106",bpm,cadence,"0",rpm,fractional_cadence,"0.0",rpm,enhanced_altitude,"17.0",m,enhanced_speed,"3.256",m/s,,,,,,,,,,,,,,,,,,,,,,,,,,,,,,,,,,,,,,,,,,,,,,,,,,,,,,,,,,,,,,,,,,,,,,,,,,,,,,,,,,,,,,,,,,,,,,,,,,,,,,,,,,,,,,,,,,,,,,,,,,,,,,,,,,,,,,,,,,,,,,,,,,,,,,,,,,,,,,,,,,,
Data,12,record,timestamp,"944861956",s,position_lat,"390052725",semicircles,position_long,"-1397757417",semicircles,distance,"17639.82",m,altitude,"17.200000000000045",m,speed,"3.182",m/s,unknown,"0",,unknown,"100",,heart_rate,"109",bpm,cadence,"0",rpm,fractional_cadence,"0.0",rpm,enhanced_altitude,"17.200000000000045",m,enhanced_speed,"3.182",m/s,,,,,,,,,,,,,,,,,,,,,,,,,,,,,,,,,,,,,,,,,,,,,,,,,,,,,,,,,,,,,,,,,,,,,,,,,,,,,,,,,,,,,,,,,,,,,,,,,,,,,,,,,,,,,,,,,,,,,,,,,,,,,,,,,,,,,,,,,,,,,,,,,,,,,,,,,,,,,,,,,,,
Data,12,record,timestamp,"944861957",s,position_lat,"390053103",semicircles,position_long,"-1397757454",semicircles,distance,"17643.34",m,altitude,"17.200000000000045",m,speed,"3.144",m/s,unknown,"0",,unknown,"100",,heart_rate,"110",bpm,cadence,"0",rpm,fractional_cadence,"0.0",rpm,enhanced_altitude,"17.200000000000045",m,enhanced_speed,"3.144",m/s,,,,,,,,,,,,,,,,,,,,,,,,,,,,,,,,,,,,,,,,,,,,,,,,,,,,,,,,,,,,,,,,,,,,,,,,,,,,,,,,,,,,,,,,,,,,,,,,,,,,,,,,,,,,,,,,,,,,,,,,,,,,,,,,,,,,,,,,,,,,,,,,,,,,,,,,,,,,,,,,,,,
Data,15,lap,timestamp,"944861957",s,start_time,"944854914",,start_position_lat,"390351381",semicircles,start_position_long,"-1398432071",semicircles,end_position_lat,"390052725",semicircles,end_position_long,"-1397757417",semicircles,total_elapsed_time,"7042.906",s,total_timer_time,"7042.906",s,total_distance,"16794.21",m,total_cycles,"422",cycles,unknown,"390410650",,unknown,"-1397584080",,unknown,"389926830",,unknown,"-1398468858",,total_work,"4294967295",J,unknown,"4294967295",,message_index,"3",,total_calories,"542",kcal,avg_speed,"2.385",m/s,max_speed,"4.031",m/s,avg_power,"65535",watts,max_power,"65535",watts,total_ascent,"6",m,total_descent,"0",m,num_lengths,"65535",lengths,normalized_power,"65535",watts,left_right_balance,"65535",,first_length_index,"65535",,avg_stroke_distance,"65535",m,num_active_lengths,"65535",lengths,wkt_step_index,"65535",,unknown,"65535",,avg_stance_time_percent,"65535",percent,avg_stance_time,"65535",ms,unknown,"65535",,unknown,"65535",,unknown,"65535",,unknown,"65535",,unknown,"704",,event,"9",,event_type,"1",,avg_heart_rate,"99",bpm,max_heart_rate,"156",bpm,avg_cadence,"58",rpm,max_cadence,"98",rpm,intensity,"255",,lap_trigger,"0",,sport,"0",,event_group,"255",,swim_stroke,"255",,sub_sport,"0",,avg_temperature,"127",C,max_temperature,"127",C,unknown,"255",,avg_fractional_cadence,"0.875",rpm,max_fractional_cadence,"0.0",rpm,total_fractional_cycles,"255",cycles,unknown,"127",,enhanced_avg_speed,"2.385",m/s,enhanced_max_speed,"4.031",m/s,name,"Auto Finish Line",null,type,"Finish",null,lat,"390052512",null,lon,"-1397770112",null,lat2,"390052896",null,lon2,"-1397744512",null,twd,"148",null,
Data,0,unknown,unknown,"944861957",,unknown,"1314993|2506053|2312691|752007|111002|45997|0",,unknown,"19",,unknown,"3",,unknown,"84|100|117|134|150|167",,unknown,"1",,unknown,"167",,unknown,"81",,unknown,"255",,,,,,,,,,,,,,,,,,,,,,,,,,,,,,,,,,,,,,,,,,,,,,,,,,,,,,,,,,,,,,,,,,,,,,,,,,,,,,,,,,,,,,,,,,,,,,,,,,,,,,,,,,,,,,,,,,,,,,,,,,,,,,,,,,,,,,,,,,,,,,,,,,,,,,,,,,,,,,,,,,,,,,,,,,,,,,,,
Data,12,record,timestamp,"944861965",s,position_lat,"390056027",semicircles,position_long,"-1397757752",semicircles,distance,"17670.62",m,altitude,"17.200000000000045",m,speed,"3.191",m/s,unknown,"0",,unknown,"100",,heart_rate,"111",bpm,cadence,"0",rpm,fractional_cadence,"0.0",rpm,enhanced_altitude,"17.200000000000045",m,enhanced_speed,"3.191",m/s,,,,,,,,,,,,,,,,,,,,,,,,,,,,,,,,,,,,,,,,,,,,,,,,,,,,,,,,,,,,,,,,,,,,,,,,,,,,,,,,,,,,,,,,,,,,,,,,,,,,,,,,,,,,,,,,,,,,,,,,,,,,,,,,,,,,,,,,,,,,,,,,,,,,,,,,,,,,,,,,,,,
Data,12,record,timestamp,"944861974",s,position_lat,"390059288",semicircles,position_long,"-1397758393",semicircles,distance,"17701.55",m,altitude,"17.0",m,speed,"3.471",m/s,unknown,"0",,unknown,"100",,heart_rate,"109",bpm,cadence,"0",rpm,fractional_cadence,"0.0",rpm,enhanced_altitude,"17.0",m,enhanced_speed,"3.471",m/s,,,,,,,,,,,,,,,,,,,,,,,,,,,,,,,,,,,,,,,,,,,,,,,,,,,,,,,,,,,,,,,,,,,,,,,,,,,,,,,,,,,,,,,,,,,,,,,,,,,,,,,,,,,,,,,,,,,,,,,,,,,,,,,,,,,,,,,,,,,,,,,,,,,,,,,,,,,,,,,,,,,
Data,12,record,timestamp,"944861982",s,position_lat,"390061761",semicircles,position_long,"-1397759330",semicircles,distance,"17725.64",m,altitude,"17.0",m,speed,"2.93",m/s,unknown,"0",,unknown,"100",,heart_rate,"105",bpm,cadence,"0",rpm,fractional_cadence,"0.0",rpm,enhanced_altitude,"17.0",m,enhanced_speed,"2.93",m/s,,,,,,,,,,,,,,,,,,,,,,,,,,,,,,,,,,,,,,,,,,,,,,,,,,,,,,,,,,,,,,,,,,,,,,,,,,,,,,,,,,,,,,,,,,,,,,,,,,,,,,,,,,,,,,,,,,,,,,,,,,,,,,,,,,,,,,,,,,,,,,,,,,,,,,,,,,,,,,,,,,,
Data,12,record,timestamp,"944861983",s,position_lat,"390062044",semicircles,position_long,"-1397759498",semicircles,distance,"17728.54",m,altitude,"17.0",m,speed,"2.948",m/s,unknown,"0",,unknown,"100",,heart_rate,"105",bpm,cadence,"0",rpm,fractional_cadence,"0.0",rpm,enhanced_altitude,"17.0",m,enhanced_speed,"2.948",m/s,,,,,,,,,,,,,,,,,,,,,,,,,,,,,,,,,,,,,,,,,,,,,,,,,,,,,,,,,,,,,,,,,,,,,,,,,,,,,,,,,,,,,,,,,,,,,,,,,,,,,,,,,,,,,,,,,,,,,,,,,,,,,,,,,,,,,,,,,,,,,,,,,,,,,,,,,,,,,,,,,,,
Data,12,record,timestamp,"944861992",s,position_lat,"390064844",semicircles,position_long,"-1397760804",semicircles,distance,"17756.38",m,altitude,"16.799999999999955",m,speed,"2.93",m/s,unknown,"0",,unknown,"100",,heart_rate,"104",bpm,cadence,"0",rpm,fractional_cadence,"0.0",rpm,enhanced_altitude,"16.799999999999955",m,enhanced_speed,"2.93",m/s,,,,,,,,,,,,,,,,,,,,,,,,,,,,,,,,,,,,,,,,,,,,,,,,,,,,,,,,,,,,,,,,,,,,,,,,,,,,,,,,,,,,,,,,,,,,,,,,,,,,,,,,,,,,,,,,,,,,,,,,,,,,,,,,,,,,,,,,,,,,,,,,,,,,,,,,,,,,,,,,,,,
Data,12,record,timestamp,"944861997",s,position_lat,"390066496",semicircles,position_long,"-1397761449",semicircles,distance,"17772.53",m,altitude,"16.799999999999955",m,speed,"3.378",m/s,unknown,"0",,unknown,"100",,heart_rate,"101",bpm,cadence,"0",rpm,fractional_cadence,"0.0",rpm,enhanced_altitude,"16.799999999999955",m,enhanced_speed,"3.378",m/s,,,,,,,,,,,,,,,,,,,,,,,,,,,,,,,,,,,,,,,,,,,,,,,,,,,,,,,,,,,,,,,,,,,,,,,,,,,,,,,,,,,,,,,,,,,,,,,,,,,,,,,,,,,,,,,,,,,,,,,,,,,,,,,,,,,,,,,,,,,,,,,,,,,,,,,,,,,,,,,,,,,
Data,12,record,timestamp,"944862001",s,position_lat,"390067865",semicircles,position_long,"-1397762021",semicircles,distance,"17785.99",m,altitude,"17.0",m,speed,"3.294",m/s,unknown,"0",,unknown,"100",,heart_rate,"101",bpm,cadence,"0",rpm,fractional_cadence,"0.0",rpm,enhanced_altitude,"17.0",m,enhanced_speed,"3.294",m/s,,,,,,,,,,,,,,,,,,,,,,,,,,,,,,,,,,,,,,,,,,,,,,,,,,,,,,,,,,,,,,,,,,,,,,,,,,,,,,,,,,,,,,,,,,,,,,,,,,,,,,,,,,,,,,,,,,,,,,,,,,,,,,,,,,,,,,,,,,,,,,,,,,,,,,,,,,,,,,,,,,,
Data,12,record,timestamp,"944862010",s,position_lat,"390070907",semicircles,position_long,"-1397762523",semicircles,distance,"17814.74",m,altitude,"17.0",m,speed,"3.042",m/s,unknown,"0",,unknown,"100",,heart_rate,"98",bpm,cadence,"0",rpm,fractional_cadence,"0.0",rpm,enhanced_altitude,"17.0",m,enhanced_speed,"3.042",m/s,,,,,,,,,,,,,,,,,,,,,,,,,,,,,,,,,,,,,,,,,,,,,,,,,,,,,,,,,,,,,,,,,,,,,,,,,,,,,,,,,,,,,,,,,,,,,,,,,,,,,,,,,,,,,,,,,,,,,,,,,,,,,,,,,,,,,,,,,,,,,,,,,,,,,,,,,,,,,,,,,,,
Data,12,record,timestamp,"944862011",s,position_lat,"390071260",semicircles,position_long,"-1397762520",semicircles,distance,"17817.98",m,altitude,"17.0",m,speed,"3.284",m/s,unknown,"0",,unknown,"100",,heart_rate,"98",bpm,cadence,"0",rpm,fractional_cadence,"0.0",rpm,enhanced_altitude,"17.0",m,enhanced_speed,"3.284",m/s,,,,,,,,,,,,,,,,,,,,,,,,,,,,,,,,,,,,,,,,,,,,,,,,,,,,,,,,,,,,,,,,,,,,,,,,,,,,,,,,,,,,,,,,,,,,,,,,,,,,,,,,,,,,,,,,,,,,,,,,,,,,,,,,,,,,,,,,,,,,,,,,,,,,,,,,,,,,,,,,,,,
Data,12,record,timestamp,"944862018",s,position_lat,"390073985",semicircles,position_long,"-1397762767",semicircles,distance,"17843.36",m,altitude,"17.0",m,speed,"3.536",m/s,unknown,"0",,unknown,"100",,heart_rate,"97",bpm,cadence,"0",rpm,fractional_cadence,"0.0",rpm,enhanced_altitude,"17.0",m,enhanced_speed,"3.536",m/s,,,,,,,,,,,,,,,,,,,,,,,,,,,,,,,,,,,,,,,,,,,,,,,,,,,,,,,,,,,,,,,,,,,,,,,,,,,,,,,,,,,,,,,,,,,,,,,,,,,,,,,,,,,,,,,,,,,,,,,,,,,,,,,,,,,,,,,,,,,,,,,,,,,,,,,,,,,,,,,,,,,
Data,12,record,timestamp,"944862027",s,position_lat,"390077361",semicircles,position_long,"-1397763529",semicircles,distance,"17875.34",m,altitude,"17.0",m,speed,"3.499",m/s,unknown,"0",,unknown,"100",,heart_rate,"95",bpm,cadence,"0",rpm,fractional_cadence,"0.0",rpm,enhanced_altitude,"17.0",m,enhanced_speed,"3.499",m/s,,,,,,,,,,,,,,,,,,,,,,,,,,,,,,,,,,,,,,,,,,,,,,,,,,,,,,,,,,,,,,,,,,,,,,,,,,,,,,,,,,,,,,,,,,,,,,,,,,,,,,,,,,,,,,,,,,,,,,,,,,,,,,,,,,,,,,,,,,,,,,,,,,,,,,,,,,,,,,,,,,,
Data,12,record,timestamp,"944862034",s,position_lat,"390079934",semicircles,position_long,"-1397763642",semicircles,distance,"17899.16",m,altitude,"17.0",m,speed,"3.527",m/s,unknown,"0",,unknown,"100",,heart_rate,"93",bpm,cadence,"0",rpm,fractional_cadence,"0.0",rpm,enhanced_altitude,"17.0",m,enhanced_speed,"3.527",m/s,,,,,,,,,,,,,,,,,,,,,,,,,,,,,,,,,,,,,,,,,,,,,,,,,,,,,,,,,,,,,,,,,,,,,,,,,,,,,,,,,,,,,,,,,,,,,,,,,,,,,,,,,,,,,,,,,,,,,,,,,,,,,,,,,,,,,,,,,,,,,,,,,,,,,,,,,,,,,,,,,,,
Data,12,record,timestamp,"944862040",s,position_lat,"390082254",semicircles,position_long,"-1397763928",semicircles,distance,"17920.73",m,altitude,"17.0",m,speed,"3.415",m/s,unknown,"0",,unknown,"100",,heart_rate,"97",bpm,cadence,"0",rpm,fractional_cadence,"0.0",rpm,enhanced_altitude,"17.0",m,enhanced_speed,"3.415",m/s,,,,,,,,,,,,,,,,,,,,,,,,,,,,,,,,,,,,,,,,,,,,,,,,,,,,,,,,,,,,,,,,,,,,,,,,,,,,,,,,,,,,,,,,,,,,,,,,,,,,,,,,,,,,,,,,,,,,,,,,,,,,,,,,,,,,,,,,,,,,,,,,,,,,,,,,,,,,,,,,,,,
Data,12,record,timestamp,"944862042",s,position_lat,"390083013",semicircles,position_long,"-1397764093",semicircles,distance,"17927.9",m,altitude,"17.0",m,speed,"3.378",m/s,unknown,"0",,unknown,"100",,heart_rate,"100",bpm,cadence,"0",rpm,fractional_cadence,"0.0",rpm,enhanced_altitude,"17.0",m,enhanced_speed,"3.378",m/s,,,,,,,,,,,,,,,,,,,,,,,,,,,,,,,,,,,,,,,,,,,,,,,,,,,,,,,,,,,,,,,,,,,,,,,,,,,,,,,,,,,,,,,,,,,,,,,,,,,,,,,,,,,,,,,,,,,,,,,,,,,,,,,,,,,,,,,,,,,,,,,,,,,,,,,,,,,,,,,,,,,
Data,12,record,timestamp,"944862043",s,position_lat,"390083350",semicircles,position_long,"-1397764255",semicircles,distance,"17931.23",m,altitude,"16.600000000000023",m,speed,"3.135",m/s,unknown,"0",,unknown,"100",,heart_rate,"101",bpm,cadence,"0",rpm,fractional_cadence,"0.0",rpm,enhanced_altitude,"16.600000000000023",m,enhanced_speed,"3.135",m/s,,,,,,,,,,,,,,,,,,,,,,,,,,,,,,,,,,,,,,,,,,,,,,,,,,,,,,,,,,,,,,,,,,,,,,,,,,,,,,,,,,,,,,,,,,,,,,,,,,,,,,,,,,,,,,,,,,,,,,,,,,,,,,,,,,,,,,,,,,,,,,,,,,,,,,,,,,,,,,,,,,,
Data,12,record,timestamp,"944862047",s,position_lat,"390084019",semicircles,position_long,"-1397765412",semicircles,distance,"17942.41",m,altitude,"16.200000000000045",m,speed,"2.641",m/s,unknown,"0",,unknown,"100",,heart_rate,"105",bpm,cadence,"0",rpm,fractional_cadence,"0.0",rpm,enhanced_altitude,"16.200000000000045",m,enhanced_speed,"2.641",m/s,,,,,,,,,,,,,,,,,,,,,,,,,,,,,,,,,,,,,,,,,,,,,,,,,,,,,,,,,,,,,,,,,,,,,,,,,,,,,,,,,,,,,,,,,,,,,,,,,,,,,,,,,,,,,,,,,,,,,,,,,,,,,,,,,,,,,,,,,,,,,,,,,,,,,,,,,,,,,,,,,,,
Data,12,record,timestamp,"944862049",s,position_lat,"390084095",semicircles,position_long,"-1397765976",semicircles,distance,"17946.91",m,altitude,"16.200000000000045",m,speed,"2.482",m/s,unknown,"0",,unknown,"100",,heart_rate,"108",bpm,cadence,"0",rpm,fractional_cadence,"0.0",rpm,enhanced_altitude,"16.200000000000045",m,enhanced_speed,"2.482",m/s,,,,,,,,,,,,,,,,,,,,,,,,,,,,,,,,,,,,,,,,,,,,,,,,,,,,,,,,,,,,,,,,,,,,,,,,,,,,,,,,,,,,,,,,,,,,,,,,,,,,,,,,,,,,,,,,,,,,,,,,,,,,,,,,,,,,,,,,,,,,,,,,,,,,,,,,,,,,,,,,,,,
Data,12,record,timestamp,"944862053",s,position_lat,"390083970",semicircles,position_long,"-1397767146",semicircles,distance,"17956.19",m,altitude,"16.200000000000045",m,speed,"2.519",m/s,unknown,"0",,unknown,"100",,heart_rate,"109",bpm,cadence,"61",rpm,fractional_cadence,"0.0",rpm,enhanced_altitude,"16.200000000000045",m,enhanced_speed,"2.519",m/s,,,,,,,,,,,,,,,,,,,,,,,,,,,,,,,,,,,,,,,,,,,,,,,,,,,,,,,,,,,,,,,,,,,,,,,,,,,,,,,,,,,,,,,,,,,,,,,,,,,,,,,,,,,,,,,,,,,,,,,,,,,,,,,,,,,,,,,,,,,,,,,,,,,,,,,,,,,,,,,,,,,
Data,12,record,timestamp,"944862061",s,position_lat,"390083181",semicircles,position_long,"-1397769819",semicircles,distance,"17978.4",m,altitude,"16.399999999999977",m,speed,"2.725",m/s,unknown,"0",,unknown,"100",,heart_rate,"112",bpm,cadence,"0",rpm,fractional_cadence,"0.0",rpm,enhanced_altitude,"16.399999999999977",m,enhanced_speed,"2.725",m/s,,,,,,,,,,,,,,,,,,,,,,,,,,,,,,,,,,,,,,,,,,,,,,,,,,,,,,,,,,,,,,,,,,,,,,,,,,,,,,,,,,,,,,,,,,,,,,,,,,,,,,,,,,,,,,,,,,,,,,,,,,,,,,,,,,,,,,,,,,,,,,,,,,,,,,,,,,,,,,,,,,,
Data,12,record,timestamp,"944862063",s,position_lat,"390083001",semicircles,position_long,"-1397770655",semicircles,distance,"17985.17",m,altitude,"16.600000000000023",m,speed,"3.051",m/s,unknown,"0",,unknown,"100",,heart_rate,"113",bpm,cadence,"0",rpm,fractional_cadence,"0.0",rpm,enhanced_altitude,"16.600000000000023",m,enhanced_speed,"3.051",m/s,,,,,,,,,,,,,,,,,,,,,,,,,,,,,,,,,,,,,,,,,,,,,,,,,,,,,,,,,,,,,,,,,,,,,,,,,,,,,,,,,,,,,,,,,,,,,,,,,,,,,,,,,,,,,,,,,,,,,,,,,,,,,,,,,,,,,,,,,,,,,,,,,,,,,,,,,,,,,,,,,,,
Data,12,record,timestamp,"944862071",s,position_lat,"390082899",semicircles,position_long,"-1397773768",semicircles,distance,"18009.71",m,altitude,"16.600000000000023",m,speed,"3.144",m/s,unknown,"0",,unknown,"100",,heart_rate,"112",bpm,cadence,"0",rpm,fractional_cadence,"0.0",rpm,enhanced_altitude,"16.600000000000023",m,enhanced_speed,"3.144",m/s,,,,,,,,,,,,,,,,,,,,,,,,,,,,,,,,,,,,,,,,,,,,,,,,,,,,,,,,,,,,,,,,,,,,,,,,,,,,,,,,,,,,,,,,,,,,,,,,,,,,,,,,,,,,,,,,,,,,,,,,,,,,,,,,,,,,,,,,,,,,,,,,,,,,,,,,,,,,,,,,,,,
Data,12,record,timestamp,"944862080",s,position_lat,"390082673",semicircles,position_long,"-1397777214",semicircles,distance,"18036.96",m,altitude,"16.600000000000023",m,speed,"2.948",m/s,unknown,"0",,unknown,"100",,heart_rate,"112",bpm,cadence,"0",rpm,fractional_cadence,"0.0",rpm,enhanced_altitude,"16.600000000000023",m,enhanced_speed,"2.948",m/s,,,,,,,,,,,,,,,,,,,,,,,,,,,,,,,,,,,,,,,,,,,,,,,,,,,,,,,,,,,,,,,,,,,,,,,,,,,,,,,,,,,,,,,,,,,,,,,,,,,,,,,,,,,,,,,,,,,,,,,,,,,,,,,,,,,,,,,,,,,,,,,,,,,,,,,,,,,,,,,,,,,
Data,12,record,timestamp,"944862089",s,position_lat,"390082135",semicircles,position_long,"-1397780966",semicircles,distance,"18066.94",m,altitude,"16.799999999999955",m,speed,"3.182",m/s,unknown,"0",,unknown,"100",,heart_rate,"110",bpm,cadence,"0",rpm,fractional_cadence,"0.0",rpm,enhanced_altitude,"16.799999999999955",m,enhanced_speed,"3.182",m/s,,,,,,,,,,,,,,,,,,,,,,,,,,,,,,,,,,,,,,,,,,,,,,,,,,,,,,,,,,,,,,,,,,,,,,,,,,,,,,,,,,,,,,,,,,,,,,,,,,,,,,,,,,,,,,,,,,,,,,,,,,,,,,,,,,,,,,,,,,,,,,,,,,,,,,,,,,,,,,,,,,,
Data,12,record,timestamp,"944862098",s,position_lat,"390082051",semicircles,position_long,"-1397784645",semicircles,distance,"18095.9",m,altitude,"16.799999999999955",m,speed,"3.023",m/s,unknown,"0",,unknown,"100",,heart_rate,"109",bpm,cadence,"0",rpm,fractional_cadence,"0.0",rpm,enhanced_altitude,"16.799999999999955",m,enhanced_speed,"3.023",m/s,,,,,,,,,,,,,,,,,,,,,,,,,,,,,,,,,,,,,,,,,,,,,,,,,,,,,,,,,,,,,,,,,,,,,,,,,,,,,,,,,,,,,,,,,,,,,,,,,,,,,,,,,,,,,,,,,,,,,,,,,,,,,,,,,,,,,,,,,,,,,,,,,,,,,,,,,,,,,,,,,,,
Data,12,record,timestamp,"944862102",s,position_lat,"390082155",semicircles,position_long,"-1397786278",semicircles,distance,"18108.74",m,altitude,"16.799999999999955",m,speed,"3.191",m/s,unknown,"0",,unknown,"100",,heart_rate,"106",bpm,cadence,"0",rpm,fractional_cadence,"0.0",rpm,enhanced_altitude,"16.799999999999955",m,enhanced_speed,"3.191",m/s,,,,,,,,,,,,,,,,,,,,,,,,,,,,,,,,,,,,,,,,,,,,,,,,,,,,,,,,,,,,,,,,,,,,,,,,,,,,,,,,,,,,,,,,,,,,,,,,,,,,,,,,,,,,,,,,,,,,,,,,,,,,,,,,,,,,,,,,,,,,,,,,,,,,,,,,,,,,,,,,,,,
Data,12,record,timestamp,"944862108",s,position_lat,"390082134",semicircles,position_long,"-1397788574",semicircles,distance,"18126.77",m,altitude,"16.799999999999955",m,speed,"3.107",m/s,unknown,"0",,unknown,"100",,heart_rate,"107",bpm,cadence,"0",rpm,fractional_cadence,"0.0",rpm,enhanced_altitude,"16.799999999999955",m,enhanced_speed,"3.107",m/s,,,,,,,,,,,,,,,,,,,,,,,,,,,,,,,,,,,,,,,,,,,,,,,,,,,,,,,,,,,,,,,,,,,,,,,,,,,,,,,,,,,,,,,,,,,,,,,,,,,,,,,,,,,,,,,,,,,,,,,,,,,,,,,,,,,,,,,,,,,,,,,,,,,,,,,,,,,,,,,,,,,
Data,12,record,timestamp,"944862110",s,position_lat,"390082084",semicircles,position_long,"-1397789301",semicircles,distance,"18132.51",m,altitude,"16.799999999999955",m,speed,"2.743",m/s,unknown,"0",,unknown,"100",,heart_rate,"104",bpm,cadence,"0",rpm,fractional_cadence,"0.0",rpm,enhanced_altitude,"16.799999999999955",m,enhanced_speed,"2.743",m/s,,,,,,,,,,,,,,,,,,,,,,,,,,,,,,,,,,,,,,,,,,,,,,,,,,,,,,,,,,,,,,,,,,,,,,,,,,,,,,,,,,,,,,,,,,,,,,,,,,,,,,,,,,,,,,,,,,,,,,,,,,,,,,,,,,,,,,,,,,,,,,,,,,,,,,,,,,,,,,,,,,,
Data,12,record,timestamp,"944862116",s,position_lat,"390081934",semicircles,position_long,"-1397791622",semicircles,distance,"18150.81",m,altitude,"16.799999999999955",m,speed,"3.032",m/s,unknown,"0",,unknown,"100",,heart_rate,"103",bpm,cadence,"0",rpm,fractional_cadence,"0.0",rpm,enhanced_altitude,"16.799999999999955",m,enhanced_speed,"3.032",m/s,,,,,,,,,,,,,,,,,,,,,,,,,,,,,,,,,,,,,,,,,,,,,,,,,,,,,,,,,,,,,,,,,,,,,,,,,,,,,,,,,,,,,,,,,,,,,,,,,,,,,,,,,,,,,,,,,,,,,,,,,,,,,,,,,,,,,,,,,,,,,,,,,,,,,,,,,,,,,,,,,,,
Data,12,record,timestamp,"944862126",s,position_lat,"390081456",semicircles,position_long,"-1397795802",semicircles,distance,"18183.96",m,altitude,"16.600000000000023",m,speed,"3.238",m/s,unknown,"0",,unknown,"100",,heart_rate,"102",bpm,cadence,"0",rpm,fractional_cadence,"0.0",rpm,enhanced_altitude,"16.600000000000023",m,enhanced_speed,"3.238",m/s,,,,,,,,,,,,,,,,,,,,,,,,,,,,,,,,,,,,,,,,,,,,,,,,,,,,,,,,,,,,,,,,,,,,,,,,,,,,,,,,,,,,,,,,,,,,,,,,,,,,,,,,,,,,,,,,,,,,,,,,,,,,,,,,,,,,,,,,,,,,,,,,,,,,,,,,,,,,,,,,,,,
Data,12,record,timestamp,"944862131",s,position_lat,"390081350",semicircles,position_long,"-1397797774",semicircles,distance,"18199.48",m,altitude,"16.600000000000023",m,speed,"2.967",m/s,unknown,"0",,unknown,"100",,heart_rate,"99",bpm,cadence,"0",rpm,fractional_cadence,"0.0",rpm,enhanced_altitude,"16.600000000000023",m,enhanced_speed,"2.967",m/s,,,,,,,,,,,,,,,,,,,,,,,,,,,,,,,,,,,,,,,,,,,,,,,,,,,,,,,,,,,,,,,,,,,,,,,,,,,,,,,,,,,,,,,,,,,,,,,,,,,,,,,,,,,,,,,,,,,,,,,,,,,,,,,,,,,,,,,,,,,,,,,,,,,,,,,,,,,,,,,,,,,
Data,12,record,timestamp,"944862134",s,position_lat,"390081317",semicircles,position_long,"-1397799036",semicircles,distance,"18209.4",m,altitude,"16.600000000000023",m,speed,"3.256",m/s,unknown,"0",,unknown,"100",,heart_rate,"97",bpm,cadence,"0",rpm,fractional_cadence,"0.0",rpm,enhanced_altitude,"16.600000000000023",m,enhanced_speed,"3.256",m/s,,,,,,,,,,,,,,,,,,,,,,,,,,,,,,,,,,,,,,,,,,,,,,,,,,,,,,,,,,,,,,,,,,,,,,,,,,,,,,,,,,,,,,,,,,,,,,,,,,,,,,,,,,,,,,,,,,,,,,,,,,,,,,,,,,,,,,,,,,,,,,,,,,,,,,,,,,,,,,,,,,,
Data,12,record,timestamp,"944862135",s,position_lat,"390081311",semicircles,position_long,"-1397799448",semicircles,distance,"18212.64",m,altitude,"16.600000000000023",m,speed,"3.172",m/s,unknown,"0",,unknown,"100",,heart_rate,"100",bpm,cadence,"0",rpm,fractional_cadence,"0.0",rpm,enhanced_altitude,"16.600000000000023",m,enhanced_speed,"3.172",m/s,,,,,,,,,,,,,,,,,,,,,,,,,,,,,,,,,,,,,,,,,,,,,,,,,,,,,,,,,,,,,,,,,,,,,,,,,,,,,,,,,,,,,,,,,,,,,,,,,,,,,,,,,,,,,,,,,,,,,,,,,,,,,,,,,,,,,,,,,,,,,,,,,,,,,,,,,,,,,,,,,,,
Data,12,record,timestamp,"944862140",s,position_lat,"390081161",semicircles,position_long,"-1397801394",semicircles,distance,"18228.0",m,altitude,"16.600000000000023",m,speed,"2.921",m/s,unknown,"0",,unknown,"100",,heart_rate,"103",bpm,cadence,"0",rpm,fractional_cadence,"0.0",rpm,enhanced_altitude,"16.600000000000023",m,enhanced_speed,"2.921",m/s,,,,,,,,,,,,,,,,,,,,,,,,,,,,,,,,,,,,,,,,,,,,,,,,,,,,,,,,,,,,,,,,,,,,,,,,,,,,,,,,,,,,,,,,,,,,,,,,,,,,,,,,,,,,,,,,,,,,,,,,,,,,,,,,,,,,,,,,,,,,,,,,,,,,,,,,,,,,,,,,,,,
Data,12,record,timestamp,"944862142",s,position_lat,"390081171",semicircles,position_long,"-1397802038",semicircles,distance,"18233.09",m,altitude,"16.600000000000023",m,speed,"2.855",m/s,unknown,"0",,unknown,"100",,heart_rate,"106",bpm,cadence,"0",rpm,fractional_cadence,"0.0",rpm,enhanced_altitude,"16.600000000000023",m,enhanced_speed,"2.855",m/s,,,,,,,,,,,,,,,,,,,,,,,,,,,,,,,,,,,,,,,,,,,,,,,,,,,,,,,,,,,,,,,,,,,,,,,,,,,,,,,,,,,,,,,,,,,,,,,,,,,,,,,,,,,,,,,,,,,,,,,,,,,,,,,,,,,,,,,,,,,,,,,,,,,,,,,,,,,,,,,,,,,
Data,12,record,timestamp,"944862143",s,position_lat,"390081114",semicircles,position_long,"-1397802358",semicircles,distance,"18235.65",m,altitude,"16.600000000000023",m,speed,"2.967",m/s,unknown,"0",,unknown,"100",,heart_rate,"106",bpm,cadence,"0",rpm,fractional_cadence,"0.0",rpm,enhanced_altitude,"16.600000000000023",m,enhanced_speed,"2.967",m/s,,,,,,,,,,,,,,,,,,,,,,,,,,,,,,,,,,,,,,,,,,,,,,,,,,,,,,,,,,,,,,,,,,,,,,,,,,,,,,,,,,,,,,,,,,,,,,,,,,,,,,,,,,,,,,,,,,,,,,,,,,,,,,,,,,,,,,,,,,,,,,,,,,,,,,,,,,,,,,,,,,,
Data,12,record,timestamp,"944862147",s,position_lat,"390081164",semicircles,position_long,"-1397803771",semicircles,distance,"18246.82",m,altitude,"16.600000000000023",m,speed,"2.641",m/s,unknown,"0",,unknown,"100",,heart_rate,"109",bpm,cadence,"0",rpm,fractional_cadence,"0.0",rpm,enhanced_altitude,"16.600000000000023",m,enhanced_speed,"2.641",m/s,,,,,,,,,,,,,,,,,,,,,,,,,,,,,,,,,,,,,,,,,,,,,,,,,,,,,,,,,,,,,,,,,,,,,,,,,,,,,,,,,,,,,,,,,,,,,,,,,,,,,,,,,,,,,,,,,,,,,,,,,,,,,,,,,,,,,,,,,,,,,,,,,,,,,,,,,,,,,,,,,,,
Data,12,record,timestamp,"944862150",s,position_lat,"390081564",semicircles,position_long,"-1397804633",semicircles,distance,"18254.46",m,altitude,"16.600000000000023",m,speed,"2.473",m/s,unknown,"0",,unknown,"100",,heart_rate,"110",bpm,cadence,"70",rpm,fractional_cadence,"0.0",rpm,enhanced_altitude,"16.600000000000023",m,enhanced_speed,"2.473",m/s,,,,,,,,,,,,,,,,,,,,,,,,,,,,,,,,,,,,,,,,,,,,,,,,,,,,,,,,,,,,,,,,,,,,,,,,,,,,,,,,,,,,,,,,,,,,,,,,,,,,,,,,,,,,,,,,,,,,,,,,,,,,,,,,,,,,,,,,,,,,,,,,,,,,,,,,,,,,,,,,,,,
Data,12,record,timestamp,"944862151",s,position_lat,"390081789",semicircles,position_long,"-1397804759",semicircles,distance,"18256.77",m,altitude,"16.399999999999977",m,speed,"2.295",m/s,unknown,"0",,unknown,"100",,heart_rate,"112",bpm,cadence,"0",rpm,fractional_cadence,"0.0",rpm,enhanced_altitude,"16.399999999999977",m,enhanced_speed,"2.295",m/s,,,,,,,,,,,,,,,,,,,,,,,,,,,,,,,,,,,,,,,,,,,,,,,,,,,,,,,,,,,,,,,,,,,,,,,,,,,,,,,,,,,,,,,,,,,,,,,,,,,,,,,,,,,,,,,,,,,,,,,,,,,,,,,,,,,,,,,,,,,,,,,,,,,,,,,,,,,,,,,,,,,
Data,12,record,timestamp,"944862154",s,position_lat,"390082504",semicircles,position_long,"-1397804693",semicircles,distance,"18263.52",m,altitude,"16.399999999999977",m,speed,"2.445",m/s,unknown,"0",,unknown,"100",,heart_rate,"111",bpm,cadence,"0",rpm,fractional_cadence,"0.0",rpm,enhanced_altitude,"16.399999999999977",m,enhanced_speed,"2.445",m/s,,,,,,,,,,,,,,,,,,,,,,,,,,,,,,,,,,,,,,,,,,,,,,,,,,,,,,,,,,,,,,,,,,,,,,,,,,,,,,,,,,,,,,,,,,,,,,,,,,,,,,,,,,,,,,,,,,,,,,,,,,,,,,,,,,,,,,,,,,,,,,,,,,,,,,,,,,,,,,,,,,,
Data,12,record,timestamp,"944862160",s,position_lat,"390084333",semicircles,position_long,"-1397804307",semicircles,distance,"18280.94",m,altitude,"16.200000000000045",m,speed,"3.172",m/s,unknown,"0",,unknown,"300",,heart_rate,"108",bpm,cadence,"0",rpm,fractional_cadence,"0.0",rpm,enhanced_altitude,"16.200000000000045",m,enhanced_speed,"3.172",m/s,,,,,,,,,,,,,,,,,,,,,,,,,,,,,,,,,,,,,,,,,,,,,,,,,,,,,,,,,,,,,,,,,,,,,,,,,,,,,,,,,,,,,,,,,,,,,,,,,,,,,,,,,,,,,,,,,,,,,,,,,,,,,,,,,,,,,,,,,,,,,,,,,,,,,,,,,,,,,,,,,,,
Data,12,record,timestamp,"944862161",s,position_lat,"390084670",semicircles,position_long,"-1397804294",semicircles,distance,"18284.07",m,altitude,"16.200000000000045",m,speed,"3.079",m/s,unknown,"0",,unknown,"300",,heart_rate,"108",bpm,cadence,"0",rpm,fractional_cadence,"0.0",rpm,enhanced_altitude,"16.200000000000045",m,enhanced_speed,"3.079",m/s,,,,,,,,,,,,,,,,,,,,,,,,,,,,,,,,,,,,,,,,,,,,,,,,,,,,,,,,,,,,,,,,,,,,,,,,,,,,,,,,,,,,,,,,,,,,,,,,,,,,,,,,,,,,,,,,,,,,,,,,,,,,,,,,,,,,,,,,,,,,,,,,,,,,,,,,,,,,,,,,,,,
Data,12,record,timestamp,"944862162",s,position_lat,"390085020",semicircles,position_long,"-1397804274",semicircles,distance,"18287.32",m,altitude,"16.200000000000045",m,speed,"3.219",m/s,unknown,"0",,unknown,"300",,heart_rate,"105",bpm,cadence,"0",rpm,fractional_cadence,"0.0",rpm,enhanced_altitude,"16.200000000000045",m,enhanced_speed,"3.219",m/s,,,,,,,,,,,,,,,,,,,,,,,,,,,,,,,,,,,,,,,,,,,,,,,,,,,,,,,,,,,,,,,,,,,,,,,,,,,,,,,,,,,,,,,,,,,,,,,,,,,,,,,,,,,,,,,,,,,,,,,,,,,,,,,,,,,,,,,,,,,,,,,,,,,,,,,,,,,,,,,,,,,
Data,12,record,timestamp,"944862169",s,position_lat,"390087322",semicircles,position_long,"-1397804511",semicircles,distance,"18308.81",m,altitude,"16.399999999999977",m,speed,"3.126",m/s,unknown,"0",,unknown,"100",,heart_rate,"104",bpm,cadence,"0",rpm,fractional_cadence,"0.0",rpm,enhanced_altitude,"16.399999999999977",m,enhanced_speed,"3.126",m/s,,,,,,,,,,,,,,,,,,,,,,,,,,,,,,,,,,,,,,,,,,,,,,,,,,,,,,,,,,,,,,,,,,,,,,,,,,,,,,,,,,,,,,,,,,,,,,,,,,,,,,,,,,,,,,,,,,,,,,,,,,,,,,,,,,,,,,,,,,,,,,,,,,,,,,,,,,,,,,,,,,,
Data,12,record,timestamp,"944862174",s,position_lat,"390089070",semicircles,position_long,"-1397804815",semicircles,distance,"18325.23",m,altitude,"16.600000000000023",m,speed,"3.34",m/s,unknown,"0",,unknown,"100",,heart_rate,"101",bpm,cadence,"0",rpm,fractional_cadence,"0.0",rpm,enhanced_altitude,"16.600000000000023",m,enhanced_speed,"3.34",m/s,,,,,,,,,,,,,,,,,,,,,,,,,,,,,,,,,,,,,,,,,,,,,,,,,,,,,,,,,,,,,,,,,,,,,,,,,,,,,,,,,,,,,,,,,,,,,,,,,,,,,,,,,,,,,,,,,,,,,,,,,,,,,,,,,,,,,,,,,,,,,,,,,,,,,,,,,,,,,,,,,,,
Data,12,record,timestamp,"944862179",s,position_lat,"390090942",semicircles,position_long,"-1397805284",semicircles,distance,"18343.03",m,altitude,"16.600000000000023",m,speed,"3.331",m/s,unknown,"0",,unknown,"300",,heart_rate,"103",bpm,cadence,"0",rpm,fractional_cadence,"0.0",rpm,enhanced_altitude,"16.600000000000023",m,enhanced_speed,"3.331",m/s,,,,,,,,,,,,,,,,,,,,,,,,,,,,,,,,,,,,,,,,,,,,,,,,,,,,,,,,,,,,,,,,,,,,,,,,,,,,,,,,,,,,,,,,,,,,,,,,,,,,,,,,,,,,,,,,,,,,,,,,,,,,,,,,,,,,,,,,,,,,,,,,,,,,,,,,,,,,,,,,,,,
Data,12,record,timestamp,"944862183",s,position_lat,"390092413",semicircles,position_long,"-1397805700",semicircles,distance,"18357.09",m,altitude,"16.399999999999977",m,speed,"3.126",m/s,unknown,"0",,unknown,"300",,heart_rate,"107",bpm,cadence,"0",rpm,fractional_cadence,"0.0",rpm,enhanced_altitude,"16.399999999999977",m,enhanced_speed,"3.126",m/s,,,,,,,,,,,,,,,,,,,,,,,,,,,,,,,,,,,,,,,,,,,,,,,,,,,,,,,,,,,,,,,,,,,,,,,,,,,,,,,,,,,,,,,,,,,,,,,,,,,,,,,,,,,,,,,,,,,,,,,,,,,,,,,,,,,,,,,,,,,,,,,,,,,,,,,,,,,,,,,,,,,
Data,12,record,timestamp,"944862186",s,position_lat,"390093496",semicircles,position_long,"-1397806015",semicircles,distance,"18367.45",m,altitude,"16.200000000000045",m,speed,"3.378",m/s,unknown,"0",,unknown,"300",,heart_rate,"110",bpm,cadence,"0",rpm,fractional_cadence,"0.0",rpm,enhanced_altitude,"16.200000000000045",m,enhanced_speed,"3.378",m/s,,,,,,,,,,,,,,,,,,,,,,,,,,,,,,,,,,,,,,,,,,,,,,,,,,,,,,,,,,,,,,,,,,,,,,,,,,,,,,,,,,,,,,,,,,,,,,,,,,,,,,,,,,,,,,,,,,,,,,,,,,,,,,,,,,,,,,,,,,,,,,,,,,,,,,,,,,,,,,,,,,,
Data,12,record,timestamp,"944862188",s,position_lat,"390094231",semicircles,position_long,"-1397806191",semicircles,distance,"18374.42",m,altitude,"16.200000000000045",m,speed,"3.471",m/s,unknown,"0",,unknown,"100",,heart_rate,"108",bpm,cadence,"0",rpm,fractional_cadence,"0.0",rpm,enhanced_altitude,"16.200000000000045",m,enhanced_speed,"3.471",m/s,,,,,,,,,,,,,,,,,,,,,,,,,,,,,,,,,,,,,,,,,,,,,,,,,,,,,,,,,,,,,,,,,,,,,,,,,,,,,,,,,,,,,,,,,,,,,,,,,,,,,,,,,,,,,,,,,,,,,,,,,,,,,,,,,,,,,,,,,,,,,,,,,,,,,,,,,,,,,,,,,,,
Data,12,record,timestamp,"944862190",s,position_lat,"390095029",semicircles,position_long,"-1397806431",semicircles,distance,"18382.08",m,altitude,"16.200000000000045",m,speed,"3.452",m/s,unknown,"0",,unknown,"100",,heart_rate,"111",bpm,cadence,"0",rpm,fractional_cadence,"0.0",rpm,enhanced_altitude,"16.200000000000045",m,enhanced_speed,"3.452",m/s,,,,,,,,,,,,,,,,,,,,,,,,,,,,,,,,,,,,,,,,,,,,,,,,,,,,,,,,,,,,,,,,,,,,,,,,,,,,,,,,,,,,,,,,,,,,,,,,,,,,,,,,,,,,,,,,,,,,,,,,,,,,,,,,,,,,,,,,,,,,,,,,,,,,,,,,,,,,,,,,,,,
Data,12,record,timestamp,"944862192",s,position_lat,"390095827",semicircles,position_long,"-1397806643",semicircles,distance,"18389.68",m,altitude,"16.0",m,speed,"3.247",m/s,unknown,"0",,unknown,"300",,heart_rate,"108",bpm,cadence,"0",rpm,fractional_cadence,"0.0",rpm,enhanced_altitude,"16.0",m,enhanced_speed,"3.247",m/s,,,,,,,,,,,,,,,,,,,,,,,,,,,,,,,,,,,,,,,,,,,,,,,,,,,,,,,,,,,,,,,,,,,,,,,,,,,,,,,,,,,,,,,,,,,,,,,,,,,,,,,,,,,,,,,,,,,,,,,,,,,,,,,,,,,,,,,,,,,,,,,,,,,,,,,,,,,,,,,,,,,
Data,12,record,timestamp,"944862194",s,position_lat,"390096583",semicircles,position_long,"-1397806828",semicircles,distance,"18396.84",m,altitude,"15.799999999999955",m,speed,"3.303",m/s,unknown,"0",,unknown,"300",,heart_rate,"105",bpm,cadence,"0",rpm,fractional_cadence,"0.0",rpm,enhanced_altitude,"15.799999999999955",m,enhanced_speed,"3.303",m/s,,,,,,,,,,,,,,,,,,,,,,,,,,,,,,,,,,,,,,,,,,,,,,,,,,,,,,,,,,,,,,,,,,,,,,,,,,,,,,,,,,,,,,,,,,,,,,,,,,,,,,,,,,,,,,,,,,,,,,,,,,,,,,,,,,,,,,,,,,,,,,,,,,,,,,,,,,,,,,,,,,,
Data,12,record,timestamp,"944862198",s,position_lat,"390097975",semicircles,position_long,"-1397807096",semicircles,distance,"18409.96",m,altitude,"15.799999999999955",m,speed,"3.032",m/s,unknown,"0",,unknown,"300",,heart_rate,"106",bpm,cadence,"0",rpm,fractional_cadence,"0.0",rpm,enhanced_altitude,"15.799999999999955",m,enhanced_speed,"3.032",m/s,,,,,,,,,,,,,,,,,,,,,,,,,,,,,,,,,,,,,,,,,,,,,,,,,,,,,,,,,,,,,,,,,,,,,,,,,,,,,,,,,,,,,,,,,,,,,,,,,,,,,,,,,,,,,,,,,,,,,,,,,,,,,,,,,,,,,,,,,,,,,,,,,,,,,,,,,,,,,,,,,,,
Data,12,record,timestamp,"944862207",s,position_lat,"390101061",semicircles,position_long,"-1397807716",semicircles,distance,"18439.06",m,altitude,"16.200000000000045",m,speed,"3.256",m/s,unknown,"0",,unknown,"100",,heart_rate,"104",bpm,cadence,"0",rpm,fractional_cadence,"0.0",rpm,enhanced_altitude,"16.200000000000045",m,enhanced_speed,"3.256",m/s,,,,,,,,,,,,,,,,,,,,,,,,,,,,,,,,,,,,,,,,,,,,,,,,,,,,,,,,,,,,,,,,,,,,,,,,,,,,,,,,,,,,,,,,,,,,,,,,,,,,,,,,,,,,,,,,,,,,,,,,,,,,,,,,,,,,,,,,,,,,,,,,,,,,,,,,,,,,,,,,,,,
Data,12,record,timestamp,"944862215",s,position_lat,"390103671",semicircles,position_long,"-1397808461",semicircles,distance,"18464.03",m,altitude,"16.600000000000023",m,speed,"3.182",m/s,unknown,"0",,unknown,"100",,heart_rate,"105",bpm,cadence,"0",rpm,fractional_cadence,"0.0",rpm,enhanced_altitude,"16.600000000000023",m,enhanced_speed,"3.182",m/s,,,,,,,,,,,,,,,,,,,,,,,,,,,,,,,,,,,,,,,,,,,,,,,,,,,,,,,,,,,,,,,,,,,,,,,,,,,,,,,,,,,,,,,,,,,,,,,,,,,,,,,,,,,,,,,,,,,,,,,,,,,,,,,,,,,,,,,,,,,,,,,,,,,,,,,,,,,,,,,,,,,
Data,12,record,timestamp,"944862217",s,position_lat,"390104322",semicircles,position_long,"-1397808620",semicircles,distance,"18470.21",m,altitude,"16.600000000000023",m,speed,"3.135",m/s,unknown,"0",,unknown,"100",,heart_rate,"102",bpm,cadence,"47",rpm,fractional_cadence,"0.5",rpm,enhanced_altitude,"16.600000000000023",m,enhanced_speed,"3.135",m/s,,,,,,,,,,,,,,,,,,,,,,,,,,,,,,,,,,,,,,,,,,,,,,,,,,,,,,,,,,,,,,,,,,,,,,,,,,,,,,,,,,,,,,,,,,,,,,,,,,,,,,,,,,,,,,,,,,,,,,,,,,,,,,,,,,,,,,,,,,,,,,,,,,,,,,,,,,,,,,,,,,,
Data,12,record,timestamp,"944862223",s,position_lat,"390106459",semicircles,position_long,"-1397809006",semicircles,distance,"18490.11",m,altitude,"16.799999999999955",m,speed,"3.312",m/s,unknown,"0",,unknown,"100",,heart_rate,"99",bpm,cadence,"0",rpm,fractional_cadence,"0.0",rpm,enhanced_altitude,"16.799999999999955",m,enhanced_speed,"3.312",m/s,,,,,,,,,,,,,,,,,,,,,,,,,,,,,,,,,,,,,,,,,,,,,,,,,,,,,,,,,,,,,,,,,,,,,,,,,,,,,,,,,,,,,,,,,,,,,,,,,,,,,,,,,,,,,,,,,,,,,,,,,,,,,,,,,,,,,,,,,,,,,,,,,,,,,,,,,,,,,,,,,,,
Data,12,record,timestamp,"944862226",s,position_lat,"390107543",semicircles,position_long,"-1397809498",semicircles,distance,"18500.9",m,altitude,"16.799999999999955",m,speed,"3.331",m/s,unknown,"0",,unknown,"100",,heart_rate,"99",bpm,cadence,"0",rpm,fractional_cadence,"0.0",rpm,enhanced_altitude,"16.799999999999955",m,enhanced_speed,"3.331",m/s,,,,,,,,,,,,,,,,,,,,,,,,,,,,,,,,,,,,,,,,,,,,,,,,,,,,,,,,,,,,,,,,,,,,,,,,,,,,,,,,,,,,,,,,,,,,,,,,,,,,,,,,,,,,,,,,,,,,,,,,,,,,,,,,,,,,,,,,,,,,,,,,,,,,,,,,,,,,,,,,,,,
Data,12,record,timestamp,"944862233",s,position_lat,"390109704",semicircles,position_long,"-1397810329",semicircles,distance,"18522.05",m,altitude,"16.799999999999955",m,speed,"2.911",m/s,unknown,"0",,unknown,"100",,heart_rate,"96",bpm,cadence,"0",rpm,fractional_cadence,"0.0",rpm,enhanced_altitude,"16.799999999999955",m,enhanced_speed,"2.911",m/s,,,,,,,,,,,,,,,,,,,,,,,,,,,,,,,,,,,,,,,,,,,,,,,,,,,,,,,,,,,,,,,,,,,,,,,,,,,,,,,,,,,,,,,,,,,,,,,,,,,,,,,,,,,,,,,,,,,,,,,,,,,,,,,,,,,,,,,,,,,,,,,,,,,,,,,,,,,,,,,,,,,
Data,12,record,timestamp,"944862235",s,position_lat,"390110365",semicircles,position_long,"-1397810376",semicircles,distance,"18528.19",m,altitude,"16.799999999999955",m,speed,"2.939",m/s,unknown,"0",,unknown,"100",,heart_rate,"98",bpm,cadence,"0",rpm,fractional_cadence,"0.0",rpm,enhanced_altitude,"16.799999999999955",m,enhanced_speed,"2.939",m/s,,,,,,,,,,,,,,,,,,,,,,,,,,,,,,,,,,,,,,,,,,,,,,,,,,,,,,,,,,,,,,,,,,,,,,,,,,,,,,,,,,,,,,,,,,,,,,,,,,,,,,,,,,,,,,,,,,,,,,,,,,,,,,,,,,,,,,,,,,,,,,,,,,,,,,,,,,,,,,,,,,,
Data,12,record,timestamp,"944862240",s,position_lat,"390111997",semicircles,position_long,"-1397810865",semicircles,distance,"18544.22",m,altitude,"16.799999999999955",m,speed,"2.426",m/s,unknown,"0",,unknown,"100",,heart_rate,"98",bpm,cadence,"0",rpm,fractional_cadence,"0.0",rpm,enhanced_altitude,"16.799999999999955",m,enhanced_speed,"2.426",m/s,,,,,,,,,,,,,,,,,,,,,,,,,,,,,,,,,,,,,,,,,,,,,,,,,,,,,,,,,,,,,,,,,,,,,,,,,,,,,,,,,,,,,,,,,,,,,,,,,,,,,,,,,,,,,,,,,,,,,,,,,,,,,,,,,,,,,,,,,,,,,,,,,,,,,,,,,,,,,,,,,,,
Data,12,record,timestamp,"944862241",s,position_lat,"390112045",semicircles,position_long,"-1397811133",semicircles,distance,"18546.36",m,altitude,"16.799999999999955",m,speed,"2.407",m/s,unknown,"0",,unknown,"100",,heart_rate,"96",bpm,cadence,"0",rpm,fractional_cadence,"0.0",rpm,enhanced_altitude,"16.799999999999955",m,enhanced_speed,"2.407",m/s,,,,,,,,,,,,,,,,,,,,,,,,,,,,,,,,,,,,,,,,,,,,,,,,,,,,,,,,,,,,,,,,,,,,,,,,,,,,,,,,,,,,,,,,,,,,,,,,,,,,,,,,,,,,,,,,,,,,,,,,,,,,,,,,,,,,,,,,,,,,,,,,,,,,,,,,,,,,,,,,,,,
Data,12,record,timestamp,"944862249",s,position_lat,"390112194",semicircles,position_long,"-1397813543",semicircles,distance,"18565.63",m,altitude,"16.600000000000023",m,speed,"2.118",m/s,unknown,"0",,unknown,"100",,heart_rate,"99",bpm,cadence,"0",rpm,fractional_cadence,"0.0",rpm,enhanced_altitude,"16.600000000000023",m,enhanced_speed,"2.118",m/s,,,,,,,,,,,,,,,,,,,,,,,,,,,,,,,,,,,,,,,,,,,,,,,,,,,,,,,,,,,,,,,,,,,,,,,,,,,,,,,,,,,,,,,,,,,,,,,,,,,,,,,,,,,,,,,,,,,,,,,,,,,,,,,,,,,,,,,,,,,,,,,,,,,,,,,,,,,,,,,,,,,
Data,12,record,timestamp,"944862251",s,position_lat,"390112098",semicircles,position_long,"-1397814154",semicircles,distance,"18570.51",m,altitude,"16.399999999999977",m,speed,"2.435",m/s,unknown,"0",,unknown,"100",,heart_rate,"102",bpm,cadence,"0",rpm,fractional_cadence,"0.0",rpm,enhanced_altitude,"16.399999999999977",m,enhanced_speed,"2.435",m/s,,,,,,,,,,,,,,,,,,,,,,,,,,,,,,,,,,,,,,,,,,,,,,,,,,,,,,,,,,,,,,,,,,,,,,,,,,,,,,,,,,,,,,,,,,,,,,,,,,,,,,,,,,,,,,,,,,,,,,,,,,,,,,,,,,,,,,,,,,,,,,,,,,,,,,,,,,,,,,,,,,,
Data,12,record,timestamp,"944862256",s,position_lat,"390111941",semicircles,position_long,"-1397815778",semicircles,distance,"18583.35",m,altitude,"16.200000000000045",m,speed,"2.547",m/s,unknown,"0",,unknown,"100",,heart_rate,"105",bpm,cadence,"0",rpm,fractional_cadence,"0.0",rpm,enhanced_altitude,"16.200000000000045",m,enhanced_speed,"2.547",m/s,,,,,,,,,,,,,,,,,,,,,,,,,,,,,,,,,,,,,,,,,,,,,,,,,,,,,,,,,,,,,,,,,,,,,,,,,,,,,,,,,,,,,,,,,,,,,,,,,,,,,,,,,,,,,,,,,,,,,,,,,,,,,,,,,,,,,,,,,,,,,,,,,,,,,,,,,,,,,,,,,,,
Data,12,record,timestamp,"944862257",s,position_lat,"390111901",semicircles,position_long,"-1397816081",semicircles,distance,"18585.76",m,altitude,"16.200000000000045",m,speed,"2.398",m/s,unknown,"0",,unknown,"100",,heart_rate,"105",bpm,cadence,"0",rpm,fractional_cadence,"0.0",rpm,enhanced_altitude,"16.200000000000045",m,enhanced_speed,"2.398",m/s,,,,,,,,,,,,,,,,,,,,,,,,,,,,,,,,,,,,,,,,,,,,,,,,,,,,,,,,,,,,,,,,,,,,,,,,,,,,,,,,,,,,,,,,,,,,,,,,,,,,,,,,,,,,,,,,,,,,,,,,,,,,,,,,,,,,,,,,,,,,,,,,,,,,,,,,,,,,,,,,,,,
Data,12,record,timestamp,"944862263",s,position_lat,"390111842",semicircles,position_long,"-1397818157",semicircles,distance,"18602.08",m,altitude,"16.200000000000045",m,speed,"2.781",m/s,unknown,"0",,unknown,"100",,heart_rate,"109",bpm,cadence,"0",rpm,fractional_cadence,"0.0",rpm,enhanced_altitude,"16.200000000000045",m,enhanced_speed,"2.781",m/s,,,,,,,,,,,,,,,,,,,,,,,,,,,,,,,,,,,,,,,,,,,,,,,,,,,,,,,,,,,,,,,,,,,,,,,,,,,,,,,,,,,,,,,,,,,,,,,,,,,,,,,,,,,,,,,,,,,,,,,,,,,,,,,,,,,,,,,,,,,,,,,,,,,,,,,,,,,,,,,,,,,
Data,12,record,timestamp,"944862265",s,position_lat,"390111861",semicircles,position_long,"-1397818897",semicircles,distance,"18607.9",m,altitude,"16.200000000000045",m,speed,"2.883",m/s,unknown,"0",,unknown,"100",,heart_rate,"109",bpm,cadence,"0",rpm,fractional_cadence,"0.0",rpm,enhanced_altitude,"16.200000000000045",m,enhanced_speed,"2.883",m/s,,,,,,,,,,,,,,,,,,,,,,,,,,,,,,,,,,,,,,,,,,,,,,,,,,,,,,,,,,,,,,,,,,,,,,,,,,,,,,,,,,,,,,,,,,,,,,,,,,,,,,,,,,,,,,,,,,,,,,,,,,,,,,,,,,,,,,,,,,,,,,,,,,,,,,,,,,,,,,,,,,,
Data,12,record,timestamp,"944862276",s,position_lat,"390111687",semicircles,position_long,"-1397823216",semicircles,distance,"18641.87",m,altitude,"16.399999999999977",m,speed,"2.976",m/s,unknown,"0",,unknown,"100",,heart_rate,"110",bpm,cadence,"0",rpm,fractional_cadence,"0.0",rpm,enhanced_altitude,"16.399999999999977",m,enhanced_speed,"2.976",m/s,,,,,,,,,,,,,,,,,,,,,,,,,,,,,,,,,,,,,,,,,,,,,,,,,,,,,,,,,,,,,,,,,,,,,,,,,,,,,,,,,,,,,,,,,,,,,,,,,,,,,,,,,,,,,,,,,,,,,,,,,,,,,,,,,,,,,,,,,,,,,,,,,,,,,,,,,,,,,,,,,,,
Data,12,record,timestamp,"944862280",s,position_lat,"390111748",semicircles,position_long,"-1397824663",semicircles,distance,"18653.24",m,altitude,"16.399999999999977",m,speed,"2.762",m/s,unknown,"0",,unknown,"100",,heart_rate,"107",bpm,cadence,"0",rpm,fractional_cadence,"0.0",rpm,enhanced_altitude,"16.399999999999977",m,enhanced_speed,"2.762",m/s,,,,,,,,,,,,,,,,,,,,,,,,,,,,,,,,,,,,,,,,,,,,,,,,,,,,,,,,,,,,,,,,,,,,,,,,,,,,,,,,,,,,,,,,,,,,,,,,,,,,,,,,,,,,,,,,,,,,,,,,,,,,,,,,,,,,,,,,,,,,,,,,,,,,,,,,,,,,,,,,,,,
Data,12,record,timestamp,"944862286",s,position_lat,"390111666",semicircles,position_long,"-1397827036",semicircles,distance,"18671.92",m,altitude,"16.399999999999977",m,speed,"2.827",m/s,unknown,"0",,unknown,"100",,heart_rate,"105",bpm,cadence,"0",rpm,fractional_cadence,"0.0",rpm,enhanced_altitude,"16.399999999999977",m,enhanced_speed,"2.827",m/s,,,,,,,,,,,,,,,,,,,,,,,,,,,,,,,,,,,,,,,,,,,,,,,,,,,,,,,,,,,,,,,,,,,,,,,,,,,,,,,,,,,,,,,,,,,,,,,,,,,,,,,,,,,,,,,,,,,,,,,,,,,,,,,,,,,,,,,,,,,,,,,,,,,,,,,,,,,,,,,,,,,
Data,12,record,timestamp,"944862293",s,position_lat,"390111445",semicircles,position_long,"-1397829415",semicircles,distance,"18690.82",m,altitude,"16.399999999999977",m,speed,"2.799",m/s,unknown,"0",,unknown,"100",,heart_rate,"104",bpm,cadence,"0",rpm,fractional_cadence,"0.0",rpm,enhanced_altitude,"16.399999999999977",m,enhanced_speed,"2.799",m/s,,,,,,,,,,,,,,,,,,,,,,,,,,,,,,,,,,,,,,,,,,,,,,,,,,,,,,,,,,,,,,,,,,,,,,,,,,,,,,,,,,,,,,,,,,,,,,,,,,,,,,,,,,,,,,,,,,,,,,,,,,,,,,,,,,,,,,,,,,,,,,,,,,,,,,,,,,,,,,,,,,,
Data,12,record,timestamp,"944862297",s,position_lat,"390111328",semicircles,position_long,"-1397830857",semicircles,distance,"18702.19",m,altitude,"16.399999999999977",m,speed,"2.771",m/s,unknown,"0",,unknown,"100",,heart_rate,"101",bpm,cadence,"0",rpm,fractional_cadence,"0.0",rpm,enhanced_altitude,"16.399999999999977",m,enhanced_speed,"2.771",m/s,,,,,,,,,,,,,,,,,,,,,,,,,,,,,,,,,,,,,,,,,,,,,,,,,,,,,,,,,,,,,,,,,,,,,,,,,,,,,,,,,,,,,,,,,,,,,,,,,,,,,,,,,,,,,,,,,,,,,,,,,,,,,,,,,,,,,,,,,,,,,,,,,,,,,,,,,,,,,,,,,,,
Data,12,record,timestamp,"944862303",s,position_lat,"390111143",semicircles,position_long,"-1397833044",semicircles,distance,"18719.42",m,altitude,"16.399999999999977",m,speed,"2.79",m/s,unknown,"0",,unknown,"100",,heart_rate,"104",bpm,cadence,"0",rpm,fractional_cadence,"0.0",rpm,enhanced_altitude,"16.399999999999977",m,enhanced_speed,"2.79",m/s,,,,,,,,,,,,,,,,,,,,,,,,,,,,,,,,,,,,,,,,,,,,,,,,,,,,,,,,,,,,,,,,,,,,,,,,,,,,,,,,,,,,,,,,,,,,,,,,,,,,,,,,,,,,,,,,,,,,,,,,,,,,,,,,,,,,,,,,,,,,,,,,,,,,,,,,,,,,,,,,,,,
Data,12,record,timestamp,"944862304",s,position_lat,"390111165",semicircles,position_long,"-1397833441",semicircles,distance,"18722.53",m,altitude,"16.399999999999977",m,speed,"2.482",m/s,unknown,"0",,unknown,"100",,heart_rate,"103",bpm,cadence,"0",rpm,fractional_cadence,"0.0",rpm,enhanced_altitude,"16.399999999999977",m,enhanced_speed,"2.482",m/s,,,,,,,,,,,,,,,,,,,,,,,,,,,,,,,,,,,,,,,,,,,,,,,,,,,,,,,,,,,,,,,,,,,,,,,,,,,,,,,,,,,,,,,,,,,,,,,,,,,,,,,,,,,,,,,,,,,,,,,,,,,,,,,,,,,,,,,,,,,,,,,,,,,,,,,,,,,,,,,,,,,
Data,12,record,timestamp,"944862310",s,position_lat,"390112015",semicircles,position_long,"-1397835225",semicircles,distance,"18738.87",m,altitude,"16.399999999999977",m,speed,"2.034",m/s,unknown,"0",,unknown,"100",,heart_rate,"103",bpm,cadence,"0",rpm,fractional_cadence,"0.0",rpm,enhanced_altitude,"16.399999999999977",m,enhanced_speed,"2.034",m/s,,,,,,,,,,,,,,,,,,,,,,,,,,,,,,,,,,,,,,,,,,,,,,,,,,,,,,,,,,,,,,,,,,,,,,,,,,,,,,,,,,,,,,,,,,,,,,,,,,,,,,,,,,,,,,,,,,,,,,,,,,,,,,,,,,,,,,,,,,,,,,,,,,,,,,,,,,,,,,,,,,,
Data,12,record,timestamp,"944862312",s,position_lat,"390112380",semicircles,position_long,"-1397835446",semicircles,distance,"18742.71",m,altitude,"16.399999999999977",m,speed,"2.099",m/s,unknown,"0",,unknown,"100",,heart_rate,"106",bpm,cadence,"0",rpm,fractional_cadence,"0.0",rpm,enhanced_altitude,"16.399999999999977",m,enhanced_speed,"2.099",m/s,,,,,,,,,,,,,,,,,,,,,,,,,,,,,,,,,,,,,,,,,,,,,,,,,,,,,,,,,,,,,,,,,,,,,,,,,,,,,,,,,,,,,,,,,,,,,,,,,,,,,,,,,,,,,,,,,,,,,,,,,,,,,,,,,,,,,,,,,,,,,,,,,,,,,,,,,,,,,,,,,,,
Data,12,record,timestamp,"944862316",s,position_lat,"390113372",semicircles,position_long,"-1397835668",semicircles,distance,"18752.12",m,altitude,"16.399999999999977",m,speed,"2.538",m/s,unknown,"0",,unknown,"100",,heart_rate,"106",bpm,cadence,"0",rpm,fractional_cadence,"0.0",rpm,enhanced_altitude,"16.399999999999977",m,enhanced_speed,"2.538",m/s,,,,,,,,,,,,,,,,,,,,,,,,,,,,,,,,,,,,,,,,,,,,,,,,,,,,,,,,,,,,,,,,,,,,,,,,,,,,,,,,,,,,,,,,,,,,,,,,,,,,,,,,,,,,,,,,,,,,,,,,,,,,,,,,,,,,,,,,,,,,,,,,,,,,,,,,,,,,,,,,,,,
Data,12,record,timestamp,"944862320",s,position_lat,"390114555",semicircles,position_long,"-1397835696",semicircles,distance,"18763.11",m,altitude,"16.200000000000045",m,speed,"3.144",m/s,unknown,"0",,unknown,"100",,heart_rate,"109",bpm,cadence,"0",rpm,fractional_cadence,"0.0",rpm,enhanced_altitude,"16.200000000000045",m,enhanced_speed,"3.144",m/s,,,,,,,,,,,,,,,,,,,,,,,,,,,,,,,,,,,,,,,,,,,,,,,,,,,,,,,,,,,,,,,,,,,,,,,,,,,,,,,,,,,,,,,,,,,,,,,,,,,,,,,,,,,,,,,,,,,,,,,,,,,,,,,,,,,,,,,,,,,,,,,,,,,,,,,,,,,,,,,,,,,
Data,12,record,timestamp,"944862324",s,position_lat,"390115918",semicircles,position_long,"-1397835988",semicircles,distance,"18775.99",m,altitude,"16.0",m,speed,"3.172",m/s,unknown,"0",,unknown,"100",,heart_rate,"108",bpm,cadence,"0",rpm,fractional_cadence,"0.0",rpm,enhanced_altitude,"16.0",m,enhanced_speed,"3.172",m/s,,,,,,,,,,,,,,,,,,,,,,,,,,,,,,,,,,,,,,,,,,,,,,,,,,,,,,,,,,,,,,,,,,,,,,,,,,,,,,,,,,,,,,,,,,,,,,,,,,,,,,,,,,,,,,,,,,,,,,,,,,,,,,,,,,,,,,,,,,,,,,,,,,,,,,,,,,,,,,,,,,,
Data,12,record,timestamp,"944862326",s,position_lat,"390116608",semicircles,position_long,"-1397836146",semicircles,distance,"18782.52",m,altitude,"16.0",m,speed,"3.266",m/s,unknown,"0",,unknown,"100",,heart_rate,"105",bpm,cadence,"0",rpm,fractional_cadence,"0.0",rpm,enhanced_altitude,"16.0",m,enhanced_speed,"3.266",m/s,,,,,,,,,,,,,,,,,,,,,,,,,,,,,,,,,,,,,,,,,,,,,,,,,,,,,,,,,,,,,,,,,,,,,,,,,,,,,,,,,,,,,,,,,,,,,,,,,,,,,,,,,,,,,,,,,,,,,,,,,,,,,,,,,,,,,,,,,,,,,,,,,,,,,,,,,,,,,,,,,,,
Data,12,record,timestamp,"944862333",s,position_lat,"390119072",semicircles,position_long,"-1397836662",semicircles,distance,"18805.78",m,altitude,"16.0",m,speed,"3.172",m/s,unknown,"0",,unknown,"100",,heart_rate,"107",bpm,cadence,"0",rpm,fractional_cadence,"0.0",rpm,enhanced_altitude,"16.0",m,enhanced_speed,"3.172",m/s,,,,,,,,,,,,,,,,,,,,,,,,,,,,,,,,,,,,,,,,,,,,,,,,,,,,,,,,,,,,,,,,,,,,,,,,,,,,,,,,,,,,,,,,,,,,,,,,,,,,,,,,,,,,,,,,,,,,,,,,,,,,,,,,,,,,,,,,,,,,,,,,,,,,,,,,,,,,,,,,,,,
Data,12,record,timestamp,"944862340",s,position_lat,"390121583",semicircles,position_long,"-1397837349",semicircles,distance,"18829.75",m,altitude,"16.0",m,speed,"3.471",m/s,unknown,"0",,unknown,"100",,heart_rate,"104",bpm,cadence,"0",rpm,fractional_cadence,"0.0",rpm,enhanced_altitude,"16.0",m,enhanced_speed,"3.471",m/s,,,,,,,,,,,,,,,,,,,,,,,,,,,,,,,,,,,,,,,,,,,,,,,,,,,,,,,,,,,,,,,,,,,,,,,,,,,,,,,,,,,,,,,,,,,,,,,,,,,,,,,,,,,,,,,,,,,,,,,,,,,,,,,,,,,,,,,,,,,,,,,,,,,,,,,,,,,,,,,,,,,
Data,12,record,timestamp,"944862341",s,position_lat,"390121933",semicircles,position_long,"-1397837482",semicircles,distance,"18833.16",m,altitude,"16.200000000000045",m,speed,"3.331",m/s,unknown,"0",,unknown,"100",,heart_rate,"101",bpm,cadence,"0",rpm,fractional_cadence,"0.0",rpm,enhanced_altitude,"16.200000000000045",m,enhanced_speed,"3.331",m/s,,,,,,,,,,,,,,,,,,,,,,,,,,,,,,,,,,,,,,,,,,,,,,,,,,,,,,,,,,,,,,,,,,,,,,,,,,,,,,,,,,,,,,,,,,,,,,,,,,,,,,,,,,,,,,,,,,,,,,,,,,,,,,,,,,,,,,,,,,,,,,,,,,,,,,,,,,,,,,,,,,,
Data,12,record,timestamp,"944862347",s,position_lat,"390124024",semicircles,position_long,"-1397838156",semicircles,distance,"18853.31",m,altitude,"16.200000000000045",m,speed,"3.247",m/s,unknown,"0",,unknown,"100",,heart_rate,"104",bpm,cadence,"0",rpm,fractional_cadence,"0.0",rpm,enhanced_altitude,"16.200000000000045",m,enhanced_speed,"3.247",m/s,,,,,,,,,,,,,,,,,,,,,,,,,,,,,,,,,,,,,,,,,,,,,,,,,,,,,,,,,,,,,,,,,,,,,,,,,,,,,,,,,,,,,,,,,,,,,,,,,,,,,,,,,,,,,,,,,,,,,,,,,,,,,,,,,,,,,,,,,,,,,,,,,,,,,,,,,,,,,,,,,,,
Data,12,record,timestamp,"944862351",s,position_lat,"390125425",semicircles,position_long,"-1397838724",semicircles,distance,"18867.08",m,altitude,"16.399999999999977",m,speed,"3.592",m/s,unknown,"0",,unknown,"100",,heart_rate,"103",bpm,cadence,"0",rpm,fractional_cadence,"0.0",rpm,enhanced_altitude,"16.399999999999977",m,enhanced_speed,"3.592",m/s,,,,,,,,,,,,,,,,,,,,,,,,,,,,,,,,,,,,,,,,,,,,,,,,,,,,,,,,,,,,,,,,,,,,,,,,,,,,,,,,,,,,,,,,,,,,,,,,,,,,,,,,,,,,,,,,,,,,,,,,,,,,,,,,,,,,,,,,,,,,,,,,,,,,,,,,,,,,,,,,,,,
Data,12,record,timestamp,"944862357",s,position_lat,"390127403",semicircles,position_long,"-1397839491",semicircles,distance,"18886.43",m,altitude,"16.399999999999977",m,speed,"3.396",m/s,unknown,"0",,unknown,"100",,heart_rate,"100",bpm,cadence,"0",rpm,fractional_cadence,"0.0",rpm,enhanced_altitude,"16.399999999999977",m,enhanced_speed,"3.396",m/s,,,,,,,,,,,,,,,,,,,,,,,,,,,,,,,,,,,,,,,,,,,,,,,,,,,,,,,,,,,,,,,,,,,,,,,,,,,,,,,,,,,,,,,,,,,,,,,,,,,,,,,,,,,,,,,,,,,,,,,,,,,,,,,,,,,,,,,,,,,,,,,,,,,,,,,,,,,,,,,,,,,
Data,12,record,timestamp,"944862359",s,position_lat,"390128126",semicircles,position_long,"-1397839704",semicircles,distance,"18893.36",m,altitude,"16.399999999999977",m,speed,"3.359",m/s,unknown,"0",,unknown,"100",,heart_rate,"100",bpm,cadence,"0",rpm,fractional_cadence,"0.0",rpm,enhanced_altitude,"16.399999999999977",m,enhanced_speed,"3.359",m/s,,,,,,,,,,,,,,,,,,,,,,,,,,,,,,,,,,,,,,,,,,,,,,,,,,,,,,,,,,,,,,,,,,,,,,,,,,,,,,,,,,,,,,,,,,,,,,,,,,,,,,,,,,,,,,,,,,,,,,,,,,,,,,,,,,,,,,,,,,,,,,,,,,,,,,,,,,,,,,,,,,,
Data,12,record,timestamp,"944862366",s,position_lat,"390130341",semicircles,position_long,"-1397840534",semicircles,distance,"18914.95",m,altitude,"16.399999999999977",m,speed,"3.406",m/s,unknown,"0",,unknown,"100",,heart_rate,"101",bpm,cadence,"64",rpm,fractional_cadence,"0.0",rpm,enhanced_altitude,"16.399999999999977",m,enhanced_speed,"3.406",m/s,,,,,,,,,,,,,,,,,,,,,,,,,,,,,,,,,,,,,,,,,,,,,,,,,,,,,,,,,,,,,,,,,,,,,,,,,,,,,,,,,,,,,,,,,,,,,,,,,,,,,,,,,,,,,,,,,,,,,,,,,,,,,,,,,,,,,,,,,,,,,,,,,,,,,,,,,,,,,,,,,,,
Data,12,record,timestamp,"944862369",s,position_lat,"390131376",semicircles,position_long,"-1397840986",semicircles,distance,"18925.21",m,altitude,"16.399999999999977",m,speed,"3.266",m/s,unknown,"0",,unknown,"100",,heart_rate,"98",bpm,cadence,"0",rpm,fractional_cadence,"0.0",rpm,enhanced_altitude,"16.399999999999977",m,enhanced_speed,"3.266",m/s,,,,,,,,,,,,,,,,,,,,,,,,,,,,,,,,,,,,,,,,,,,,,,,,,,,,,,,,,,,,,,,,,,,,,,,,,,,,,,,,,,,,,,,,,,,,,,,,,,,,,,,,,,,,,,,,,,,,,,,,,,,,,,,,,,,,,,,,,,,,,,,,,,,,,,,,,,,,,,,,,,,
Data,12,record,timestamp,"944862376",s,position_lat,"390133666",semicircles,position_long,"-1397842010",semicircles,distance,"18947.97",m,altitude,"16.600000000000023",m,speed,"3.359",m/s,unknown,"0",,unknown,"100",,heart_rate,"103",bpm,cadence,"0",rpm,fractional_cadence,"0.0",rpm,enhanced_altitude,"16.600000000000023",m,enhanced_speed,"3.359",m/s,,,,,,,,,,,,,,,,,,,,,,,,,,,,,,,,,,,,,,,,,,,,,,,,,,,,,,,,,,,,,,,,,,,,,,,,,,,,,,,,,,,,,,,,,,,,,,,,,,,,,,,,,,,,,,,,,,,,,,,,,,,,,,,,,,,,,,,,,,,,,,,,,,,,,,,,,,,,,,,,,,,
Data,12,record,timestamp,"944862383",s,position_lat,"390136050",semicircles,position_long,"-1397842936",semicircles,distance,"18971.29",m,altitude,"16.399999999999977",m,speed,"3.042",m/s,unknown,"0",,unknown,"100",,heart_rate,"105",bpm,cadence,"0",rpm,fractional_cadence,"0.0",rpm,enhanced_altitude,"16.399999999999977",m,enhanced_speed,"3.042",m/s,,,,,,,,,,,,,,,,,,,,,,,,,,,,,,,,,,,,,,,,,,,,,,,,,,,,,,,,,,,,,,,,,,,,,,,,,,,,,,,,,,,,,,,,,,,,,,,,,,,,,,,,,,,,,,,,,,,,,,,,,,,,,,,,,,,,,,,,,,,,,,,,,,,,,,,,,,,,,,,,,,,
Data,12,record,timestamp,"944862386",s,position_lat,"390136986",semicircles,position_long,"-1397843481",semicircles,distance,"18980.98",m,altitude,"16.600000000000023",m,speed,"3.144",m/s,unknown,"0",,unknown,"100",,heart_rate,"108",bpm,cadence,"0",rpm,fractional_cadence,"0.0",rpm,enhanced_altitude,"16.600000000000023",m,enhanced_speed,"3.144",m/s,,,,,,,,,,,,,,,,,,,,,,,,,,,,,,,,,,,,,,,,,,,,,,,,,,,,,,,,,,,,,,,,,,,,,,,,,,,,,,,,,,,,,,,,,,,,,,,,,,,,,,,,,,,,,,,,,,,,,,,,,,,,,,,,,,,,,,,,,,,,,,,,,,,,,,,,,,,,,,,,,,,
Data,12,record,timestamp,"944862393",s,position_lat,"390139235",semicircles,position_long,"-1397844862",semicircles,distance,"19004.52",m,altitude,"16.600000000000023",m,speed,"3.004",m/s,unknown,"0",,unknown,"300",,heart_rate,"108",bpm,cadence,"0",rpm,fractional_cadence,"0.0",rpm,enhanced_altitude,"16.600000000000023",m,enhanced_speed,"3.004",m/s,,,,,,,,,,,,,,,,,,,,,,,,,,,,,,,,,,,,,,,,,,,,,,,,,,,,,,,,,,,,,,,,,,,,,,,,,,,,,,,,,,,,,,,,,,,,,,,,,,,,,,,,,,,,,,,,,,,,,,,,,,,,,,,,,,,,,,,,,,,,,,,,,,,,,,,,,,,,,,,,,,,
Data,12,record,timestamp,"944862398",s,position_lat,"390140267",semicircles,position_long,"-1397845994",semicircles,distance,"19018.21",m,altitude,"16.600000000000023",m,speed,"2.585",m/s,unknown,"0",,unknown,"100",,heart_rate,"103",bpm,cadence,"39",rpm,fractional_cadence,"0.5",rpm,enhanced_altitude,"16.600000000000023",m,enhanced_speed,"2.585",m/s,,,,,,,,,,,,,,,,,,,,,,,,,,,,,,,,,,,,,,,,,,,,,,,,,,,,,,,,,,,,,,,,,,,,,,,,,,,,,,,,,,,,,,,,,,,,,,,,,,,,,,,,,,,,,,,,,,,,,,,,,,,,,,,,,,,,,,,,,,,,,,,,,,,,,,,,,,,,,,,,,,,
Data,12,record,timestamp,"944862401",s,position_lat,"390140305",semicircles,position_long,"-1397846927",semicircles,distance,"19025.57",m,altitude,"16.799999999999955",m,speed,"2.389",m/s,unknown,"0",,unknown,"100",,heart_rate,"107",bpm,cadence,"0",rpm,fractional_cadence,"0.0",rpm,enhanced_altitude,"16.799999999999955",m,enhanced_speed,"2.389",m/s,,,,,,,,,,,,,,,,,,,,,,,,,,,,,,,,,,,,,,,,,,,,,,,,,,,,,,,,,,,,,,,,,,,,,,,,,,,,,,,,,,,,,,,,,,,,,,,,,,,,,,,,,,,,,,,,,,,,,,,,,,,,,,,,,,,,,,,,,,,,,,,,,,,,,,,,,,,,,,,,,,,
Data,12,record,timestamp,"944862403",s,position_lat,"390140031",semicircles,position_long,"-1397847572",semicircles,distance,"19031.26",m,altitude,"16.799999999999955",m,speed,"2.669",m/s,unknown,"0",,unknown,"100",,heart_rate,"107",bpm,cadence,"0",rpm,fractional_cadence,"0.0",rpm,enhanced_altitude,"16.799999999999955",m,enhanced_speed,"2.669",m/s,,,,,,,,,,,,,,,,,,,,,,,,,,,,,,,,,,,,,,,,,,,,,,,,,,,,,,,,,,,,,,,,,,,,,,,,,,,,,,,,,,,,,,,,,,,,,,,,,,,,,,,,,,,,,,,,,,,,,,,,,,,,,,,,,,,,,,,,,,,,,,,,,,,,,,,,,,,,,,,,,,,
Data,12,record,timestamp,"944862412",s,position_lat,"390138601",semicircles,position_long,"-1397850927",semicircles,distance,"19060.81",m,altitude,"16.600000000000023",m,speed,"3.331",m/s,unknown,"0",,unknown,"100",,heart_rate,"106",bpm,cadence,"0",rpm,fractional_cadence,"0.0",rpm,enhanced_altitude,"16.600000000000023",m,enhanced_speed,"3.331",m/s,,,,,,,,,,,,,,,,,,,,,,,,,,,,,,,,,,,,,,,,,,,,,,,,,,,,,,,,,,,,,,,,,,,,,,,,,,,,,,,,,,,,,,,,,,,,,,,,,,,,,,,,,,,,,,,,,,,,,,,,,,,,,,,,,,,,,,,,,,,,,,,,,,,,,,,,,,,,,,,,,,,
Data,12,record,timestamp,"944862421",s,position_lat,"390137636",semicircles,position_long,"-1397854590",semicircles,distance,"19090.95",m,altitude,"16.600000000000023",m,speed,"3.088",m/s,unknown,"0",,unknown,"100",,heart_rate,"108",bpm,cadence,"0",rpm,fractional_cadence,"0.0",rpm,enhanced_altitude,"16.600000000000023",m,enhanced_speed,"3.088",m/s,,,,,,,,,,,,,,,,,,,,,,,,,,,,,,,,,,,,,,,,,,,,,,,,,,,,,,,,,,,,,,,,,,,,,,,,,,,,,,,,,,,,,,,,,,,,,,,,,,,,,,,,,,,,,,,,,,,,,,,,,,,,,,,,,,,,,,,,,,,,,,,,,,,,,,,,,,,,,,,,,,,
Data,12,record,timestamp,"944862429",s,position_lat,"390136951",semicircles,position_long,"-1397858215",semicircles,distance,"19120.16",m,altitude,"16.600000000000023",m,speed,"3.368",m/s,unknown,"0",,unknown,"100",,heart_rate,"107",bpm,cadence,"0",rpm,fractional_cadence,"0.0",rpm,enhanced_altitude,"16.600000000000023",m,enhanced_speed,"3.368",m/s,,,,,,,,,,,,,,,,,,,,,,,,,,,,,,,,,,,,,,,,,,,,,,,,,,,,,,,,,,,,,,,,,,,,,,,,,,,,,,,,,,,,,,,,,,,,,,,,,,,,,,,,,,,,,,,,,,,,,,,,,,,,,,,,,,,,,,,,,,,,,,,,,,,,,,,,,,,,,,,,,,,
Data,12,record,timestamp,"944862439",s,position_lat,"390136216",semicircles,position_long,"-1397862246",semicircles,distance,"19152.55",m,altitude,"16.399999999999977",m,speed,"3.247",m/s,unknown,"0",,unknown,"100",,heart_rate,"107",bpm,cadence,"49",rpm,fractional_cadence,"0.0",rpm,enhanced_altitude,"16.399999999999977",m,enhanced_speed,"3.247",m/s,,,,,,,,,,,,,,,,,,,,,,,,,,,,,,,,,,,,,,,,,,,,,,,,,,,,,,,,,,,,,,,,,,,,,,,,,,,,,,,,,,,,,,,,,,,,,,,,,,,,,,,,,,,,,,,,,,,,,,,,,,,,,,,,,,,,,,,,,,,,,,,,,,,,,,,,,,,,,,,,,,,
Data,12,record,timestamp,"944862447",s,position_lat,"390135543",semicircles,position_long,"-1397865186",semicircles,distance,"19176.6",m,altitude,"16.399999999999977",m,speed,"3.331",m/s,unknown,"0",,unknown,"100",,heart_rate,"105",bpm,cadence,"0",rpm,fractional_cadence,"0.0",rpm,enhanced_altitude,"16.399999999999977",m,enhanced_speed,"3.331",m/s,,,,,,,,,,,,,,,,,,,,,,,,,,,,,,,,,,,,,,,,,,,,,,,,,,,,,,,,,,,,,,,,,,,,,,,,,,,,,,,,,,,,,,,,,,,,,,,,,,,,,,,,,,,,,,,,,,,,,,,,,,,,,,,,,,,,,,,,,,,,,,,,,,,,,,,,,,,,,,,,,,,
Data,12,record,timestamp,"944862455",s,position_lat,"390135155",semicircles,position_long,"-1397868308",semicircles,distance,"19201.37",m,altitude,"16.200000000000045",m,speed,"3.042",m/s,unknown,"0",,unknown,"100",,heart_rate,"104",bpm,cadence,"0",rpm,fractional_cadence,"0.0",rpm,enhanced_altitude,"16.200000000000045",m,enhanced_speed,"3.042",m/s,,,,,,,,,,,,,,,,,,,,,,,,,,,,,,,,,,,,,,,,,,,,,,,,,,,,,,,,,,,,,,,,,,,,,,,,,,,,,,,,,,,,,,,,,,,,,,,,,,,,,,,,,,,,,,,,,,,,,,,,,,,,,,,,,,,,,,,,,,,,,,,,,,,,,,,,,,,,,,,,,,,
Data,12,record,timestamp,"944862457",s,position_lat,"390134989",semicircles,position_long,"-1397869185",semicircles,distance,"19208.39",m,altitude,"16.200000000000045",m,speed,"3.088",m/s,unknown,"0",,unknown,"100",,heart_rate,"107",bpm,cadence,"0",rpm,fractional_cadence,"0.0",rpm,enhanced_altitude,"16.200000000000045",m,enhanced_speed,"3.088",m/s,,,,,,,,,,,,,,,,,,,,,,,,,,,,,,,,,,,,,,,,,,,,,,,,,,,,,,,,,,,,,,,,,,,,,,,,,,,,,,,,,,,,,,,,,,,,,,,,,,,,,,,,,,,,,,,,,,,,,,,,,,,,,,,,,,,,,,,,,,,,,,,,,,,,,,,,,,,,,,,,,,,
Data,12,record,timestamp,"944862463",s,position_lat,"390134356",semicircles,position_long,"-1397871601",semicircles,distance,"19228.27",m,altitude,"16.0",m,speed,"3.126",m/s,unknown,"0",,unknown,"100",,heart_rate,"105",bpm,cadence,"0",rpm,fractional_cadence,"0.0",rpm,enhanced_altitude,"16.0",m,enhanced_speed,"3.126",m/s,,,,,,,,,,,,,,,,,,,,,,,,,,,,,,,,,,,,,,,,,,,,,,,,,,,,,,,,,,,,,,,,,,,,,,,,,,,,,,,,,,,,,,,,,,,,,,,,,,,,,,,,,,,,,,,,,,,,,,,,,,,,,,,,,,,,,,,,,,,,,,,,,,,,,,,,,,,,,,,,,,,
Data,12,record,timestamp,"944862464",s,position_lat,"390134238",semicircles,position_long,"-1397871971",semicircles,distance,"19231.38",m,altitude,"16.200000000000045",m,speed,"3.042",m/s,unknown,"0",,unknown,"100",,heart_rate,"108",bpm,cadence,"0",rpm,fractional_cadence,"0.0",rpm,enhanced_altitude,"16.200000000000045",m,enhanced_speed,"3.042",m/s,,,,,,,,,,,,,,,,,,,,,,,,,,,,,,,,,,,,,,,,,,,,,,,,,,,,,,,,,,,,,,,,,,,,,,,,,,,,,,,,,,,,,,,,,,,,,,,,,,,,,,,,,,,,,,,,,,,,,,,,,,,,,,,,,,,,,,,,,,,,,,,,,,,,,,,,,,,,,,,,,,,
Data,12,record,timestamp,"944862468",s,position_lat,"390134621",semicircles,position_long,"-1397873176",semicircles,distance,"19242.14",m,altitude,"16.200000000000045",m,speed,"2.258",m/s,unknown,"0",,unknown,"100",,heart_rate,"107",bpm,cadence,"0",rpm,fractional_cadence,"0.0",rpm,enhanced_altitude,"16.200000000000045",m,enhanced_speed,"2.258",m/s,,,,,,,,,,,,,,,,,,,,,,,,,,,,,,,,,,,,,,,,,,,,,,,,,,,,,,,,,,,,,,,,,,,,,,,,,,,,,,,,,,,,,,,,,,,,,,,,,,,,,,,,,,,,,,,,,,,,,,,,,,,,,,,,,,,,,,,,,,,,,,,,,,,,,,,,,,,,,,,,,,,
Data,12,record,timestamp,"944862474",s,position_lat,"390136399",semicircles,position_long,"-1397873318",semicircles,distance,"19258.85",m,altitude,"16.200000000000045",m,speed,"2.687",m/s,unknown,"0",,unknown,"100",,heart_rate,"104",bpm,cadence,"42",rpm,fractional_cadence,"0.0",rpm,enhanced_altitude,"16.200000000000045",m,enhanced_speed,"2.687",m/s,,,,,,,,,,,,,,,,,,,,,,,,,,,,,,,,,,,,,,,,,,,,,,,,,,,,,,,,,,,,,,,,,,,,,,,,,,,,,,,,,,,,,,,,,,,,,,,,,,,,,,,,,,,,,,,,,,,,,,,,,,,,,,,,,,,,,,,,,,,,,,,,,,,,,,,,,,,,,,,,,,,
Data,12,record,timestamp,"944862475",s,position_lat,"390136736",semicircles,position_long,"-1397873325",semicircles,distance,"19261.98",m,altitude,"16.200000000000045",m,speed,"2.93",m/s,unknown,"0",,unknown,"100",,heart_rate,"107",bpm,cadence,"42",rpm,fractional_cadence,"0.0",rpm,enhanced_altitude,"16.200000000000045",m,enhanced_speed,"2.93",m/s,,,,,,,,,,,,,,,,,,,,,,,,,,,,,,,,,,,,,,,,,,,,,,,,,,,,,,,,,,,,,,,,,,,,,,,,,,,,,,,,,,,,,,,,,,,,,,,,,,,,,,,,,,,,,,,,,,,,,,,,,,,,,,,,,,,,,,,,,,,,,,,,,,,,,,,,,,,,,,,,,,,
Data,12,record,timestamp,"944862481",s,position_lat,"390138955",semicircles,position_long,"-1397873251",semicircles,distance,"19282.59",m,altitude,"16.200000000000045",m,speed,"3.163",m/s,unknown,"0",,unknown,"100",,heart_rate,"107",bpm,cadence,"0",rpm,fractional_cadence,"0.0",rpm,enhanced_altitude,"16.200000000000045",m,enhanced_speed,"3.163",m/s,,,,,,,,,,,,,,,,,,,,,,,,,,,,,,,,,,,,,,,,,,,,,,,,,,,,,,,,,,,,,,,,,,,,,,,,,,,,,,,,,,,,,,,,,,,,,,,,,,,,,,,,,,,,,,,,,,,,,,,,,,,,,,,,,,,,,,,,,,,,,,,,,,,,,,,,,,,,,,,,,,,
Data,12,record,timestamp,"944862488",s,position_lat,"390141544",semicircles,position_long,"-1397873403",semicircles,distance,"19306.72",m,altitude,"16.399999999999977",m,speed,"3.247",m/s,unknown,"0",,unknown,"100",,heart_rate,"106",bpm,cadence,"0",rpm,fractional_cadence,"0.0",rpm,enhanced_altitude,"16.399999999999977",m,enhanced_speed,"3.247",m/s,,,,,,,,,,,,,,,,,,,,,,,,,,,,,,,,,,,,,,,,,,,,,,,,,,,,,,,,,,,,,,,,,,,,,,,,,,,,,,,,,,,,,,,,,,,,,,,,,,,,,,,,,,,,,,,,,,,,,,,,,,,,,,,,,,,,,,,,,,,,,,,,,,,,,,,,,,,,,,,,,,,
Data,12,record,timestamp,"944862497",s,position_lat,"390144739",semicircles,position_long,"-1397874187",semicircles,distance,"19337.1",m,altitude,"16.600000000000023",m,speed,"3.284",m/s,unknown,"0",,unknown,"100",,heart_rate,"106",bpm,cadence,"0",rpm,fractional_cadence,"0.0",rpm,enhanced_altitude,"16.600000000000023",m,enhanced_speed,"3.284",m/s,,,,,,,,,,,,,,,,,,,,,,,,,,,,,,,,,,,,,,,,,,,,,,,,,,,,,,,,,,,,,,,,,,,,,,,,,,,,,,,,,,,,,,,,,,,,,,,,,,,,,,,,,,,,,,,,,,,,,,,,,,,,,,,,,,,,,,,,,,,,,,,,,,,,,,,,,,,,,,,,,,,
Data,12,record,timestamp,"944862499",s,position_lat,"390145336",semicircles,position_long,"-1397874512",semicircles,distance,"19343.21",m,altitude,"16.600000000000023",m,speed,"3.135",m/s,unknown,"0",,unknown,"100",,heart_rate,"109",bpm,cadence,"59",rpm,fractional_cadence,"0.0",rpm,enhanced_altitude,"16.600000000000023",m,enhanced_speed,"3.135",m/s,,,,,,,,,,,,,,,,,,,,,,,,,,,,,,,,,,,,,,,,,,,,,,,,,,,,,,,,,,,,,,,,,,,,,,,,,,,,,,,,,,,,,,,,,,,,,,,,,,,,,,,,,,,,,,,,,,,,,,,,,,,,,,,,,,,,,,,,,,,,,,,,,,,,,,,,,,,,,,,,,,,
Data,12,record,timestamp,"944862503",s,position_lat,"390146554",semicircles,position_long,"-1397875118",semicircles,distance,"19355.49",m,altitude,"16.399999999999977",m,speed,"3.06",m/s,unknown,"0",,unknown,"100",,heart_rate,"106",bpm,cadence,"0",rpm,fractional_cadence,"0.0",rpm,enhanced_altitude,"16.399999999999977",m,enhanced_speed,"3.06",m/s,,,,,,,,,,,,,,,,,,,,,,,,,,,,,,,,,,,,,,,,,,,,,,,,,,,,,,,,,,,,,,,,,,,,,,,,,,,,,,,,,,,,,,,,,,,,,,,,,,,,,,,,,,,,,,,,,,,,,,,,,,,,,,,,,,,,,,,,,,,,,,,,,,,,,,,,,,,,,,,,,,,
Data,12,record,timestamp,"944862504",s,position_lat,"390146878",semicircles,position_long,"-1397875282",semicircles,distance,"19358.77",m,altitude,"16.200000000000045",m,speed,"3.238",m/s,unknown,"0",,unknown,"100",,heart_rate,"107",bpm,cadence,"0",rpm,fractional_cadence,"0.0",rpm,enhanced_altitude,"16.200000000000045",m,enhanced_speed,"3.238",m/s,,,,,,,,,,,,,,,,,,,,,,,,,,,,,,,,,,,,,,,,,,,,,,,,,,,,,,,,,,,,,,,,,,,,,,,,,,,,,,,,,,,,,,,,,,,,,,,,,,,,,,,,,,,,,,,,,,,,,,,,,,,,,,,,,,,,,,,,,,,,,,,,,,,,,,,,,,,,,,,,,,,
Data,12,record,timestamp,"944862514",s,position_lat,"390149860",semicircles,position_long,"-1397876973",semicircles,distance,"19389.5",m,altitude,"16.200000000000045",m,speed,"2.986",m/s,unknown,"0",,unknown,"100",,heart_rate,"108",bpm,cadence,"0",rpm,fractional_cadence,"0.0",rpm,enhanced_altitude,"16.200000000000045",m,enhanced_speed,"2.986",m/s,,,,,,,,,,,,,,,,,,,,,,,,,,,,,,,,,,,,,,,,,,,,,,,,,,,,,,,,,,,,,,,,,,,,,,,,,,,,,,,,,,,,,,,,,,,,,,,,,,,,,,,,,,,,,,,,,,,,,,,,,,,,,,,,,,,,,,,,,,,,,,,,,,,,,,,,,,,,,,,,,,,
Data,12,record,timestamp,"944862524",s,position_lat,"390152984",semicircles,position_long,"-1397878660",semicircles,distance,"19421.46",m,altitude,"16.600000000000023",m,speed,"3.098",m/s,unknown,"0",,unknown,"100",,heart_rate,"107",bpm,cadence,"0",rpm,fractional_cadence,"0.0",rpm,enhanced_altitude,"16.600000000000023",m,enhanced_speed,"3.098",m/s,,,,,,,,,,,,,,,,,,,,,,,,,,,,,,,,,,,,,,,,,,,,,,,,,,,,,,,,,,,,,,,,,,,,,,,,,,,,,,,,,,,,,,,,,,,,,,,,,,,,,,,,,,,,,,,,,,,,,,,,,,,,,,,,,,,,,,,,,,,,,,,,,,,,,,,,,,,,,,,,,,,
Data,12,record,timestamp,"944862531",s,position_lat,"390155156",semicircles,position_long,"-1397879487",semicircles,distance,"19442.88",m,altitude,"16.399999999999977",m,speed,"2.818",m/s,unknown,"0",,unknown,"100",,heart_rate,"107",bpm,cadence,"0",rpm,fractional_cadence,"0.0",rpm,enhanced_altitude,"16.399999999999977",m,enhanced_speed,"2.818",m/s,,,,,,,,,,,,,,,,,,,,,,,,,,,,,,,,,,,,,,,,,,,,,,,,,,,,,,,,,,,,,,,,,,,,,,,,,,,,,,,,,,,,,,,,,,,,,,,,,,,,,,,,,,,,,,,,,,,,,,,,,,,,,,,,,,,,,,,,,,,,,,,,,,,,,,,,,,,,,,,,,,,
Data,12,record,timestamp,"944862536",s,position_lat,"390155588",semicircles,position_long,"-1397880889",semicircles,distance,"19454.79",m,altitude,"16.399999999999977",m,speed,"2.482",m/s,unknown,"0",,unknown,"100",,heart_rate,"106",bpm,cadence,"0",rpm,fractional_cadence,"0.0",rpm,enhanced_altitude,"16.399999999999977",m,enhanced_speed,"2.482",m/s,,,,,,,,,,,,,,,,,,,,,,,,,,,,,,,,,,,,,,,,,,,,,,,,,,,,,,,,,,,,,,,,,,,,,,,,,,,,,,,,,,,,,,,,,,,,,,,,,,,,,,,,,,,,,,,,,,,,,,,,,,,,,,,,,,,,,,,,,,,,,,,,,,,,,,,,,,,,,,,,,,,
Data,12,record,timestamp,"944862544",s,position_lat,"390155131",semicircles,position_long,"-1397883335",semicircles,distance,"19474.67",m,altitude,"16.200000000000045",m,speed,"2.519",m/s,unknown,"0",,unknown,"100",,heart_rate,"106",bpm,cadence,"0",rpm,fractional_cadence,"0.0",rpm,enhanced_altitude,"16.200000000000045",m,enhanced_speed,"2.519",m/s,,,,,,,,,,,,,,,,,,,,,,,,,,,,,,,,,,,,,,,,,,,,,,,,,,,,,,,,,,,,,,,,,,,,,,,,,,,,,,,,,,,,,,,,,,,,,,,,,,,,,,,,,,,,,,,,,,,,,,,,,,,,,,,,,,,,,,,,,,,,,,,,,,,,,,,,,,,,,,,,,,,
Data,12,record,timestamp,"944862551",s,position_lat,"390154480",semicircles,position_long,"-1397885554",semicircles,distance,"19493.23",m,altitude,"16.200000000000045",m,speed,"2.781",m/s,unknown,"0",,unknown,"100",,heart_rate,"109",bpm,cadence,"0",rpm,fractional_cadence,"0.0",rpm,enhanced_altitude,"16.200000000000045",m,enhanced_speed,"2.781",m/s,,,,,,,,,,,,,,,,,,,,,,,,,,,,,,,,,,,,,,,,,,,,,,,,,,,,,,,,,,,,,,,,,,,,,,,,,,,,,,,,,,,,,,,,,,,,,,,,,,,,,,,,,,,,,,,,,,,,,,,,,,,,,,,,,,,,,,,,,,,,,,,,,,,,,,,,,,,,,,,,,,,
Data,12,record,timestamp,"944862552",s,position_lat,"390154426",semicircles,position_long,"-1397885911",semicircles,distance,"19496.08",m,altitude,"16.200000000000045",m,speed,"2.902",m/s,unknown,"0",,unknown,"100",,heart_rate,"108",bpm,cadence,"0",rpm,fractional_cadence,"0.0",rpm,enhanced_altitude,"16.200000000000045",m,enhanced_speed,"2.902",m/s,,,,,,,,,,,,,,,,,,,,,,,,,,,,,,,,,,,,,,,,,,,,,,,,,,,,,,,,,,,,,,,,,,,,,,,,,,,,,,,,,,,,,,,,,,,,,,,,,,,,,,,,,,,,,,,,,,,,,,,,,,,,,,,,,,,,,,,,,,,,,,,,,,,,,,,,,,,,,,,,,,,
Data,12,record,timestamp,"944862559",s,position_lat,"390154005",semicircles,position_long,"-1397888514",semicircles,distance,"19517.0",m,altitude,"16.200000000000045",m,speed,"2.809",m/s,unknown,"0",,unknown,"100",,heart_rate,"105",bpm,cadence,"0",rpm,fractional_cadence,"0.0",rpm,enhanced_altitude,"16.200000000000045",m,enhanced_speed,"2.809",m/s,,,,,,,,,,,,,,,,,,,,,,,,,,,,,,,,,,,,,,,,,,,,,,,,,,,,,,,,,,,,,,,,,,,,,,,,,,,,,,,,,,,,,,,,,,,,,,,,,,,,,,,,,,,,,,,,,,,,,,,,,,,,,,,,,,,,,,,,,,,,,,,,,,,,,,,,,,,,,,,,,,,
Data,12,record,timestamp,"944862561",s,position_lat,"390153727",semicircles,position_long,"-1397889173",semicircles,distance,"19522.62",m,altitude,"16.200000000000045",m,speed,"2.902",m/s,unknown,"0",,unknown,"100",,heart_rate,"104",bpm,cadence,"0",rpm,fractional_cadence,"0.0",rpm,enhanced_altitude,"16.200000000000045",m,enhanced_speed,"2.902",m/s,,,,,,,,,,,,,,,,,,,,,,,,,,,,,,,,,,,,,,,,,,,,,,,,,,,,,,,,,,,,,,,,,,,,,,,,,,,,,,,,,,,,,,,,,,,,,,,,,,,,,,,,,,,,,,,,,,,,,,,,,,,,,,,,,,,,,,,,,,,,,,,,,,,,,,,,,,,,,,,,,,,
Data,12,record,timestamp,"944862564",s,position_lat,"390153296",semicircles,position_long,"-1397890348",semicircles,distance,"19532.58",m,altitude,"16.200000000000045",m,speed,"2.93",m/s,unknown,"0",,unknown,"100",,heart_rate,"108",bpm,cadence,"0",rpm,fractional_cadence,"0.0",rpm,enhanced_altitude,"16.200000000000045",m,enhanced_speed,"2.93",m/s,,,,,,,,,,,,,,,,,,,,,,,,,,,,,,,,,,,,,,,,,,,,,,,,,,,,,,,,,,,,,,,,,,,,,,,,,,,,,,,,,,,,,,,,,,,,,,,,,,,,,,,,,,,,,,,,,,,,,,,,,,,,,,,,,,,,,,,,,,,,,,,,,,,,,,,,,,,,,,,,,,,
Data,12,record,timestamp,"944862569",s,position_lat,"390152824",semicircles,position_long,"-1397892140",semicircles,distance,"19547.33",m,altitude,"16.0",m,speed,"2.799",m/s,unknown,"0",,unknown,"100",,heart_rate,"107",bpm,cadence,"0",rpm,fractional_cadence,"0.0",rpm,enhanced_altitude,"16.0",m,enhanced_speed,"2.799",m/s,,,,,,,,,,,,,,,,,,,,,,,,,,,,,,,,,,,,,,,,,,,,,,,,,,,,,,,,,,,,,,,,,,,,,,,,,,,,,,,,,,,,,,,,,,,,,,,,,,,,,,,,,,,,,,,,,,,,,,,,,,,,,,,,,,,,,,,,,,,,,,,,,,,,,,,,,,,,,,,,,,,
Data,12,record,timestamp,"944862577",s,position_lat,"390152451",semicircles,position_long,"-1397895248",semicircles,distance,"19572.03",m,altitude,"16.0",m,speed,"3.228",m/s,unknown,"0",,unknown,"100",,heart_rate,"107",bpm,cadence,"0",rpm,fractional_cadence,"0.0",rpm,enhanced_altitude,"16.0",m,enhanced_speed,"3.228",m/s,,,,,,,,,,,,,,,,,,,,,,,,,,,,,,,,,,,,,,,,,,,,,,,,,,,,,,,,,,,,,,,,,,,,,,,,,,,,,,,,,,,,,,,,,,,,,,,,,,,,,,,,,,,,,,,,,,,,,,,,,,,,,,,,,,,,,,,,,,,,,,,,,,,,,,,,,,,,,,,,,,,
Data,12,record,timestamp,"944862587",s,position_lat,"390151971",semicircles,position_long,"-1397899608",semicircles,distance,"19606.64",m,altitude,"16.200000000000045",m,speed,"3.042",m/s,unknown,"0",,unknown,"100",,heart_rate,"106",bpm,cadence,"0",rpm,fractional_cadence,"0.0",rpm,enhanced_altitude,"16.200000000000045",m,enhanced_speed,"3.042",m/s,,,,,,,,,,,,,,,,,,,,,,,,,,,,,,,,,,,,,,,,,,,,,,,,,,,,,,,,,,,,,,,,,,,,,,,,,,,,,,,,,,,,,,,,,,,,,,,,,,,,,,,,,,,,,,,,,,,,,,,,,,,,,,,,,,,,,,,,,,,,,,,,,,,,,,,,,,,,,,,,,,,
Data,12,record,timestamp,"944862594",s,position_lat,"390151962",semicircles,position_long,"-1397902614",semicircles,distance,"19630.32",m,altitude,"16.200000000000045",m,speed,"3.303",m/s,unknown,"0",,unknown,"100",,heart_rate,"104",bpm,cadence,"0",rpm,fractional_cadence,"0.0",rpm,enhanced_altitude,"16.200000000000045",m,enhanced_speed,"3.303",m/s,,,,,,,,,,,,,,,,,,,,,,,,,,,,,,,,,,,,,,,,,,,,,,,,,,,,,,,,,,,,,,,,,,,,,,,,,,,,,,,,,,,,,,,,,,,,,,,,,,,,,,,,,,,,,,,,,,,,,,,,,,,,,,,,,,,,,,,,,,,,,,,,,,,,,,,,,,,,,,,,,,,
Data,12,record,timestamp,"944862600",s,position_lat,"390151924",semicircles,position_long,"-1397905063",semicircles,distance,"19649.59",m,altitude,"16.200000000000045",m,speed,"3.126",m/s,unknown,"0",,unknown,"100",,heart_rate,"107",bpm,cadence,"0",rpm,fractional_cadence,"0.0",rpm,enhanced_altitude,"16.200000000000045",m,enhanced_speed,"3.126",m/s,,,,,,,,,,,,,,,,,,,,,,,,,,,,,,,,,,,,,,,,,,,,,,,,,,,,,,,,,,,,,,,,,,,,,,,,,,,,,,,,,,,,,,,,,,,,,,,,,,,,,,,,,,,,,,,,,,,,,,,,,,,,,,,,,,,,,,,,,,,,,,,,,,,,,,,,,,,,,,,,,,,
Data,12,record,timestamp,"944862602",s,position_lat,"390151843",semicircles,position_long,"-1397905862",semicircles,distance,"19655.92",m,altitude,"16.200000000000045",m,speed,"3.107",m/s,unknown,"0",,unknown,"100",,heart_rate,"110",bpm,cadence,"0",rpm,fractional_cadence,"0.0",rpm,enhanced_altitude,"16.200000000000045",m,enhanced_speed,"3.107",m/s,,,,,,,,,,,,,,,,,,,,,,,,,,,,,,,,,,,,,,,,,,,,,,,,,,,,,,,,,,,,,,,,,,,,,,,,,,,,,,,,,,,,,,,,,,,,,,,,,,,,,,,,,,,,,,,,,,,,,,,,,,,,,,,,,,,,,,,,,,,,,,,,,,,,,,,,,,,,,,,,,,,
Data,12,record,timestamp,"944862604",s,position_lat,"390151758",semicircles,position_long,"-1397906602",semicircles,distance,"19661.79",m,altitude,"16.0",m,speed,"3.051",m/s,unknown,"0",,unknown,"100",,heart_rate,"111",bpm,cadence,"0",rpm,fractional_cadence,"0.0",rpm,enhanced_altitude,"16.0",m,enhanced_speed,"3.051",m/s,,,,,,,,,,,,,,,,,,,,,,,,,,,,,,,,,,,,,,,,,,,,,,,,,,,,,,,,,,,,,,,,,,,,,,,,,,,,,,,,,,,,,,,,,,,,,,,,,,,,,,,,,,,,,,,,,,,,,,,,,,,,,,,,,,,,,,,,,,,,,,,,,,,,,,,,,,,,,,,,,,,
Data,12,record,timestamp,"944862606",s,position_lat,"390151617",semicircles,position_long,"-1397907386",semicircles,distance,"19668.09",m,altitude,"16.0",m,speed,"3.079",m/s,unknown,"0",,unknown,"100",,heart_rate,"108",bpm,cadence,"0",rpm,fractional_cadence,"0.0",rpm,enhanced_altitude,"16.0",m,enhanced_speed,"3.079",m/s,,,,,,,,,,,,,,,,,,,,,,,,,,,,,,,,,,,,,,,,,,,,,,,,,,,,,,,,,,,,,,,,,,,,,,,,,,,,,,,,,,,,,,,,,,,,,,,,,,,,,,,,,,,,,,,,,,,,,,,,,,,,,,,,,,,,,,,,,,,,,,,,,,,,,,,,,,,,,,,,,,,
Data,12,record,timestamp,"944862608",s,position_lat,"390151426",semicircles,position_long,"-1397908199",semicircles,distance,"19674.71",m,altitude,"16.0",m,speed,"3.191",m/s,unknown,"0",,unknown,"100",,heart_rate,"111",bpm,cadence,"0",rpm,fractional_cadence,"0.0",rpm,enhanced_altitude,"16.0",m,enhanced_speed,"3.191",m/s,,,,,,,,,,,,,,,,,,,,,,,,,,,,,,,,,,,,,,,,,,,,,,,,,,,,,,,,,,,,,,,,,,,,,,,,,,,,,,,,,,,,,,,,,,,,,,,,,,,,,,,,,,,,,,,,,,,,,,,,,,,,,,,,,,,,,,,,,,,,,,,,,,,,,,,,,,,,,,,,,,,
Data,12,record,timestamp,"944862614",s,position_lat,"390150980",semicircles,position_long,"-1397910630",semicircles,distance,"19694.26",m,altitude,"15.799999999999955",m,speed,"3.126",m/s,unknown,"0",,unknown,"100",,heart_rate,"107",bpm,cadence,"0",rpm,fractional_cadence,"0.0",rpm,enhanced_altitude,"15.799999999999955",m,enhanced_speed,"3.126",m/s,,,,,,,,,,,,,,,,,,,,,,,,,,,,,,,,,,,,,,,,,,,,,,,,,,,,,,,,,,,,,,,,,,,,,,,,,,,,,,,,,,,,,,,,,,,,,,,,,,,,,,,,,,,,,,,,,,,,,,,,,,,,,,,,,,,,,,,,,,,,,,,,,,,,,,,,,,,,,,,,,,,
Data,12,record,timestamp,"944862615",s,position_lat,"390151124",semicircles,position_long,"-1397910932",semicircles,distance,"19696.31",m,altitude,"15.799999999999955",m,speed,"3.06",m/s,unknown,"0",,unknown,"100",,heart_rate,"108",bpm,cadence,"0",rpm,fractional_cadence,"0.0",rpm,enhanced_altitude,"15.799999999999955",m,enhanced_speed,"3.06",m/s,,,,,,,,,,,,,,,,,,,,,,,,,,,,,,,,,,,,,,,,,,,,,,,,,,,,,,,,,,,,,,,,,,,,,,,,,,,,,,,,,,,,,,,,,,,,,,,,,,,,,,,,,,,,,,,,,,,,,,,,,,,,,,,,,,,,,,,,,,,,,,,,,,,,,,,,,,,,,,,,,,,
Data,12,record,timestamp,"944862616",s,position_lat,"390151097",semicircles,position_long,"-1397911345",semicircles,distance,"19699.56",m,altitude,"15.799999999999955",m,speed,"2.995",m/s,unknown,"0",,unknown,"100",,heart_rate,"109",bpm,cadence,"0",rpm,fractional_cadence,"0.0",rpm,enhanced_altitude,"15.799999999999955",m,enhanced_speed,"2.995",m/s,,,,,,,,,,,,,,,,,,,,,,,,,,,,,,,,,,,,,,,,,,,,,,,,,,,,,,,,,,,,,,,,,,,,,,,,,,,,,,,,,,,,,,,,,,,,,,,,,,,,,,,,,,,,,,,,,,,,,,,,,,,,,,,,,,,,,,,,,,,,,,,,,,,,,,,,,,,,,,,,,,,
Data,12,record,timestamp,"944862622",s,position_lat,"390150771",semicircles,position_long,"-1397913499",semicircles,distance,"19716.76",m,altitude,"15.600000000000023",m,speed,"3.21",m/s,unknown,"0",,unknown,"100",,heart_rate,"106",bpm,cadence,"0",rpm,fractional_cadence,"0.0",rpm,enhanced_altitude,"15.600000000000023",m,enhanced_speed,"3.21",m/s,,,,,,,,,,,,,,,,,,,,,,,,,,,,,,,,,,,,,,,,,,,,,,,,,,,,,,,,,,,,,,,,,,,,,,,,,,,,,,,,,,,,,,,,,,,,,,,,,,,,,,,,,,,,,,,,,,,,,,,,,,,,,,,,,,,,,,,,,,,,,,,,,,,,,,,,,,,,,,,,,,,
Data,12,record,timestamp,"944862623",s,position_lat,"390150675",semicircles,position_long,"-1397913890",semicircles,distance,"19719.96",m,altitude,"15.799999999999955",m,speed,"2.855",m/s,unknown,"0",,unknown,"100",,heart_rate,"105",bpm,cadence,"0",rpm,fractional_cadence,"0.0",rpm,enhanced_altitude,"15.799999999999955",m,enhanced_speed,"2.855",m/s,,,,,,,,,,,,,,,,,,,,,,,,,,,,,,,,,,,,,,,,,,,,,,,,,,,,,,,,,,,,,,,,,,,,,,,,,,,,,,,,,,,,,,,,,,,,,,,,,,,,,,,,,,,,,,,,,,,,,,,,,,,,,,,,,,,,,,,,,,,,,,,,,,,,,,,,,,,,,,,,,,,
Data,12,record,timestamp,"944862627",s,position_lat,"390150910",semicircles,position_long,"-1397915247",semicircles,distance,"19730.98",m,altitude,"15.600000000000023",m,speed,"2.547",m/s,unknown,"0",,unknown,"300",,heart_rate,"109",bpm,cadence,"0",rpm,fractional_cadence,"0.0",rpm,enhanced_altitude,"15.600000000000023",m,enhanced_speed,"2.547",m/s,,,,,,,,,,,,,,,,,,,,,,,,,,,,,,,,,,,,,,,,,,,,,,,,,,,,,,,,,,,,,,,,,,,,,,,,,,,,,,,,,,,,,,,,,,,,,,,,,,,,,,,,,,,,,,,,,,,,,,,,,,,,,,,,,,,,,,,,,,,,,,,,,,,,,,,,,,,,,,,,,,,
Data,12,record,timestamp,"944862628",s,position_lat,"390151032",semicircles,position_long,"-1397915518",semicircles,distance,"19733.39",m,altitude,"15.600000000000023",m,speed,"2.407",m/s,unknown,"0",,unknown,"300",,heart_rate,"109",bpm,cadence,"0",rpm,fractional_cadence,"0.0",rpm,enhanced_altitude,"15.600000000000023",m,enhanced_speed,"2.407",m/s,,,,,,,,,,,,,,,,,,,,,,,,,,,,,,,,,,,,,,,,,,,,,,,,,,,,,,,,,,,,,,,,,,,,,,,,,,,,,,,,,,,,,,,,,,,,,,,,,,,,,,,,,,,,,,,,,,,,,,,,,,,,,,,,,,,,,,,,,,,,,,,,,,,,,,,,,,,,,,,,,,,
Data,12,record,timestamp,"944862629",s,position_lat,"390151202",semicircles,position_long,"-1397915630",semicircles,distance,"19735.2",m,altitude,"15.600000000000023",m,speed,"2.239",m/s,unknown,"0",,unknown,"300",,heart_rate,"110",bpm,cadence,"0",rpm,fractional_cadence,"0.0",rpm,enhanced_altitude,"15.600000000000023",m,enhanced_speed,"2.239",m/s,,,,,,,,,,,,,,,,,,,,,,,,,,,,,,,,,,,,,,,,,,,,,,,,,,,,,,,,,,,,,,,,,,,,,,,,,,,,,,,,,,,,,,,,,,,,,,,,,,,,,,,,,,,,,,,,,,,,,,,,,,,,,,,,,,,,,,,,,,,,,,,,,,,,,,,,,,,,,,,,,,,
Data,12,record,timestamp,"944862631",s,position_lat,"390151709",semicircles,position_long,"-1397915673",semicircles,distance,"19739.94",m,altitude,"15.600000000000023",m,speed,"2.351",m/s,unknown,"0",,unknown,"300",,heart_rate,"111",bpm,cadence,"0",rpm,fractional_cadence,"0.0",rpm,enhanced_altitude,"15.600000000000023",m,enhanced_speed,"2.351",m/s,,,,,,,,,,,,,,,,,,,,,,,,,,,,,,,,,,,,,,,,,,,,,,,,,,,,,,,,,,,,,,,,,,,,,,,,,,,,,,,,,,,,,,,,,,,,,,,,,,,,,,,,,,,,,,,,,,,,,,,,,,,,,,,,,,,,,,,,,,,,,,,,,,,,,,,,,,,,,,,,,,,
Data,12,record,timestamp,"944862632",s,position_lat,"390151922",semicircles,position_long,"-1397915575",semicircles,distance,"19742.01",m,altitude,"15.600000000000023",m,speed,"2.435",m/s,unknown,"0",,unknown,"300",,heart_rate,"106",bpm,cadence,"0",rpm,fractional_cadence,"0.0",rpm,enhanced_altitude,"15.600000000000023",m,enhanced_speed,"2.435",m/s,,,,,,,,,,,,,,,,,,,,,,,,,,,,,,,,,,,,,,,,,,,,,,,,,,,,,,,,,,,,,,,,,,,,,,,,,,,,,,,,,,,,,,,,,,,,,,,,,,,,,,,,,,,,,,,,,,,,,,,,,,,,,,,,,,,,,,,,,,,,,,,,,,,,,,,,,,,,,,,,,,,
Data,12,record,timestamp,"944862637",s,position_lat,"390153259",semicircles,position_long,"-1397914913",semicircles,distance,"19755.49",m,altitude,"15.600000000000023",m,speed,"2.725",m/s,unknown,"0",,unknown,"100",,heart_rate,"107",bpm,cadence,"0",rpm,fractional_cadence,"0.0",rpm,enhanced_altitude,"15.600000000000023",m,enhanced_speed,"2.725",m/s,,,,,,,,,,,,,,,,,,,,,,,,,,,,,,,,,,,,,,,,,,,,,,,,,,,,,,,,,,,,,,,,,,,,,,,,,,,,,,,,,,,,,,,,,,,,,,,,,,,,,,,,,,,,,,,,,,,,,,,,,,,,,,,,,,,,,,,,,,,,,,,,,,,,,,,,,,,,,,,,,,,
Data,12,record,timestamp,"944862641",s,position_lat,"390154436",semicircles,position_long,"-1397914372",semicircles,distance,"19767.21",m,altitude,"15.399999999999977",m,speed,"3.107",m/s,unknown,"0",,unknown,"100",,heart_rate,"110",bpm,cadence,"0",rpm,fractional_cadence,"0.0",rpm,enhanced_altitude,"15.399999999999977",m,enhanced_speed,"3.107",m/s,,,,,,,,,,,,,,,,,,,,,,,,,,,,,,,,,,,,,,,,,,,,,,,,,,,,,,,,,,,,,,,,,,,,,,,,,,,,,,,,,,,,,,,,,,,,,,,,,,,,,,,,,,,,,,,,,,,,,,,,,,,,,,,,,,,,,,,,,,,,,,,,,,,,,,,,,,,,,,,,,,,
Data,12,record,timestamp,"944862645",s,position_lat,"390155766",semicircles,position_long,"-1397914084",semicircles,distance,"19779.8",m,altitude,"15.200000000000045",m,speed,"2.837",m/s,unknown,"0",,unknown,"100",,heart_rate,"111",bpm,cadence,"0",rpm,fractional_cadence,"0.0",rpm,enhanced_altitude,"15.200000000000045",m,enhanced_speed,"2.837",m/s,,,,,,,,,,,,,,,,,,,,,,,,,,,,,,,,,,,,,,,,,,,,,,,,,,,,,,,,,,,,,,,,,,,,,,,,,,,,,,,,,,,,,,,,,,,,,,,,,,,,,,,,,,,,,,,,,,,,,,,,,,,,,,,,,,,,,,,,,,,,,,,,,,,,,,,,,,,,,,,,,,,
Data,12,record,timestamp,"944862651",s,position_lat,"390157979",semicircles,position_long,"-1397914244",semicircles,distance,"19800.49",m,altitude,"15.399999999999977",m,speed,"3.21",m/s,unknown,"0",,unknown,"100",,heart_rate,"113",bpm,cadence,"0",rpm,fractional_cadence,"0.0",rpm,enhanced_altitude,"15.399999999999977",m,enhanced_speed,"3.21",m/s,,,,,,,,,,,,,,,,,,,,,,,,,,,,,,,,,,,,,,,,,,,,,,,,,,,,,,,,,,,,,,,,,,,,,,,,,,,,,,,,,,,,,,,,,,,,,,,,,,,,,,,,,,,,,,,,,,,,,,,,,,,,,,,,,,,,,,,,,,,,,,,,,,,,,,,,,,,,,,,,,,,
Data,12,record,timestamp,"944862661",s,position_lat,"390161303",semicircles,position_long,"-1397915226",semicircles,distance,"19832.34",m,altitude,"15.600000000000023",m,speed,"2.967",m/s,unknown,"0",,unknown,"100",,heart_rate,"113",bpm,cadence,"0",rpm,fractional_cadence,"0.0",rpm,enhanced_altitude,"15.600000000000023",m,enhanced_speed,"2.967",m/s,,,,,,,,,,,,,,,,,,,,,,,,,,,,,,,,,,,,,,,,,,,,,,,,,,,,,,,,,,,,,,,,,,,,,,,,,,,,,,,,,,,,,,,,,,,,,,,,,,,,,,,,,,,,,,,,,,,,,,,,,,,,,,,,,,,,,,,,,,,,,,,,,,,,,,,,,,,,,,,,,,,
Data,12,record,timestamp,"944862669",s,position_lat,"390163588",semicircles,position_long,"-1397916423",semicircles,distance,"19855.54",m,altitude,"15.799999999999955",m,speed,"3.144",m/s,unknown,"0",,unknown,"100",,heart_rate,"114",bpm,cadence,"58",rpm,fractional_cadence,"0.5",rpm,enhanced_altitude,"15.799999999999955",m,enhanced_speed,"3.144",m/s,,,,,,,,,,,,,,,,,,,,,,,,,,,,,,,,,,,,,,,,,,,,,,,,,,,,,,,,,,,,,,,,,,,,,,,,,,,,,,,,,,,,,,,,,,,,,,,,,,,,,,,,,,,,,,,,,,,,,,,,,,,,,,,,,,,,,,,,,,,,,,,,,,,,,,,,,,,,,,,,,,,
Data,12,record,timestamp,"944862679",s,position_lat,"390166542",semicircles,position_long,"-1397917726",semicircles,distance,"19884.88",m,altitude,"15.600000000000023",m,speed,"2.221",m/s,unknown,"0",,unknown,"100",,heart_rate,"114",bpm,cadence,"0",rpm,fractional_cadence,"0.0",rpm,enhanced_altitude,"15.600000000000023",m,enhanced_speed,"2.221",m/s,,,,,,,,,,,,,,,,,,,,,,,,,,,,,,,,,,,,,,,,,,,,,,,,,,,,,,,,,,,,,,,,,,,,,,,,,,,,,,,,,,,,,,,,,,,,,,,,,,,,,,,,,,,,,,,,,,,,,,,,,,,,,,,,,,,,,,,,,,,,,,,,,,,,,,,,,,,,,,,,,,,
Data,4,unknown,unknown,"944862681",,unknown,"2",,unknown,"2",,unknown,"3",,unknown,"1",,unknown,"4",,unknown,"3",,unknown,"255",,,,,,,,,,,,,,,,,,,,,,,,,,,,,,,,,,,,,,,,,,,,,,,,,,,,,,,,,,,,,,,,,,,,,,,,,,,,,,,,,,,,,,,,,,,,,,,,,,,,,,,,,,,,,,,,,,,,,,,,,,,,,,,,,,,,,,,,,,,,,,,,,,,,,,,,,,,,,,,,,,,,,,,,,,,,,,,,,,,
Data,4,unknown,unknown,"944862682",,unknown,"255",,unknown,"255",,unknown,"3",,unknown,"1",,unknown,"4",,unknown,"3",,unknown,"255",,,,,,,,,,,,,,,,,,,,,,,,,,,,,,,,,,,,,,,,,,,,,,,,,,,,,,,,,,,,,,,,,,,,,,,,,,,,,,,,,,,,,,,,,,,,,,,,,,,,,,,,,,,,,,,,,,,,,,,,,,,,,,,,,,,,,,,,,,,,,,,,,,,,,,,,,,,,,,,,,,,,,,,,,,,,,,,,,,,
Data,1,record,timestamp,"944862682",s,distance,"19886.99",m,altitude,"15.799999999999955",m,unknown,"0",,unknown,"100",,heart_rate,"113",bpm,cadence,"0",rpm,fractional_cadence,"0.0",rpm,enhanced_altitude,"15.799999999999955",m,,,,,,,,,,,,,,,,,,,,,,,,,,,,,,,,,,,,,,,,,,,,,,,,,,,,,,,,,,,,,,,,,,,,,,,,,,,,,,,,,,,,,,,,,,,,,,,,,,,,,,,,,,,,,,,,,,,,,,,,,,,,,,,,,,,,,,,,,,,,,,,,,,,,,,,,,,,,,,,,,,,,,,,,,,,,,,,
Data,1,record,timestamp,"944862683",s,distance,"19886.99",m,altitude,"15.799999999999955",m,unknown,"0",,unknown,"100",,heart_rate,"112",bpm,cadence,"0",rpm,fractional_cadence,"0.0",rpm,enhanced_altitude,"15.799999999999955",m,,,,,,,,,,,,,,,,,,,,,,,,,,,,,,,,,,,,,,,,,,,,,,,,,,,,,,,,,,,,,,,,,,,,,,,,,,,,,,,,,,,,,,,,,,,,,,,,,,,,,,,,,,,,,,,,,,,,,,,,,,,,,,,,,,,,,,,,,,,,,,,,,,,,,,,,,,,,,,,,,,,,,,,,,,,,,,,
Data,1,record,timestamp,"944862685",s,distance,"19886.99",m,altitude,"15.799999999999955",m,unknown,"0",,unknown,"100",,heart_rate,"113",bpm,cadence,"0",rpm,fractional_cadence,"0.0",rpm,enhanced_altitude,"15.799999999999955",m,,,,,,,,,,,,,,,,,,,,,,,,,,,,,,,,,,,,,,,,,,,,,,,,,,,,,,,,,,,,,,,,,,,,,,,,,,,,,,,,,,,,,,,,,,,,,,,,,,,,,,,,,,,,,,,,,,,,,,,,,,,,,,,,,,,,,,,,,,,,,,,,,,,,,,,,,,,,,,,,,,,,,,,,,,,,,,,
Data,1,record,timestamp,"944862686",s,distance,"19886.99",m,altitude,"15.799999999999955",m,unknown,"0",,unknown,"100",,heart_rate,"112",bpm,cadence,"0",rpm,fractional_cadence,"0.0",rpm,enhanced_altitude,"15.799999999999955",m,,,,,,,,,,,,,,,,,,,,,,,,,,,,,,,,,,,,,,,,,,,,,,,,,,,,,,,,,,,,,,,,,,,,,,,,,,,,,,,,,,,,,,,,,,,,,,,,,,,,,,,,,,,,,,,,,,,,,,,,,,,,,,,,,,,,,,,,,,,,,,,,,,,,,,,,,,,,,,,,,,,,,,,,,,,,,,,
Data,4,unknown,unknown,"944862687",,unknown,"2",,unknown,"2",,unknown,"3",,unknown,"1",,unknown,"4",,unknown,"3",,unknown,"255",,,,,,,,,,,,,,,,,,,,,,,,,,,,,,,,,,,,,,,,,,,,,,,,,,,,,,,,,,,,,,,,,,,,,,,,,,,,,,,,,,,,,,,,,,,,,,,,,,,,,,,,,,,,,,,,,,,,,,,,,,,,,,,,,,,,,,,,,,,,,,,,,,,,,,,,,,,,,,,,,,,,,,,,,,,,,,,,,,,
Data,12,record,timestamp,"944862691",s,position_lat,"390169870",semicircles,position_long,"-1397919786",semicircles,distance,"19920.29",m,altitude,"16.0",m,speed,"3.424",m/s,unknown,"0",,unknown,"100",,heart_rate,"111",bpm,cadence,"0",rpm,fractional_cadence,"0.0",rpm,enhanced_altitude,"16.0",m,enhanced_speed,"3.424",m/s,,,,,,,,,,,,,,,,,,,,,,,,,,,,,,,,,,,,,,,,,,,,,,,,,,,,,,,,,,,,,,,,,,,,,,,,,,,,,,,,,,,,,,,,,,,,,,,,,,,,,,,,,,,,,,,,,,,,,,,,,,,,,,,,,,,,,,,,,,,,,,,,,,,,,,,,,,,,,,,,,,,
Data,12,record,timestamp,"944862694",s,position_lat,"390171023",semicircles,position_long,"-1397920329",semicircles,distance,"19931.83",m,altitude,"16.0",m,speed,"2.799",m/s,unknown,"0",,unknown,"300",,heart_rate,"107",bpm,cadence,"0",rpm,fractional_cadence,"0.0",rpm,enhanced_altitude,"16.0",m,enhanced_speed,"2.799",m/s,,,,,,,,,,,,,,,,,,,,,,,,,,,,,,,,,,,,,,,,,,,,,,,,,,,,,,,,,,,,,,,,,,,,,,,,,,,,,,,,,,,,,,,,,,,,,,,,,,,,,,,,,,,,,,,,,,,,,,,,,,,,,,,,,,,,,,,,,,,,,,,,,,,,,,,,,,,,,,,,,,,
Data,12,record,timestamp,"944862695",s,position_lat,"390171330",semicircles,position_long,"-1397920479",semicircles,distance,"19934.91",m,altitude,"16.0",m,speed,"2.762",m/s,unknown,"0",,unknown,"300",,heart_rate,"102",bpm,cadence,"0",rpm,fractional_cadence,"0.0",rpm,enhanced_altitude,"16.0",m,enhanced_speed,"2.762",m/s,,,,,,,,,,,,,,,,,,,,,,,,,,,,,,,,,,,,,,,,,,,,,,,,,,,,,,,,,,,,,,,,,,,,,,,,,,,,,,,,,,,,,,,,,,,,,,,,,,,,,,,,,,,,,,,,,,,,,,,,,,,,,,,,,,,,,,,,,,,,,,,,,,,,,,,,,,,,,,,,,,,
Data,12,record,timestamp,"944862699",s,position_lat,"390172884",semicircles,position_long,"-1397920927",semicircles,distance,"19949.64",m,altitude,"16.0",m,speed,"3.014",m/s,unknown,"0",,unknown,"100",,heart_rate,"100",bpm,cadence,"0",rpm,fractional_cadence,"0.0",rpm,enhanced_altitude,"16.0",m,enhanced_speed,"3.014",m/s,,,,,,,,,,,,,,,,,,,,,,,,,,,,,,,,,,,,,,,,,,,,,,,,,,,,,,,,,,,,,,,,,,,,,,,,,,,,,,,,,,,,,,,,,,,,,,,,,,,,,,,,,,,,,,,,,,,,,,,,,,,,,,,,,,,,,,,,,,,,,,,,,,,,,,,,,,,,,,,,,,,
Data,12,record,timestamp,"944862700",s,position_lat,"390172930",semicircles,position_long,"-1397920653",semicircles,distance,"19949.64",m,altitude,"16.0",m,speed,"3.07",m/s,unknown,"0",,unknown,"100",,heart_rate,"103",bpm,cadence,"0",rpm,fractional_cadence,"0.0",rpm,enhanced_altitude,"16.0",m,enhanced_speed,"3.07",m/s,,,,,,,,,,,,,,,,,,,,,,,,,,,,,,,,,,,,,,,,,,,,,,,,,,,,,,,,,,,,,,,,,,,,,,,,,,,,,,,,,,,,,,,,,,,,,,,,,,,,,,,,,,,,,,,,,,,,,,,,,,,,,,,,,,,,,,,,,,,,,,,,,,,,,,,,,,,,,,,,,,,
Data,12,record,timestamp,"944862705",s,position_lat,"390174553",semicircles,position_long,"-1397921446",semicircles,distance,"19966.02",m,altitude,"16.0",m,speed,"2.995",m/s,unknown,"0",,unknown,"100",,heart_rate,"100",bpm,cadence,"0",rpm,fractional_cadence,"0.0",rpm,enhanced_altitude,"16.0",m,enhanced_speed,"2.995",m/s,,,,,,,,,,,,,,,,,,,,,,,,,,,,,,,,,,,,,,,,,,,,,,,,,,,,,,,,,,,,,,,,,,,,,,,,,,,,,,,,,,,,,,,,,,,,,,,,,,,,,,,,,,,,,,,,,,,,,,,,,,,,,,,,,,,,,,,,,,,,,,,,,,,,,,,,,,,,,,,,,,,
Data,12,record,timestamp,"944862706",s,position_lat,"390174946",semicircles,position_long,"-1397921551",semicircles,distance,"19969.72",m,altitude,"16.0",m,speed,"2.855",m/s,unknown,"0",,unknown,"100",,heart_rate,"100",bpm,cadence,"0",rpm,fractional_cadence,"0.0",rpm,enhanced_altitude,"16.0",m,enhanced_speed,"2.855",m/s,,,,,,,,,,,,,,,,,,,,,,,,,,,,,,,,,,,,,,,,,,,,,,,,,,,,,,,,,,,,,,,,,,,,,,,,,,,,,,,,,,,,,,,,,,,,,,,,,,,,,,,,,,,,,,,,,,,,,,,,,,,,,,,,,,,,,,,,,,,,,,,,,,,,,,,,,,,,,,,,,,,
Data,12,record,timestamp,"944862714",s,position_lat,"390177076",semicircles,position_long,"-1397922910",semicircles,distance,"19991.88",m,altitude,"15.799999999999955",m,speed,"2.687",m/s,unknown,"0",,unknown,"100",,heart_rate,"98",bpm,cadence,"0",rpm,fractional_cadence,"0.0",rpm,enhanced_altitude,"15.799999999999955",m,enhanced_speed,"2.687",m/s,,,,,,,,,,,,,,,,,,,,,,,,,,,,,,,,,,,,,,,,,,,,,,,,,,,,,,,,,,,,,,,,,,,,,,,,,,,,,,,,,,,,,,,,,,,,,,,,,,,,,,,,,,,,,,,,,,,,,,,,,,,,,,,,,,,,,,,,,,,,,,,,,,,,,,,,,,,,,,,,,,,
Data,12,record,timestamp,"944862719",s,position_lat,"390177526",semicircles,position_long,"-1397924286",semicircles,distance,"20003.8",m,altitude,"15.799999999999955",m,speed,"2.221",m/s,unknown,"0",,unknown,"100",,heart_rate,"101",bpm,cadence,"20",rpm,fractional_cadence,"0.0",rpm,enhanced_altitude,"15.799999999999955",m,enhanced_speed,"2.221",m/s,,,,,,,,,,,,,,,,,,,,,,,,,,,,,,,,,,,,,,,,,,,,,,,,,,,,,,,,,,,,,,,,,,,,,,,,,,,,,,,,,,,,,,,,,,,,,,,,,,,,,,,,,,,,,,,,,,,,,,,,,,,,,,,,,,,,,,,,,,,,,,,,,,,,,,,,,,,,,,,,,,,
Data,12,record,timestamp,"944862725",s,position_lat,"390177182",semicircles,position_long,"-1397926161",semicircles,distance,"20018.87",m,altitude,"16.0",m,speed,"2.734",m/s,unknown,"0",,unknown,"100",,heart_rate,"104",bpm,cadence,"20",rpm,fractional_cadence,"0.0",rpm,enhanced_altitude,"16.0",m,enhanced_speed,"2.734",m/s,,,,,,,,,,,,,,,,,,,,,,,,,,,,,,,,,,,,,,,,,,,,,,,,,,,,,,,,,,,,,,,,,,,,,,,,,,,,,,,,,,,,,,,,,,,,,,,,,,,,,,,,,,,,,,,,,,,,,,,,,,,,,,,,,,,,,,,,,,,,,,,,,,,,,,,,,,,,,,,,,,,
Data,12,record,timestamp,"944862733",s,position_lat,"390176479",semicircles,position_long,"-1397929124",semicircles,distance,"20043.07",m,altitude,"16.200000000000045",m,speed,"3.256",m/s,unknown,"0",,unknown,"100",,heart_rate,"108",bpm,cadence,"42",rpm,fractional_cadence,"0.0",rpm,enhanced_altitude,"16.200000000000045",m,enhanced_speed,"3.256",m/s,,,,,,,,,,,,,,,,,,,,,,,,,,,,,,,,,,,,,,,,,,,,,,,,,,,,,,,,,,,,,,,,,,,,,,,,,,,,,,,,,,,,,,,,,,,,,,,,,,,,,,,,,,,,,,,,,,,,,,,,,,,,,,,,,,,,,,,,,,,,,,,,,,,,,,,,,,,,,,,,,,,
Data,12,record,timestamp,"944862736",s,position_lat,"390176213",semicircles,position_long,"-1397930323",semicircles,distance,"20052.82",m,altitude,"16.200000000000045",m,speed,"3.116",m/s,unknown,"0",,unknown,"100",,heart_rate,"105",bpm,cadence,"0",rpm,fractional_cadence,"0.0",rpm,enhanced_altitude,"16.200000000000045",m,enhanced_speed,"3.116",m/s,,,,,,,,,,,,,,,,,,,,,,,,,,,,,,,,,,,,,,,,,,,,,,,,,,,,,,,,,,,,,,,,,,,,,,,,,,,,,,,,,,,,,,,,,,,,,,,,,,,,,,,,,,,,,,,,,,,,,,,,,,,,,,,,,,,,,,,,,,,,,,,,,,,,,,,,,,,,,,,,,,,
Data,12,record,timestamp,"944862740",s,position_lat,"390175963",semicircles,position_long,"-1397931992",semicircles,distance,"20066.12",m,altitude,"16.0",m,speed,"3.116",m/s,unknown,"0",,unknown,"100",,heart_rate,"108",bpm,cadence,"0",rpm,fractional_cadence,"0.0",rpm,enhanced_altitude,"16.0",m,enhanced_speed,"3.116",m/s,,,,,,,,,,,,,,,,,,,,,,,,,,,,,,,,,,,,,,,,,,,,,,,,,,,,,,,,,,,,,,,,,,,,,,,,,,,,,,,,,,,,,,,,,,,,,,,,,,,,,,,,,,,,,,,,,,,,,,,,,,,,,,,,,,,,,,,,,,,,,,,,,,,,,,,,,,,,,,,,,,,
Data,12,record,timestamp,"944862742",s,position_lat,"390175932",semicircles,position_long,"-1397932916",semicircles,distance,"20073.37",m,altitude,"15.799999999999955",m,speed,"3.312",m/s,unknown,"0",,unknown,"100",,heart_rate,"108",bpm,cadence,"0",rpm,fractional_cadence,"0.0",rpm,enhanced_altitude,"15.799999999999955",m,enhanced_speed,"3.312",m/s,,,,,,,,,,,,,,,,,,,,,,,,,,,,,,,,,,,,,,,,,,,,,,,,,,,,,,,,,,,,,,,,,,,,,,,,,,,,,,,,,,,,,,,,,,,,,,,,,,,,,,,,,,,,,,,,,,,,,,,,,,,,,,,,,,,,,,,,,,,,,,,,,,,,,,,,,,,,,,,,,,,
Data,12,record,timestamp,"944862747",s,position_lat,"390175818",semicircles,position_long,"-1397935003",semicircles,distance,"20089.82",m,altitude,"15.799999999999955",m,speed,"3.49",m/s,unknown,"0",,unknown,"100",,heart_rate,"112",bpm,cadence,"0",rpm,fractional_cadence,"0.0",rpm,enhanced_altitude,"15.799999999999955",m,enhanced_speed,"3.49",m/s,,,,,,,,,,,,,,,,,,,,,,,,,,,,,,,,,,,,,,,,,,,,,,,,,,,,,,,,,,,,,,,,,,,,,,,,,,,,,,,,,,,,,,,,,,,,,,,,,,,,,,,,,,,,,,,,,,,,,,,,,,,,,,,,,,,,,,,,,,,,,,,,,,,,,,,,,,,,,,,,,,,
Data,12,record,timestamp,"944862749",s,position_lat,"390175752",semicircles,position_long,"-1397935854",semicircles,distance,"20096.52",m,altitude,"15.799999999999955",m,speed,"3.518",m/s,unknown,"0",,unknown,"100",,heart_rate,"109",bpm,cadence,"0",rpm,fractional_cadence,"0.0",rpm,enhanced_altitude,"15.799999999999955",m,enhanced_speed,"3.518",m/s,,,,,,,,,,,,,,,,,,,,,,,,,,,,,,,,,,,,,,,,,,,,,,,,,,,,,,,,,,,,,,,,,,,,,,,,,,,,,,,,,,,,,,,,,,,,,,,,,,,,,,,,,,,,,,,,,,,,,,,,,,,,,,,,,,,,,,,,,,,,,,,,,,,,,,,,,,,,,,,,,,,
Data,12,record,timestamp,"944862754",s,position_lat,"390175788",semicircles,position_long,"-1397937930",semicircles,distance,"20112.85",m,altitude,"15.799999999999955",m,speed,"3.434",m/s,unknown,"0",,unknown,"100",,heart_rate,"112",bpm,cadence,"0",rpm,fractional_cadence,"0.0",rpm,enhanced_altitude,"15.799999999999955",m,enhanced_speed,"3.434",m/s,,,,,,,,,,,,,,,,,,,,,,,,,,,,,,,,,,,,,,,,,,,,,,,,,,,,,,,,,,,,,,,,,,,,,,,,,,,,,,,,,,,,,,,,,,,,,,,,,,,,,,,,,,,,,,,,,,,,,,,,,,,,,,,,,,,,,,,,,,,,,,,,,,,,,,,,,,,,,,,,,,,
Data,12,record,timestamp,"944862756",s,position_lat,"390175728",semicircles,position_long,"-1397938761",semicircles,distance,"20119.42",m,altitude,"15.799999999999955",m,speed,"3.21",m/s,unknown,"0",,unknown,"100",,heart_rate,"109",bpm,cadence,"0",rpm,fractional_cadence,"0.0",rpm,enhanced_altitude,"15.799999999999955",m,enhanced_speed,"3.21",m/s,,,,,,,,,,,,,,,,,,,,,,,,,,,,,,,,,,,,,,,,,,,,,,,,,,,,,,,,,,,,,,,,,,,,,,,,,,,,,,,,,,,,,,,,,,,,,,,,,,,,,,,,,,,,,,,,,,,,,,,,,,,,,,,,,,,,,,,,,,,,,,,,,,,,,,,,,,,,,,,,,,,
Data,12,record,timestamp,"944862763",s,position_lat,"390175508",semicircles,position_long,"-1397941484",semicircles,distance,"20141.56",m,altitude,"15.799999999999955",m,speed,"2.874",m/s,unknown,"0",,unknown,"100",,heart_rate,"109",bpm,cadence,"0",rpm,fractional_cadence,"0.0",rpm,enhanced_altitude,"15.799999999999955",m,enhanced_speed,"2.874",m/s,,,,,,,,,,,,,,,,,,,,,,,,,,,,,,,,,,,,,,,,,,,,,,,,,,,,,,,,,,,,,,,,,,,,,,,,,,,,,,,,,,,,,,,,,,,,,,,,,,,,,,,,,,,,,,,,,,,,,,,,,,,,,,,,,,,,,,,,,,,,,,,,,,,,,,,,,,,,,,,,,,,
Data,12,record,timestamp,"944862766",s,position_lat,"390176057",semicircles,position_long,"-1397942210",semicircles,distance,"20149.23",m,altitude,"15.600000000000023",m,speed,"2.379",m/s,unknown,"0",,unknown,"100",,heart_rate,"112",bpm,cadence,"0",rpm,fractional_cadence,"0.0",rpm,enhanced_altitude,"15.600000000000023",m,enhanced_speed,"2.379",m/s,,,,,,,,,,,,,,,,,,,,,,,,,,,,,,,,,,,,,,,,,,,,,,,,,,,,,,,,,,,,,,,,,,,,,,,,,,,,,,,,,,,,,,,,,,,,,,,,,,,,,,,,,,,,,,,,,,,,,,,,,,,,,,,,,,,,,,,,,,,,,,,,,,,,,,,,,,,,,,,,,,,
Data,12,record,timestamp,"944862767",s,position_lat,"390176319",semicircles,position_long,"-1397942282",semicircles,distance,"20151.72",m,altitude,"15.600000000000023",m,speed,"2.333",m/s,unknown,"0",,unknown,"100",,heart_rate,"110",bpm,cadence,"0",rpm,fractional_cadence,"0.0",rpm,enhanced_altitude,"15.600000000000023",m,enhanced_speed,"2.333",m/s,,,,,,,,,,,,,,,,,,,,,,,,,,,,,,,,,,,,,,,,,,,,,,,,,,,,,,,,,,,,,,,,,,,,,,,,,,,,,,,,,,,,,,,,,,,,,,,,,,,,,,,,,,,,,,,,,,,,,,,,,,,,,,,,,,,,,,,,,,,,,,,,,,,,,,,,,,,,,,,,,,,
Data,12,record,timestamp,"944862768",s,position_lat,"390176581",semicircles,position_long,"-1397942296",semicircles,distance,"20154.15",m,altitude,"15.600000000000023",m,speed,"2.249",m/s,unknown,"0",,unknown,"100",,heart_rate,"110",bpm,cadence,"0",rpm,fractional_cadence,"0.0",rpm,enhanced_altitude,"15.600000000000023",m,enhanced_speed,"2.249",m/s,,,,,,,,,,,,,,,,,,,,,,,,,,,,,,,,,,,,,,,,,,,,,,,,,,,,,,,,,,,,,,,,,,,,,,,,,,,,,,,,,,,,,,,,,,,,,,,,,,,,,,,,,,,,,,,,,,,,,,,,,,,,,,,,,,,,,,,,,,,,,,,,,,,,,,,,,,,,,,,,,,,
Data,12,record,timestamp,"944862774",s,position_lat,"390178471",semicircles,position_long,"-1397942129",semicircles,distance,"20171.8",m,altitude,"15.399999999999977",m,speed,"3.098",m/s,unknown,"0",,unknown,"100",,heart_rate,"111",bpm,cadence,"0",rpm,fractional_cadence,"0.0",rpm,enhanced_altitude,"15.399999999999977",m,enhanced_speed,"3.098",m/s,,,,,,,,,,,,,,,,,,,,,,,,,,,,,,,,,,,,,,,,,,,,,,,,,,,,,,,,,,,,,,,,,,,,,,,,,,,,,,,,,,,,,,,,,,,,,,,,,,,,,,,,,,,,,,,,,,,,,,,,,,,,,,,,,,,,,,,,,,,,,,,,,,,,,,,,,,,,,,,,,,,
Data,12,record,timestamp,"944862777",s,position_lat,"390179544",semicircles,position_long,"-1397942128",semicircles,distance,"20181.76",m,altitude,"15.399999999999977",m,speed,"3.163",m/s,unknown,"0",,unknown,"100",,heart_rate,"108",bpm,cadence,"0",rpm,fractional_cadence,"0.0",rpm,enhanced_altitude,"15.399999999999977",m,enhanced_speed,"3.163",m/s,,,,,,,,,,,,,,,,,,,,,,,,,,,,,,,,,,,,,,,,,,,,,,,,,,,,,,,,,,,,,,,,,,,,,,,,,,,,,,,,,,,,,,,,,,,,,,,,,,,,,,,,,,,,,,,,,,,,,,,,,,,,,,,,,,,,,,,,,,,,,,,,,,,,,,,,,,,,,,,,,,,
Data,12,record,timestamp,"944862780",s,position_lat,"390180641",semicircles,position_long,"-1397942153",semicircles,distance,"20191.96",m,altitude,"15.399999999999977",m,speed,"3.406",m/s,unknown,"0",,unknown,"100",,heart_rate,"112",bpm,cadence,"0",rpm,fractional_cadence,"0.0",rpm,enhanced_altitude,"15.399999999999977",m,enhanced_speed,"3.406",m/s,,,,,,,,,,,,,,,,,,,,,,,,,,,,,,,,,,,,,,,,,,,,,,,,,,,,,,,,,,,,,,,,,,,,,,,,,,,,,,,,,,,,,,,,,,,,,,,,,,,,,,,,,,,,,,,,,,,,,,,,,,,,,,,,,,,,,,,,,,,,,,,,,,,,,,,,,,,,,,,,,,,
Data,12,record,timestamp,"944862782",s,position_lat,"390181346",semicircles,position_long,"-1397942100",semicircles,distance,"20198.51",m,altitude,"15.399999999999977",m,speed,"3.424",m/s,unknown,"0",,unknown,"100",,heart_rate,"109",bpm,cadence,"0",rpm,fractional_cadence,"0.0",rpm,enhanced_altitude,"15.399999999999977",m,enhanced_speed,"3.424",m/s,,,,,,,,,,,,,,,,,,,,,,,,,,,,,,,,,,,,,,,,,,,,,,,,,,,,,,,,,,,,,,,,,,,,,,,,,,,,,,,,,,,,,,,,,,,,,,,,,,,,,,,,,,,,,,,,,,,,,,,,,,,,,,,,,,,,,,,,,,,,,,,,,,,,,,,,,,,,,,,,,,,
Data,12,record,timestamp,"944862783",s,position_lat,"390181690",semicircles,position_long,"-1397942054",semicircles,distance,"20201.73",m,altitude,"15.399999999999977",m,speed,"3.247",m/s,unknown,"0",,unknown,"100",,heart_rate,"113",bpm,cadence,"0",rpm,fractional_cadence,"0.0",rpm,enhanced_altitude,"15.399999999999977",m,enhanced_speed,"3.247",m/s,,,,,,,,,,,,,,,,,,,,,,,,,,,,,,,,,,,,,,,,,,,,,,,,,,,,,,,,,,,,,,,,,,,,,,,,,,,,,,,,,,,,,,,,,,,,,,,,,,,,,,,,,,,,,,,,,,,,,,,,,,,,,,,,,,,,,,,,,,,,,,,,,,,,,,,,,,,,,,,,,,,
Data,12,record,timestamp,"944862784",s,position_lat,"390182057",semicircles,position_long,"-1397942025",semicircles,distance,"20205.15",m,altitude,"15.399999999999977",m,speed,"3.443",m/s,unknown,"0",,unknown,"100",,heart_rate,"110",bpm,cadence,"0",rpm,fractional_cadence,"0.0",rpm,enhanced_altitude,"15.399999999999977",m,enhanced_speed,"3.443",m/s,,,,,,,,,,,,,,,,,,,,,,,,,,,,,,,,,,,,,,,,,,,,,,,,,,,,,,,,,,,,,,,,,,,,,,,,,,,,,,,,,,,,,,,,,,,,,,,,,,,,,,,,,,,,,,,,,,,,,,,,,,,,,,,,,,,,,,,,,,,,,,,,,,,,,,,,,,,,,,,,,,,
Data,12,record,timestamp,"944862793",s,position_lat,"390185431",semicircles,position_long,"-1397942060",semicircles,distance,"20236.58",m,altitude,"15.799999999999955",m,speed,"3.452",m/s,unknown,"0",,unknown,"100",,heart_rate,"110",bpm,cadence,"0",rpm,fractional_cadence,"0.0",rpm,enhanced_altitude,"15.799999999999955",m,enhanced_speed,"3.452",m/s,,,,,,,,,,,,,,,,,,,,,,,,,,,,,,,,,,,,,,,,,,,,,,,,,,,,,,,,,,,,,,,,,,,,,,,,,,,,,,,,,,,,,,,,,,,,,,,,,,,,,,,,,,,,,,,,,,,,,,,,,,,,,,,,,,,,,,,,,,,,,,,,,,,,,,,,,,,,,,,,,,,
Data,12,record,timestamp,"944862802",s,position_lat,"390188376",semicircles,position_long,"-1397942369",semicircles,distance,"20264.07",m,altitude,"16.0",m,speed,"3.023",m/s,unknown,"0",,unknown,"100",,heart_rate,"112",bpm,cadence,"0",rpm,fractional_cadence,"0.0",rpm,enhanced_altitude,"16.0",m,enhanced_speed,"3.023",m/s,,,,,,,,,,,,,,,,,,,,,,,,,,,,,,,,,,,,,,,,,,,,,,,,,,,,,,,,,,,,,,,,,,,,,,,,,,,,,,,,,,,,,,,,,,,,,,,,,,,,,,,,,,,,,,,,,,,,,,,,,,,,,,,,,,,,,,,,,,,,,,,,,,,,,,,,,,,,,,,,,,,
Data,12,record,timestamp,"944862808",s,position_lat,"390190565",semicircles,position_long,"-1397942507",semicircles,distance,"20284.44",m,altitude,"15.799999999999955",m,speed,"3.34",m/s,unknown,"0",,unknown,"100",,heart_rate,"109",bpm,cadence,"0",rpm,fractional_cadence,"0.0",rpm,enhanced_altitude,"15.799999999999955",m,enhanced_speed,"3.34",m/s,,,,,,,,,,,,,,,,,,,,,,,,,,,,,,,,,,,,,,,,,,,,,,,,,,,,,,,,,,,,,,,,,,,,,,,,,,,,,,,,,,,,,,,,,,,,,,,,,,,,,,,,,,,,,,,,,,,,,,,,,,,,,,,,,,,,,,,,,,,,,,,,,,,,,,,,,,,,,,,,,,,
Data,12,record,timestamp,"944862811",s,position_lat,"390191676",semicircles,position_long,"-1397942541",semicircles,distance,"20294.77",m,altitude,"15.799999999999955",m,speed,"3.322",m/s,unknown,"0",,unknown,"100",,heart_rate,"109",bpm,cadence,"0",rpm,fractional_cadence,"0.0",rpm,enhanced_altitude,"15.799999999999955",m,enhanced_speed,"3.322",m/s,,,,,,,,,,,,,,,,,,,,,,,,,,,,,,,,,,,,,,,,,,,,,,,,,,,,,,,,,,,,,,,,,,,,,,,,,,,,,,,,,,,,,,,,,,,,,,,,,,,,,,,,,,,,,,,,,,,,,,,,,,,,,,,,,,,,,,,,,,,,,,,,,,,,,,,,,,,,,,,,,,,
Data,12,record,timestamp,"944862819",s,position_lat,"390194677",semicircles,position_long,"-1397942644",semicircles,distance,"20322.7",m,altitude,"15.600000000000023",m,speed,"3.163",m/s,unknown,"0",,unknown,"100",,heart_rate,"105",bpm,cadence,"0",rpm,fractional_cadence,"0.0",rpm,enhanced_altitude,"15.600000000000023",m,enhanced_speed,"3.163",m/s,,,,,,,,,,,,,,,,,,,,,,,,,,,,,,,,,,,,,,,,,,,,,,,,,,,,,,,,,,,,,,,,,,,,,,,,,,,,,,,,,,,,,,,,,,,,,,,,,,,,,,,,,,,,,,,,,,,,,,,,,,,,,,,,,,,,,,,,,,,,,,,,,,,,,,,,,,,,,,,,,,,
Data,12,record,timestamp,"944862820",s,position_lat,"390195032",semicircles,position_long,"-1397942684",semicircles,distance,"20326.02",m,altitude,"15.799999999999955",m,speed,"3.228",m/s,unknown,"0",,unknown,"100",,heart_rate,"104",bpm,cadence,"0",rpm,fractional_cadence,"0.0",rpm,enhanced_altitude,"15.799999999999955",m,enhanced_speed,"3.228",m/s,,,,,,,,,,,,,,,,,,,,,,,,,,,,,,,,,,,,,,,,,,,,,,,,,,,,,,,,,,,,,,,,,,,,,,,,,,,,,,,,,,,,,,,,,,,,,,,,,,,,,,,,,,,,,,,,,,,,,,,,,,,,,,,,,,,,,,,,,,,,,,,,,,,,,,,,,,,,,,,,,,,
Data,12,record,timestamp,"944862825",s,position_lat,"390196872",semicircles,position_long,"-1397942838",semicircles,distance,"20343.17",m,altitude,"15.799999999999955",m,speed,"3.256",m/s,unknown,"0",,unknown,"100",,heart_rate,"107",bpm,cadence,"0",rpm,fractional_cadence,"0.0",rpm,enhanced_altitude,"15.799999999999955",m,enhanced_speed,"3.256",m/s,,,,,,,,,,,,,,,,,,,,,,,,,,,,,,,,,,,,,,,,,,,,,,,,,,,,,,,,,,,,,,,,,,,,,,,,,,,,,,,,,,,,,,,,,,,,,,,,,,,,,,,,,,,,,,,,,,,,,,,,,,,,,,,,,,,,,,,,,,,,,,,,,,,,,,,,,,,,,,,,,,,
Data,12,record,timestamp,"944862826",s,position_lat,"390197198",semicircles,position_long,"-1397942908",semicircles,distance,"20346.25",m,altitude,"15.799999999999955",m,speed,"3.07",m/s,unknown,"0",,unknown,"100",,heart_rate,"104",bpm,cadence,"0",rpm,fractional_cadence,"0.0",rpm,enhanced_altitude,"15.799999999999955",m,enhanced_speed,"3.07",m/s,,,,,,,,,,,,,,,,,,,,,,,,,,,,,,,,,,,,,,,,,,,,,,,,,,,,,,,,,,,,,,,,,,,,,,,,,,,,,,,,,,,,,,,,,,,,,,,,,,,,,,,,,,,,,,,,,,,,,,,,,,,,,,,,,,,,,,,,,,,,,,,,,,,,,,,,,,,,,,,,,,,
Data,12,record,timestamp,"944862829",s,position_lat,"390198233",semicircles,position_long,"-1397943121",semicircles,distance,"20356.03",m,altitude,"16.200000000000045",m,speed,"2.939",m/s,unknown,"0",,unknown,"100",,heart_rate,"105",bpm,cadence,"0",rpm,fractional_cadence,"0.0",rpm,enhanced_altitude,"16.200000000000045",m,enhanced_speed,"2.939",m/s,,,,,,,,,,,,,,,,,,,,,,,,,,,,,,,,,,,,,,,,,,,,,,,,,,,,,,,,,,,,,,,,,,,,,,,,,,,,,,,,,,,,,,,,,,,,,,,,,,,,,,,,,,,,,,,,,,,,,,,,,,,,,,,,,,,,,,,,,,,,,,,,,,,,,,,,,,,,,,,,,,,
Data,12,record,timestamp,"944862835",s,position_lat,"390200196",semicircles,position_long,"-1397943635",semicircles,distance,"20374.63",m,altitude,"16.399999999999977",m,speed,"2.855",m/s,unknown,"0",,unknown,"100",,heart_rate,"101",bpm,cadence,"0",rpm,fractional_cadence,"0.0",rpm,enhanced_altitude,"16.399999999999977",m,enhanced_speed,"2.855",m/s,,,,,,,,,,,,,,,,,,,,,,,,,,,,,,,,,,,,,,,,,,,,,,,,,,,,,,,,,,,,,,,,,,,,,,,,,,,,,,,,,,,,,,,,,,,,,,,,,,,,,,,,,,,,,,,,,,,,,,,,,,,,,,,,,,,,,,,,,,,,,,,,,,,,,,,,,,,,,,,,,,,
Data,12,record,timestamp,"944862836",s,position_lat,"390200534",semicircles,position_long,"-1397943687",semicircles,distance,"20377.79",m,altitude,"16.399999999999977",m,speed,"3.032",m/s,unknown,"0",,unknown,"100",,heart_rate,"103",bpm,cadence,"0",rpm,fractional_cadence,"0.0",rpm,enhanced_altitude,"16.399999999999977",m,enhanced_speed,"3.032",m/s,,,,,,,,,,,,,,,,,,,,,,,,,,,,,,,,,,,,,,,,,,,,,,,,,,,,,,,,,,,,,,,,,,,,,,,,,,,,,,,,,,,,,,,,,,,,,,,,,,,,,,,,,,,,,,,,,,,,,,,,,,,,,,,,,,,,,,,,,,,,,,,,,,,,,,,,,,,,,,,,,,,
Data,12,record,timestamp,"944862844",s,position_lat,"390203245",semicircles,position_long,"-1397944911",semicircles,distance,"20404.86",m,altitude,"16.399999999999977",m,speed,"2.976",m/s,unknown,"0",,unknown,"100",,heart_rate,"103",bpm,cadence,"0",rpm,fractional_cadence,"0.0",rpm,enhanced_altitude,"16.399999999999977",m,enhanced_speed,"2.976",m/s,,,,,,,,,,,,,,,,,,,,,,,,,,,,,,,,,,,,,,,,,,,,,,,,,,,,,,,,,,,,,,,,,,,,,,,,,,,,,,,,,,,,,,,,,,,,,,,,,,,,,,,,,,,,,,,,,,,,,,,,,,,,,,,,,,,,,,,,,,,,,,,,,,,,,,,,,,,,,,,,,,,
Data,12,record,timestamp,"944862846",s,position_lat,"390203861",semicircles,position_long,"-1397945150",semicircles,distance,"20410.89",m,altitude,"16.200000000000045",m,speed,"2.781",m/s,unknown,"0",,unknown,"100",,heart_rate,"106",bpm,cadence,"0",rpm,fractional_cadence,"0.0",rpm,enhanced_altitude,"16.200000000000045",m,enhanced_speed,"2.781",m/s,,,,,,,,,,,,,,,,,,,,,,,,,,,,,,,,,,,,,,,,,,,,,,,,,,,,,,,,,,,,,,,,,,,,,,,,,,,,,,,,,,,,,,,,,,,,,,,,,,,,,,,,,,,,,,,,,,,,,,,,,,,,,,,,,,,,,,,,,,,,,,,,,,,,,,,,,,,,,,,,,,,
Data,12,record,timestamp,"944862851",s,position_lat,"390205514",semicircles,position_long,"-1397945473",semicircles,distance,"20426.45",m,altitude,"15.600000000000023",m,speed,"3.079",m/s,unknown,"0",,unknown,"100",,heart_rate,"102",bpm,cadence,"0",rpm,fractional_cadence,"0.0",rpm,enhanced_altitude,"15.600000000000023",m,enhanced_speed,"3.079",m/s,,,,,,,,,,,,,,,,,,,,,,,,,,,,,,,,,,,,,,,,,,,,,,,,,,,,,,,,,,,,,,,,,,,,,,,,,,,,,,,,,,,,,,,,,,,,,,,,,,,,,,,,,,,,,,,,,,,,,,,,,,,,,,,,,,,,,,,,,,,,,,,,,,,,,,,,,,,,,,,,,,,
Data,12,record,timestamp,"944862857",s,position_lat,"390207658",semicircles,position_long,"-1397946023",semicircles,distance,"20446.9",m,altitude,"15.399999999999977",m,speed,"3.256",m/s,unknown,"0",,unknown,"100",,heart_rate,"103",bpm,cadence,"0",rpm,fractional_cadence,"0.0",rpm,enhanced_altitude,"15.399999999999977",m,enhanced_speed,"3.256",m/s,,,,,,,,,,,,,,,,,,,,,,,,,,,,,,,,,,,,,,,,,,,,,,,,,,,,,,,,,,,,,,,,,,,,,,,,,,,,,,,,,,,,,,,,,,,,,,,,,,,,,,,,,,,,,,,,,,,,,,,,,,,,,,,,,,,,,,,,,,,,,,,,,,,,,,,,,,,,,,,,,,,
Data,12,record,timestamp,"944862863",s,position_lat,"390209779",semicircles,position_long,"-1397946618",semicircles,distance,"20467.17",m,altitude,"15.600000000000023",m,speed,"3.126",m/s,unknown,"0",,unknown,"300",,heart_rate,"99",bpm,cadence,"0",rpm,fractional_cadence,"0.0",rpm,enhanced_altitude,"15.600000000000023",m,enhanced_speed,"3.126",m/s,,,,,,,,,,,,,,,,,,,,,,,,,,,,,,,,,,,,,,,,,,,,,,,,,,,,,,,,,,,,,,,,,,,,,,,,,,,,,,,,,,,,,,,,,,,,,,,,,,,,,,,,,,,,,,,,,,,,,,,,,,,,,,,,,,,,,,,,,,,,,,,,,,,,,,,,,,,,,,,,,,,
Data,12,record,timestamp,"944862864",s,position_lat,"390210100",semicircles,position_long,"-1397946697",semicircles,distance,"20470.21",m,altitude,"15.600000000000023",m,speed,"3.042",m/s,unknown,"0",,unknown,"300",,heart_rate,"99",bpm,cadence,"0",rpm,fractional_cadence,"0.0",rpm,enhanced_altitude,"15.600000000000023",m,enhanced_speed,"3.042",m/s,,,,,,,,,,,,,,,,,,,,,,,,,,,,,,,,,,,,,,,,,,,,,,,,,,,,,,,,,,,,,,,,,,,,,,,,,,,,,,,,,,,,,,,,,,,,,,,,,,,,,,,,,,,,,,,,,,,,,,,,,,,,,,,,,,,,,,,,,,,,,,,,,,,,,,,,,,,,,,,,,,,
Data,12,record,timestamp,"944862866",s,position_lat,"390210801",semicircles,position_long,"-1397946803",semicircles,distance,"20476.78",m,altitude,"15.799999999999955",m,speed,"3.275",m/s,unknown,"0",,unknown,"300",,heart_rate,"98",bpm,cadence,"0",rpm,fractional_cadence,"0.0",rpm,enhanced_altitude,"15.799999999999955",m,enhanced_speed,"3.275",m/s,,,,,,,,,,,,,,,,,,,,,,,,,,,,,,,,,,,,,,,,,,,,,,,,,,,,,,,,,,,,,,,,,,,,,,,,,,,,,,,,,,,,,,,,,,,,,,,,,,,,,,,,,,,,,,,,,,,,,,,,,,,,,,,,,,,,,,,,,,,,,,,,,,,,,,,,,,,,,,,,,,,
Data,12,record,timestamp,"944862873",s,position_lat,"390213359",semicircles,position_long,"-1397947279",semicircles,distance,"20500.85",m,altitude,"15.799999999999955",m,speed,"3.49",m/s,unknown,"0",,unknown,"300",,heart_rate,"95",bpm,cadence,"0",rpm,fractional_cadence,"0.0",rpm,enhanced_altitude,"15.799999999999955",m,enhanced_speed,"3.49",m/s,,,,,,,,,,,,,,,,,,,,,,,,,,,,,,,,,,,,,,,,,,,,,,,,,,,,,,,,,,,,,,,,,,,,,,,,,,,,,,,,,,,,,,,,,,,,,,,,,,,,,,,,,,,,,,,,,,,,,,,,,,,,,,,,,,,,,,,,,,,,,,,,,,,,,,,,,,,,,,,,,,,
Data,12,record,timestamp,"944862874",s,position_lat,"390213730",semicircles,position_long,"-1397947376",semicircles,distance,"20504.38",m,altitude,"15.799999999999955",m,speed,"3.247",m/s,unknown,"0",,unknown,"300",,heart_rate,"95",bpm,cadence,"0",rpm,fractional_cadence,"0.0",rpm,enhanced_altitude,"15.799999999999955",m,enhanced_speed,"3.247",m/s,,,,,,,,,,,,,,,,,,,,,,,,,,,,,,,,,,,,,,,,,,,,,,,,,,,,,,,,,,,,,,,,,,,,,,,,,,,,,,,,,,,,,,,,,,,,,,,,,,,,,,,,,,,,,,,,,,,,,,,,,,,,,,,,,,,,,,,,,,,,,,,,,,,,,,,,,,,,,,,,,,,
Data,12,record,timestamp,"944862882",s,position_lat,"390216583",semicircles,position_long,"-1397947820",semicircles,distance,"20531.12",m,altitude,"16.0",m,speed,"3.424",m/s,unknown,"0",,unknown,"100",,heart_rate,"96",bpm,cadence,"0",rpm,fractional_cadence,"0.0",rpm,enhanced_altitude,"16.0",m,enhanced_speed,"3.424",m/s,,,,,,,,,,,,,,,,,,,,,,,,,,,,,,,,,,,,,,,,,,,,,,,,,,,,,,,,,,,,,,,,,,,,,,,,,,,,,,,,,,,,,,,,,,,,,,,,,,,,,,,,,,,,,,,,,,,,,,,,,,,,,,,,,,,,,,,,,,,,,,,,,,,,,,,,,,,,,,,,,,,
Data,12,record,timestamp,"944862890",s,position_lat,"390219354",semicircles,position_long,"-1397948495",semicircles,distance,"20557.45",m,altitude,"16.200000000000045",m,speed,"3.312",m/s,unknown,"0",,unknown,"100",,heart_rate,"96",bpm,cadence,"0",rpm,fractional_cadence,"0.0",rpm,enhanced_altitude,"16.200000000000045",m,enhanced_speed,"3.312",m/s,,,,,,,,,,,,,,,,,,,,,,,,,,,,,,,,,,,,,,,,,,,,,,,,,,,,,,,,,,,,,,,,,,,,,,,,,,,,,,,,,,,,,,,,,,,,,,,,,,,,,,,,,,,,,,,,,,,,,,,,,,,,,,,,,,,,,,,,,,,,,,,,,,,,,,,,,,,,,,,,,,,
Data,12,record,timestamp,"944862898",s,position_lat,"390221893",semicircles,position_long,"-1397949083",semicircles,distance,"20581.5",m,altitude,"16.200000000000045",m,speed,"3.07",m/s,unknown,"0",,unknown,"100",,heart_rate,"94",bpm,cadence,"0",rpm,fractional_cadence,"0.0",rpm,enhanced_altitude,"16.200000000000045",m,enhanced_speed,"3.07",m/s,,,,,,,,,,,,,,,,,,,,,,,,,,,,,,,,,,,,,,,,,,,,,,,,,,,,,,,,,,,,,,,,,,,,,,,,,,,,,,,,,,,,,,,,,,,,,,,,,,,,,,,,,,,,,,,,,,,,,,,,,,,,,,,,,,,,,,,,,,,,,,,,,,,,,,,,,,,,,,,,,,,
Data,12,record,timestamp,"944862902",s,position_lat,"390222613",semicircles,position_long,"-1397950131",semicircles,distance,"20592.37",m,altitude,"16.200000000000045",m,speed,"2.743",m/s,unknown,"0",,unknown,"100",,heart_rate,"97",bpm,cadence,"0",rpm,fractional_cadence,"0.0",rpm,enhanced_altitude,"16.200000000000045",m,enhanced_speed,"2.743",m/s,,,,,,,,,,,,,,,,,,,,,,,,,,,,,,,,,,,,,,,,,,,,,,,,,,,,,,,,,,,,,,,,,,,,,,,,,,,,,,,,,,,,,,,,,,,,,,,,,,,,,,,,,,,,,,,,,,,,,,,,,,,,,,,,,,,,,,,,,,,,,,,,,,,,,,,,,,,,,,,,,,,
Data,12,record,timestamp,"944862906",s,position_lat,"390222786",semicircles,position_long,"-1397951431",semicircles,distance,"20602.78",m,altitude,"16.200000000000045",m,speed,"2.491",m/s,unknown,"0",,unknown,"100",,heart_rate,"100",bpm,cadence,"0",rpm,fractional_cadence,"0.0",rpm,enhanced_altitude,"16.200000000000045",m,enhanced_speed,"2.491",m/s,,,,,,,,,,,,,,,,,,,,,,,,,,,,,,,,,,,,,,,,,,,,,,,,,,,,,,,,,,,,,,,,,,,,,,,,,,,,,,,,,,,,,,,,,,,,,,,,,,,,,,,,,,,,,,,,,,,,,,,,,,,,,,,,,,,,,,,,,,,,,,,,,,,,,,,,,,,,,,,,,,,
Data,12,record,timestamp,"944862908",s,position_lat,"390222662",semicircles,position_long,"-1397952045",semicircles,distance,"20607.73",m,altitude,"16.200000000000045",m,speed,"2.529",m/s,unknown,"0",,unknown,"100",,heart_rate,"98",bpm,cadence,"0",rpm,fractional_cadence,"0.0",rpm,enhanced_altitude,"16.200000000000045",m,enhanced_speed,"2.529",m/s,,,,,,,,,,,,,,,,,,,,,,,,,,,,,,,,,,,,,,,,,,,,,,,,,,,,,,,,,,,,,,,,,,,,,,,,,,,,,,,,,,,,,,,,,,,,,,,,,,,,,,,,,,,,,,,,,,,,,,,,,,,,,,,,,,,,,,,,,,,,,,,,,,,,,,,,,,,,,,,,,,,
Data,12,record,timestamp,"944862918",s,position_lat,"390222300",semicircles,position_long,"-1397955796",semicircles,distance,"20637.47",m,altitude,"16.0",m,speed,"3.042",m/s,unknown,"0",,unknown,"100",,heart_rate,"97",bpm,cadence,"0",rpm,fractional_cadence,"0.0",rpm,enhanced_altitude,"16.0",m,enhanced_speed,"3.042",m/s,,,,,,,,,,,,,,,,,,,,,,,,,,,,,,,,,,,,,,,,,,,,,,,,,,,,,,,,,,,,,,,,,,,,,,,,,,,,,,,,,,,,,,,,,,,,,,,,,,,,,,,,,,,,,,,,,,,,,,,,,,,,,,,,,,,,,,,,,,,,,,,,,,,,,,,,,,,,,,,,,,,
Data,12,record,timestamp,"944862926",s,position_lat,"390221963",semicircles,position_long,"-1397958706",semicircles,distance,"20660.57",m,altitude,"16.0",m,speed,"2.967",m/s,unknown,"0",,unknown,"300",,heart_rate,"94",bpm,cadence,"0",rpm,fractional_cadence,"0.0",rpm,enhanced_altitude,"16.0",m,enhanced_speed,"2.967",m/s,,,,,,,,,,,,,,,,,,,,,,,,,,,,,,,,,,,,,,,,,,,,,,,,,,,,,,,,,,,,,,,,,,,,,,,,,,,,,,,,,,,,,,,,,,,,,,,,,,,,,,,,,,,,,,,,,,,,,,,,,,,,,,,,,,,,,,,,,,,,,,,,,,,,,,,,,,,,,,,,,,,
Data,12,record,timestamp,"944862927",s,position_lat,"390222000",semicircles,position_long,"-1397959050",semicircles,distance,"20663.26",m,altitude,"16.0",m,speed,"2.995",m/s,unknown,"0",,unknown,"300",,heart_rate,"94",bpm,cadence,"0",rpm,fractional_cadence,"0.0",rpm,enhanced_altitude,"16.0",m,enhanced_speed,"2.995",m/s,,,,,,,,,,,,,,,,,,,,,,,,,,,,,,,,,,,,,,,,,,,,,,,,,,,,,,,,,,,,,,,,,,,,,,,,,,,,,,,,,,,,,,,,,,,,,,,,,,,,,,,,,,,,,,,,,,,,,,,,,,,,,,,,,,,,,,,,,,,,,,,,,,,,,,,,,,,,,,,,,,,
Data,12,record,timestamp,"944862933",s,position_lat,"390221898",semicircles,position_long,"-1397961286",semicircles,distance,"20680.91",m,altitude,"16.0",m,speed,"2.874",m/s,unknown,"0",,unknown,"100",,heart_rate,"98",bpm,cadence,"0",rpm,fractional_cadence,"0.0",rpm,enhanced_altitude,"16.0",m,enhanced_speed,"2.874",m/s,,,,,,,,,,,,,,,,,,,,,,,,,,,,,,,,,,,,,,,,,,,,,,,,,,,,,,,,,,,,,,,,,,,,,,,,,,,,,,,,,,,,,,,,,,,,,,,,,,,,,,,,,,,,,,,,,,,,,,,,,,,,,,,,,,,,,,,,,,,,,,,,,,,,,,,,,,,,,,,,,,,
Data,12,record,timestamp,"944862937",s,position_lat,"390221866",semicircles,position_long,"-1397962731",semicircles,distance,"20692.27",m,altitude,"16.0",m,speed,"2.79",m/s,unknown,"0",,unknown,"100",,heart_rate,"101",bpm,cadence,"0",rpm,fractional_cadence,"0.0",rpm,enhanced_altitude,"16.0",m,enhanced_speed,"2.79",m/s,,,,,,,,,,,,,,,,,,,,,,,,,,,,,,,,,,,,,,,,,,,,,,,,,,,,,,,,,,,,,,,,,,,,,,,,,,,,,,,,,,,,,,,,,,,,,,,,,,,,,,,,,,,,,,,,,,,,,,,,,,,,,,,,,,,,,,,,,,,,,,,,,,,,,,,,,,,,,,,,,,,
Data,12,record,timestamp,"944862938",s,position_lat,"390221809",semicircles,position_long,"-1397963072",semicircles,distance,"20695.0",m,altitude,"16.0",m,speed,"2.753",m/s,unknown,"0",,unknown,"100",,heart_rate,"98",bpm,cadence,"0",rpm,fractional_cadence,"0.0",rpm,enhanced_altitude,"16.0",m,enhanced_speed,"2.753",m/s,,,,,,,,,,,,,,,,,,,,,,,,,,,,,,,,,,,,,,,,,,,,,,,,,,,,,,,,,,,,,,,,,,,,,,,,,,,,,,,,,,,,,,,,,,,,,,,,,,,,,,,,,,,,,,,,,,,,,,,,,,,,,,,,,,,,,,,,,,,,,,,,,,,,,,,,,,,,,,,,,,,
Data,12,record,timestamp,"944862944",s,position_lat,"390221364",semicircles,position_long,"-1397965283",semicircles,distance,"20712.85",m,altitude,"16.0",m,speed,"2.697",m/s,unknown,"0",,unknown,"100",,heart_rate,"94",bpm,cadence,"0",rpm,fractional_cadence,"0.0",rpm,enhanced_altitude,"16.0",m,enhanced_speed,"2.697",m/s,,,,,,,,,,,,,,,,,,,,,,,,,,,,,,,,,,,,,,,,,,,,,,,,,,,,,,,,,,,,,,,,,,,,,,,,,,,,,,,,,,,,,,,,,,,,,,,,,,,,,,,,,,,,,,,,,,,,,,,,,,,,,,,,,,,,,,,,,,,,,,,,,,,,,,,,,,,,,,,,,,,
Data,12,record,timestamp,"944862945",s,position_lat,"390221334",semicircles,position_long,"-1397965624",semicircles,distance,"20715.55",m,altitude,"16.0",m,speed,"2.799",m/s,unknown,"0",,unknown,"100",,heart_rate,"97",bpm,cadence,"0",rpm,fractional_cadence,"0.0",rpm,enhanced_altitude,"16.0",m,enhanced_speed,"2.799",m/s,,,,,,,,,,,,,,,,,,,,,,,,,,,,,,,,,,,,,,,,,,,,,,,,,,,,,,,,,,,,,,,,,,,,,,,,,,,,,,,,,,,,,,,,,,,,,,,,,,,,,,,,,,,,,,,,,,,,,,,,,,,,,,,,,,,,,,,,,,,,,,,,,,,,,,,,,,,,,,,,,,,
Data,12,record,timestamp,"944862948",s,position_lat,"390221195",semicircles,position_long,"-1397966641",semicircles,distance,"20723.64",m,altitude,"16.0",m,speed,"2.65",m/s,unknown,"0",,unknown,"100",,heart_rate,"97",bpm,cadence,"0",rpm,fractional_cadence,"0.0",rpm,enhanced_altitude,"16.0",m,enhanced_speed,"2.65",m/s,,,,,,,,,,,,,,,,,,,,,,,,,,,,,,,,,,,,,,,,,,,,,,,,,,,,,,,,,,,,,,,,,,,,,,,,,,,,,,,,,,,,,,,,,,,,,,,,,,,,,,,,,,,,,,,,,,,,,,,,,,,,,,,,,,,,,,,,,,,,,,,,,,,,,,,,,,,,,,,,,,,
Data,12,record,timestamp,"944862952",s,position_lat,"390221125",semicircles,position_long,"-1397967997",semicircles,distance,"20734.34",m,altitude,"16.0",m,speed,"2.799",m/s,unknown,"0",,unknown,"100",,heart_rate,"94",bpm,cadence,"0",rpm,fractional_cadence,"0.0",rpm,enhanced_altitude,"16.0",m,enhanced_speed,"2.799",m/s,,,,,,,,,,,,,,,,,,,,,,,,,,,,,,,,,,,,,,,,,,,,,,,,,,,,,,,,,,,,,,,,,,,,,,,,,,,,,,,,,,,,,,,,,,,,,,,,,,,,,,,,,,,,,,,,,,,,,,,,,,,,,,,,,,,,,,,,,,,,,,,,,,,,,,,,,,,,,,,,,,,
Data,12,record,timestamp,"944862958",s,position_lat,"390220960",semicircles,position_long,"-1397970175",semicircles,distance,"20751.53",m,altitude,"16.0",m,speed,"2.855",m/s,unknown,"0",,unknown,"100",,heart_rate,"93",bpm,cadence,"0",rpm,fractional_cadence,"0.0",rpm,enhanced_altitude,"16.0",m,enhanced_speed,"2.855",m/s,,,,,,,,,,,,,,,,,,,,,,,,,,,,,,,,,,,,,,,,,,,,,,,,,,,,,,,,,,,,,,,,,,,,,,,,,,,,,,,,,,,,,,,,,,,,,,,,,,,,,,,,,,,,,,,,,,,,,,,,,,,,,,,,,,,,,,,,,,,,,,,,,,,,,,,,,,,,,,,,,,,
Data,12,record,timestamp,"944862968",s,position_lat,"390220689",semicircles,position_long,"-1397973967",semicircles,distance,"20781.47",m,altitude,"15.799999999999955",m,speed,"3.256",m/s,unknown,"0",,unknown,"100",,heart_rate,"90",bpm,cadence,"0",rpm,fractional_cadence,"0.0",rpm,enhanced_altitude,"15.799999999999955",m,enhanced_speed,"3.256",m/s,,,,,,,,,,,,,,,,,,,,,,,,,,,,,,,,,,,,,,,,,,,,,,,,,,,,,,,,,,,,,,,,,,,,,,,,,,,,,,,,,,,,,,,,,,,,,,,,,,,,,,,,,,,,,,,,,,,,,,,,,,,,,,,,,,,,,,,,,,,,,,,,,,,,,,,,,,,,,,,,,,,
Data,12,record,timestamp,"944862977",s,position_lat,"390220080",semicircles,position_long,"-1397977685",semicircles,distance,"20811.56",m,altitude,"15.799999999999955",m,speed,"3.34",m/s,unknown,"0",,unknown,"100",,heart_rate,"87",bpm,cadence,"0",rpm,fractional_cadence,"0.0",rpm,enhanced_altitude,"15.799999999999955",m,enhanced_speed,"3.34",m/s,,,,,,,,,,,,,,,,,,,,,,,,,,,,,,,,,,,,,,,,,,,,,,,,,,,,,,,,,,,,,,,,,,,,,,,,,,,,,,,,,,,,,,,,,,,,,,,,,,,,,,,,,,,,,,,,,,,,,,,,,,,,,,,,,,,,,,,,,,,,,,,,,,,,,,,,,,,,,,,,,,,
Data,12,record,timestamp,"944862981",s,position_lat,"390220015",semicircles,position_long,"-1397979545",semicircles,distance,"20826.14",m,altitude,"15.799999999999955",m,speed,"3.266",m/s,unknown,"0",,unknown,"100",,heart_rate,"84",bpm,cadence,"0",rpm,fractional_cadence,"0.0",rpm,enhanced_altitude,"15.799999999999955",m,enhanced_speed,"3.266",m/s,,,,,,,,,,,,,,,,,,,,,,,,,,,,,,,,,,,,,,,,,,,,,,,,,,,,,,,,,,,,,,,,,,,,,,,,,,,,,,,,,,,,,,,,,,,,,,,,,,,,,,,,,,,,,,,,,,,,,,,,,,,,,,,,,,,,,,,,,,,,,,,,,,,,,,,,,,,,,,,,,,,
Data,12,record,timestamp,"944862982",s,position_lat,"390220008",semicircles,position_long,"-1397979987",semicircles,distance,"20829.62",m,altitude,"15.799999999999955",m,speed,"3.322",m/s,unknown,"0",,unknown,"100",,heart_rate,"87",bpm,cadence,"0",rpm,fractional_cadence,"0.0",rpm,enhanced_altitude,"15.799999999999955",m,enhanced_speed,"3.322",m/s,,,,,,,,,,,,,,,,,,,,,,,,,,,,,,,,,,,,,,,,,,,,,,,,,,,,,,,,,,,,,,,,,,,,,,,,,,,,,,,,,,,,,,,,,,,,,,,,,,,,,,,,,,,,,,,,,,,,,,,,,,,,,,,,,,,,,,,,,,,,,,,,,,,,,,,,,,,,,,,,,,,
Data,12,record,timestamp,"944862985",s,position_lat,"390219958",semicircles,position_long,"-1397981269",semicircles,distance,"20839.7",m,altitude,"15.799999999999955",m,speed,"3.182",m/s,unknown,"0",,unknown,"100",,heart_rate,"85",bpm,cadence,"0",rpm,fractional_cadence,"0.0",rpm,enhanced_altitude,"15.799999999999955",m,enhanced_speed,"3.182",m/s,,,,,,,,,,,,,,,,,,,,,,,,,,,,,,,,,,,,,,,,,,,,,,,,,,,,,,,,,,,,,,,,,,,,,,,,,,,,,,,,,,,,,,,,,,,,,,,,,,,,,,,,,,,,,,,,,,,,,,,,,,,,,,,,,,,,,,,,,,,,,,,,,,,,,,,,,,,,,,,,,,,
Data,12,record,timestamp,"944862994",s,position_lat,"390219503",semicircles,position_long,"-1397984764",semicircles,distance,"20867.49",m,altitude,"16.0",m,speed,"3.032",m/s,unknown,"0",,unknown,"100",,heart_rate,"83",bpm,cadence,"0",rpm,fractional_cadence,"0.0",rpm,enhanced_altitude,"16.0",m,enhanced_speed,"3.032",m/s,,,,,,,,,,,,,,,,,,,,,,,,,,,,,,,,,,,,,,,,,,,,,,,,,,,,,,,,,,,,,,,,,,,,,,,,,,,,,,,,,,,,,,,,,,,,,,,,,,,,,,,,,,,,,,,,,,,,,,,,,,,,,,,,,,,,,,,,,,,,,,,,,,,,,,,,,,,,,,,,,,,
Data,12,record,timestamp,"944863000",s,position_lat,"390219377",semicircles,position_long,"-1397987010",semicircles,distance,"20885.19",m,altitude,"16.200000000000045",m,speed,"2.874",m/s,unknown,"0",,unknown,"100",,heart_rate,"86",bpm,cadence,"0",rpm,fractional_cadence,"0.0",rpm,enhanced_altitude,"16.200000000000045",m,enhanced_speed,"2.874",m/s,,,,,,,,,,,,,,,,,,,,,,,,,,,,,,,,,,,,,,,,,,,,,,,,,,,,,,,,,,,,,,,,,,,,,,,,,,,,,,,,,,,,,,,,,,,,,,,,,,,,,,,,,,,,,,,,,,,,,,,,,,,,,,,,,,,,,,,,,,,,,,,,,,,,,,,,,,,,,,,,,,,
Data,12,record,timestamp,"944863003",s,position_lat,"390219255",semicircles,position_long,"-1397988096",semicircles,distance,"20893.74",m,altitude,"16.399999999999977",m,speed,"2.911",m/s,unknown,"0",,unknown,"100",,heart_rate,"85",bpm,cadence,"0",rpm,fractional_cadence,"0.0",rpm,enhanced_altitude,"16.399999999999977",m,enhanced_speed,"2.911",m/s,,,,,,,,,,,,,,,,,,,,,,,,,,,,,,,,,,,,,,,,,,,,,,,,,,,,,,,,,,,,,,,,,,,,,,,,,,,,,,,,,,,,,,,,,,,,,,,,,,,,,,,,,,,,,,,,,,,,,,,,,,,,,,,,,,,,,,,,,,,,,,,,,,,,,,,,,,,,,,,,,,,
Data,12,record,timestamp,"944863011",s,position_lat,"390219220",semicircles,position_long,"-1397990920",semicircles,distance,"20915.75",m,altitude,"16.399999999999977",m,speed,"3.014",m/s,unknown,"0",,unknown,"100",,heart_rate,"84",bpm,cadence,"57",rpm,fractional_cadence,"0.5",rpm,enhanced_altitude,"16.399999999999977",m,enhanced_speed,"3.014",m/s,,,,,,,,,,,,,,,,,,,,,,,,,,,,,,,,,,,,,,,,,,,,,,,,,,,,,,,,,,,,,,,,,,,,,,,,,,,,,,,,,,,,,,,,,,,,,,,,,,,,,,,,,,,,,,,,,,,,,,,,,,,,,,,,,,,,,,,,,,,,,,,,,,,,,,,,,,,,,,,,,,,
Data,12,record,timestamp,"944863018",s,position_lat,"390219046",semicircles,position_long,"-1397993604",semicircles,distance,"20936.89",m,altitude,"16.200000000000045",m,speed,"2.865",m/s,unknown,"0",,unknown,"100",,heart_rate,"87",bpm,cadence,"0",rpm,fractional_cadence,"0.0",rpm,enhanced_altitude,"16.200000000000045",m,enhanced_speed,"2.865",m/s,,,,,,,,,,,,,,,,,,,,,,,,,,,,,,,,,,,,,,,,,,,,,,,,,,,,,,,,,,,,,,,,,,,,,,,,,,,,,,,,,,,,,,,,,,,,,,,,,,,,,,,,,,,,,,,,,,,,,,,,,,,,,,,,,,,,,,,,,,,,,,,,,,,,,,,,,,,,,,,,,,,
Data,12,record,timestamp,"944863020",s,position_lat,"390219071",semicircles,position_long,"-1397994401",semicircles,distance,"20943.16",m,altitude,"16.200000000000045",m,speed,"3.032",m/s,unknown,"0",,unknown,"100",,heart_rate,"91",bpm,cadence,"0",rpm,fractional_cadence,"0.0",rpm,enhanced_altitude,"16.200000000000045",m,enhanced_speed,"3.032",m/s,,,,,,,,,,,,,,,,,,,,,,,,,,,,,,,,,,,,,,,,,,,,,,,,,,,,,,,,,,,,,,,,,,,,,,,,,,,,,,,,,,,,,,,,,,,,,,,,,,,,,,,,,,,,,,,,,,,,,,,,,,,,,,,,,,,,,,,,,,,,,,,,,,,,,,,,,,,,,,,,,,,
Data,12,record,timestamp,"944863021",s,position_lat,"390219182",semicircles,position_long,"-1397994747",semicircles,distance,"20946.07",m,altitude,"16.200000000000045",m,speed,"2.809",m/s,unknown,"0",,unknown,"100",,heart_rate,"91",bpm,cadence,"0",rpm,fractional_cadence,"0.0",rpm,enhanced_altitude,"16.200000000000045",m,enhanced_speed,"2.809",m/s,,,,,,,,,,,,,,,,,,,,,,,,,,,,,,,,,,,,,,,,,,,,,,,,,,,,,,,,,,,,,,,,,,,,,,,,,,,,,,,,,,,,,,,,,,,,,,,,,,,,,,,,,,,,,,,,,,,,,,,,,,,,,,,,,,,,,,,,,,,,,,,,,,,,,,,,,,,,,,,,,,,
Data,12,record,timestamp,"944863022",s,position_lat,"390219329",semicircles,position_long,"-1397995052",semicircles,distance,"20948.82",m,altitude,"16.200000000000045",m,speed,"2.818",m/s,unknown,"0",,unknown,"100",,heart_rate,"94",bpm,cadence,"0",rpm,fractional_cadence,"0.0",rpm,enhanced_altitude,"16.200000000000045",m,enhanced_speed,"2.818",m/s,,,,,,,,,,,,,,,,,,,,,,,,,,,,,,,,,,,,,,,,,,,,,,,,,,,,,,,,,,,,,,,,,,,,,,,,,,,,,,,,,,,,,,,,,,,,,,,,,,,,,,,,,,,,,,,,,,,,,,,,,,,,,,,,,,,,,,,,,,,,,,,,,,,,,,,,,,,,,,,,,,,
Data,12,record,timestamp,"944863024",s,position_lat,"390219693",semicircles,position_long,"-1397995524",semicircles,distance,"20953.87",m,altitude,"16.0",m,speed,"2.342",m/s,unknown,"0",,unknown,"100",,heart_rate,"94",bpm,cadence,"0",rpm,fractional_cadence,"0.0",rpm,enhanced_altitude,"16.0",m,enhanced_speed,"2.342",m/s,,,,,,,,,,,,,,,,,,,,,,,,,,,,,,,,,,,,,,,,,,,,,,,,,,,,,,,,,,,,,,,,,,,,,,,,,,,,,,,,,,,,,,,,,,,,,,,,,,,,,,,,,,,,,,,,,,,,,,,,,,,,,,,,,,,,,,,,,,,,,,,,,,,,,,,,,,,,,,,,,,,
Data,12,record,timestamp,"944863025",s,position_lat,"390219944",semicircles,position_long,"-1397995632",semicircles,distance,"20956.33",m,altitude,"16.0",m,speed,"2.342",m/s,unknown,"0",,unknown,"100",,heart_rate,"94",bpm,cadence,"0",rpm,fractional_cadence,"0.0",rpm,enhanced_altitude,"16.0",m,enhanced_speed,"2.342",m/s,,,,,,,,,,,,,,,,,,,,,,,,,,,,,,,,,,,,,,,,,,,,,,,,,,,,,,,,,,,,,,,,,,,,,,,,,,,,,,,,,,,,,,,,,,,,,,,,,,,,,,,,,,,,,,,,,,,,,,,,,,,,,,,,,,,,,,,,,,,,,,,,,,,,,,,,,,,,,,,,,,,
Data,12,record,timestamp,"944863028",s,position_lat,"390220759",semicircles,position_long,"-1397995626",semicircles,distance,"20963.91",m,altitude,"16.0",m,speed,"2.557",m/s,unknown,"0",,unknown,"100",,heart_rate,"97",bpm,cadence,"0",rpm,fractional_cadence,"0.0",rpm,enhanced_altitude,"16.0",m,enhanced_speed,"2.557",m/s,,,,,,,,,,,,,,,,,,,,,,,,,,,,,,,,,,,,,,,,,,,,,,,,,,,,,,,,,,,,,,,,,,,,,,,,,,,,,,,,,,,,,,,,,,,,,,,,,,,,,,,,,,,,,,,,,,,,,,,,,,,,,,,,,,,,,,,,,,,,,,,,,,,,,,,,,,,,,,,,,,,
Data,12,record,timestamp,"944863036",s,position_lat,"390223363",semicircles,position_long,"-1397995001",semicircles,distance,"20988.56",m,altitude,"16.0",m,speed,"3.303",m/s,unknown,"0",,unknown,"100",,heart_rate,"100",bpm,cadence,"0",rpm,fractional_cadence,"0.0",rpm,enhanced_altitude,"16.0",m,enhanced_speed,"3.303",m/s,,,,,,,,,,,,,,,,,,,,,,,,,,,,,,,,,,,,,,,,,,,,,,,,,,,,,,,,,,,,,,,,,,,,,,,,,,,,,,,,,,,,,,,,,,,,,,,,,,,,,,,,,,,,,,,,,,,,,,,,,,,,,,,,,,,,,,,,,,,,,,,,,,,,,,,,,,,,,,,,,,,
Data,12,record,timestamp,"944863043",s,position_lat,"390225892",semicircles,position_long,"-1397994308",semicircles,distance,"21012.69",m,altitude,"16.200000000000045",m,speed,"3.238",m/s,unknown,"0",,unknown,"100",,heart_rate,"99",bpm,cadence,"61",rpm,fractional_cadence,"0.0",rpm,enhanced_altitude,"16.200000000000045",m,enhanced_speed,"3.238",m/s,,,,,,,,,,,,,,,,,,,,,,,,,,,,,,,,,,,,,,,,,,,,,,,,,,,,,,,,,,,,,,,,,,,,,,,,,,,,,,,,,,,,,,,,,,,,,,,,,,,,,,,,,,,,,,,,,,,,,,,,,,,,,,,,,,,,,,,,,,,,,,,,,,,,,,,,,,,,,,,,,,,
Data,12,record,timestamp,"944863050",s,position_lat,"390228432",semicircles,position_long,"-1397993558",semicircles,distance,"21037.02",m,altitude,"16.0",m,speed,"3.499",m/s,unknown,"0",,unknown,"100",,heart_rate,"102",bpm,cadence,"0",rpm,fractional_cadence,"0.0",rpm,enhanced_altitude,"16.0",m,enhanced_speed,"3.499",m/s,,,,,,,,,,,,,,,,,,,,,,,,,,,,,,,,,,,,,,,,,,,,,,,,,,,,,,,,,,,,,,,,,,,,,,,,,,,,,,,,,,,,,,,,,,,,,,,,,,,,,,,,,,,,,,,,,,,,,,,,,,,,,,,,,,,,,,,,,,,,,,,,,,,,,,,,,,,,,,,,,,,
Data,12,record,timestamp,"944863051",s,position_lat,"390228823",semicircles,position_long,"-1397993411",semicircles,distance,"21040.84",m,altitude,"16.0",m,speed,"3.508",m/s,unknown,"0",,unknown,"100",,heart_rate,"100",bpm,cadence,"0",rpm,fractional_cadence,"0.0",rpm,enhanced_altitude,"16.0",m,enhanced_speed,"3.508",m/s,,,,,,,,,,,,,,,,,,,,,,,,,,,,,,,,,,,,,,,,,,,,,,,,,,,,,,,,,,,,,,,,,,,,,,,,,,,,,,,,,,,,,,,,,,,,,,,,,,,,,,,,,,,,,,,,,,,,,,,,,,,,,,,,,,,,,,,,,,,,,,,,,,,,,,,,,,,,,,,,,,,
Data,12,record,timestamp,"944863061",s,position_lat,"390232369",semicircles,position_long,"-1397992433",semicircles,distance,"21074.69",m,altitude,"16.0",m,speed,"3.126",m/s,unknown,"0",,unknown,"100",,heart_rate,"100",bpm,cadence,"54",rpm,fractional_cadence,"0.5",rpm,enhanced_altitude,"16.0",m,enhanced_speed,"3.126",m/s,,,,,,,,,,,,,,,,,,,,,,,,,,,,,,,,,,,,,,,,,,,,,,,,,,,,,,,,,,,,,,,,,,,,,,,,,,,,,,,,,,,,,,,,,,,,,,,,,,,,,,,,,,,,,,,,,,,,,,,,,,,,,,,,,,,,,,,,,,,,,,,,,,,,,,,,,,,,,,,,,,,
Data,12,record,timestamp,"944863071",s,position_lat,"390235708",semicircles,position_long,"-1397991346",semicircles,distance,"21106.87",m,altitude,"16.200000000000045",m,speed,"3.182",m/s,unknown,"0",,unknown,"100",,heart_rate,"100",bpm,cadence,"0",rpm,fractional_cadence,"0.0",rpm,enhanced_altitude,"16.200000000000045",m,enhanced_speed,"3.182",m/s,,,,,,,,,,,,,,,,,,,,,,,,,,,,,,,,,,,,,,,,,,,,,,,,,,,,,,,,,,,,,,,,,,,,,,,,,,,,,,,,,,,,,,,,,,,,,,,,,,,,,,,,,,,,,,,,,,,,,,,,,,,,,,,,,,,,,,,,,,,,,,,,,,,,,,,,,,,,,,,,,,,
Data,12,record,timestamp,"944863079",s,position_lat,"390238239",semicircles,position_long,"-1397990333",semicircles,distance,"21131.74",m,altitude,"16.0",m,speed,"3.256",m/s,unknown,"0",,unknown,"100",,heart_rate,"100",bpm,cadence,"0",rpm,fractional_cadence,"0.0",rpm,enhanced_altitude,"16.0",m,enhanced_speed,"3.256",m/s,,,,,,,,,,,,,,,,,,,,,,,,,,,,,,,,,,,,,,,,,,,,,,,,,,,,,,,,,,,,,,,,,,,,,,,,,,,,,,,,,,,,,,,,,,,,,,,,,,,,,,,,,,,,,,,,,,,,,,,,,,,,,,,,,,,,,,,,,,,,,,,,,,,,,,,,,,,,,,,,,,,
Data,12,record,timestamp,"944863081",s,position_lat,"390238926",semicircles,position_long,"-1397990118",semicircles,distance,"21138.35",m,altitude,"16.200000000000045",m,speed,"3.107",m/s,unknown,"0",,unknown,"100",,heart_rate,"96",bpm,cadence,"0",rpm,fractional_cadence,"0.0",rpm,enhanced_altitude,"16.200000000000045",m,enhanced_speed,"3.107",m/s,,,,,,,,,,,,,,,,,,,,,,,,,,,,,,,,,,,,,,,,,,,,,,,,,,,,,,,,,,,,,,,,,,,,,,,,,,,,,,,,,,,,,,,,,,,,,,,,,,,,,,,,,,,,,,,,,,,,,,,,,,,,,,,,,,,,,,,,,,,,,,,,,,,,,,,,,,,,,,,,,,,
Data,12,record,timestamp,"944863085",s,position_lat,"390240225",semicircles,position_long,"-1397989717",semicircles,distance,"21150.83",m,altitude,"16.0",m,speed,"3.126",m/s,unknown,"0",,unknown,"100",,heart_rate,"99",bpm,cadence,"0",rpm,fractional_cadence,"0.0",rpm,enhanced_altitude,"16.0",m,enhanced_speed,"3.126",m/s,,,,,,,,,,,,,,,,,,,,,,,,,,,,,,,,,,,,,,,,,,,,,,,,,,,,,,,,,,,,,,,,,,,,,,,,,,,,,,,,,,,,,,,,,,,,,,,,,,,,,,,,,,,,,,,,,,,,,,,,,,,,,,,,,,,,,,,,,,,,,,,,,,,,,,,,,,,,,,,,,,,
Data,12,record,timestamp,"944863088",s,position_lat,"390241193",semicircles,position_long,"-1397989366",semicircles,distance,"21160.24",m,altitude,"16.0",m,speed,"3.34",m/s,unknown,"0",,unknown,"100",,heart_rate,"96",bpm,cadence,"0",rpm,fractional_cadence,"0.0",rpm,enhanced_altitude,"16.0",m,enhanced_speed,"3.34",m/s,,,,,,,,,,,,,,,,,,,,,,,,,,,,,,,,,,,,,,,,,,,,,,,,,,,,,,,,,,,,,,,,,,,,,,,,,,,,,,,,,,,,,,,,,,,,,,,,,,,,,,,,,,,,,,,,,,,,,,,,,,,,,,,,,,,,,,,,,,,,,,,,,,,,,,,,,,,,,,,,,,,
Data,12,record,timestamp,"944863092",s,position_lat,"390242460",semicircles,position_long,"-1397988917",semicircles,distance,"21172.54",m,altitude,"16.200000000000045",m,speed,"3.051",m/s,unknown,"0",,unknown,"100",,heart_rate,"93",bpm,cadence,"0",rpm,fractional_cadence,"0.0",rpm,enhanced_altitude,"16.200000000000045",m,enhanced_speed,"3.051",m/s,,,,,,,,,,,,,,,,,,,,,,,,,,,,,,,,,,,,,,,,,,,,,,,,,,,,,,,,,,,,,,,,,,,,,,,,,,,,,,,,,,,,,,,,,,,,,,,,,,,,,,,,,,,,,,,,,,,,,,,,,,,,,,,,,,,,,,,,,,,,,,,,,,,,,,,,,,,,,,,,,,,
Data,12,record,timestamp,"944863093",s,position_lat,"390242784",semicircles,position_long,"-1397988854",semicircles,distance,"21175.59",m,altitude,"16.0",m,speed,"3.06",m/s,unknown,"0",,unknown,"100",,heart_rate,"96",bpm,cadence,"0",rpm,fractional_cadence,"0.0",rpm,enhanced_altitude,"16.0",m,enhanced_speed,"3.06",m/s,,,,,,,,,,,,,,,,,,,,,,,,,,,,,,,,,,,,,,,,,,,,,,,,,,,,,,,,,,,,,,,,,,,,,,,,,,,,,,,,,,,,,,,,,,,,,,,,,,,,,,,,,,,,,,,,,,,,,,,,,,,,,,,,,,,,,,,,,,,,,,,,,,,,,,,,,,,,,,,,,,,
Data,12,record,timestamp,"944863095",s,position_lat,"390243274",semicircles,position_long,"-1397988895",semicircles,distance,"21180.12",m,altitude,"16.0",m,speed,"2.426",m/s,unknown,"0",,unknown,"100",,heart_rate,"95",bpm,cadence,"0",rpm,fractional_cadence,"0.0",rpm,enhanced_altitude,"16.0",m,enhanced_speed,"2.426",m/s,,,,,,,,,,,,,,,,,,,,,,,,,,,,,,,,,,,,,,,,,,,,,,,,,,,,,,,,,,,,,,,,,,,,,,,,,,,,,,,,,,,,,,,,,,,,,,,,,,,,,,,,,,,,,,,,,,,,,,,,,,,,,,,,,,,,,,,,,,,,,,,,,,,,,,,,,,,,,,,,,,,
Data,12,record,timestamp,"944863098",s,position_lat,"390243929",semicircles,position_long,"-1397989378",semicircles,distance,"21187.31",m,altitude,"15.799999999999955",m,speed,"2.398",m/s,unknown,"0",,unknown,"100",,heart_rate,"94",bpm,cadence,"0",rpm,fractional_cadence,"0.0",rpm,enhanced_altitude,"15.799999999999955",m,enhanced_speed,"2.398",m/s,,,,,,,,,,,,,,,,,,,,,,,,,,,,,,,,,,,,,,,,,,,,,,,,,,,,,,,,,,,,,,,,,,,,,,,,,,,,,,,,,,,,,,,,,,,,,,,,,,,,,,,,,,,,,,,,,,,,,,,,,,,,,,,,,,,,,,,,,,,,,,,,,,,,,,,,,,,,,,,,,,,
Data,12,record,timestamp,"944863100",s,position_lat,"390244055",semicircles,position_long,"-1397989727",semicircles,distance,"21190.42",m,altitude,"15.799999999999955",m,speed,"2.053",m/s,unknown,"0",,unknown,"100",,heart_rate,"93",bpm,cadence,"0",rpm,fractional_cadence,"0.0",rpm,enhanced_altitude,"15.799999999999955",m,enhanced_speed,"2.053",m/s,,,,,,,,,,,,,,,,,,,,,,,,,,,,,,,,,,,,,,,,,,,,,,,,,,,,,,,,,,,,,,,,,,,,,,,,,,,,,,,,,,,,,,,,,,,,,,,,,,,,,,,,,,,,,,,,,,,,,,,,,,,,,,,,,,,,,,,,,,,,,,,,,,,,,,,,,,,,,,,,,,,
Data,12,record,timestamp,"944863103",s,position_lat,"390244130",semicircles,position_long,"-1397990482",semicircles,distance,"21196.42",m,altitude,"15.799999999999955",m,speed,"2.015",m/s,unknown,"0",,unknown,"100",,heart_rate,"90",bpm,cadence,"0",rpm,fractional_cadence,"0.0",rpm,enhanced_altitude,"15.799999999999955",m,enhanced_speed,"2.015",m/s,,,,,,,,,,,,,,,,,,,,,,,,,,,,,,,,,,,,,,,,,,,,,,,,,,,,,,,,,,,,,,,,,,,,,,,,,,,,,,,,,,,,,,,,,,,,,,,,,,,,,,,,,,,,,,,,,,,,,,,,,,,,,,,,,,,,,,,,,,,,,,,,,,,,,,,,,,,,,,,,,,,
Data,12,record,timestamp,"944863107",s,position_lat,"390244055",semicircles,position_long,"-1397991608",semicircles,distance,"21205.31",m,altitude,"15.799999999999955",m,speed,"2.445",m/s,unknown,"0",,unknown,"100",,heart_rate,"94",bpm,cadence,"0",rpm,fractional_cadence,"0.0",rpm,enhanced_altitude,"15.799999999999955",m,enhanced_speed,"2.445",m/s,,,,,,,,,,,,,,,,,,,,,,,,,,,,,,,,,,,,,,,,,,,,,,,,,,,,,,,,,,,,,,,,,,,,,,,,,,,,,,,,,,,,,,,,,,,,,,,,,,,,,,,,,,,,,,,,,,,,,,,,,,,,,,,,,,,,,,,,,,,,,,,,,,,,,,,,,,,,,,,,,,,
Data,12,record,timestamp,"944863108",s,position_lat,"390243991",semicircles,position_long,"-1397991920",semicircles,distance,"21207.84",m,altitude,"15.799999999999955",m,speed,"2.407",m/s,unknown,"0",,unknown,"100",,heart_rate,"94",bpm,cadence,"0",rpm,fractional_cadence,"0.0",rpm,enhanced_altitude,"15.799999999999955",m,enhanced_speed,"2.407",m/s,,,,,,,,,,,,,,,,,,,,,,,,,,,,,,,,,,,,,,,,,,,,,,,,,,,,,,,,,,,,,,,,,,,,,,,,,,,,,,,,,,,,,,,,,,,,,,,,,,,,,,,,,,,,,,,,,,,,,,,,,,,,,,,,,,,,,,,,,,,,,,,,,,,,,,,,,,,,,,,,,,,
Data,12,record,timestamp,"944863112",s,position_lat,"390243747",semicircles,position_long,"-1397993294",semicircles,distance,"21218.88",m,altitude,"15.799999999999955",m,speed,"2.874",m/s,unknown,"0",,unknown,"100",,heart_rate,"97",bpm,cadence,"0",rpm,fractional_cadence,"0.0",rpm,enhanced_altitude,"15.799999999999955",m,enhanced_speed,"2.874",m/s,,,,,,,,,,,,,,,,,,,,,,,,,,,,,,,,,,,,,,,,,,,,,,,,,,,,,,,,,,,,,,,,,,,,,,,,,,,,,,,,,,,,,,,,,,,,,,,,,,,,,,,,,,,,,,,,,,,,,,,,,,,,,,,,,,,,,,,,,,,,,,,,,,,,,,,,,,,,,,,,,,,
Data,12,record,timestamp,"944863116",s,position_lat,"390243569",semicircles,position_long,"-1397994888",semicircles,distance,"21231.52",m,altitude,"16.0",m,speed,"2.837",m/s,unknown,"0",,unknown,"100",,heart_rate,"98",bpm,cadence,"0",rpm,fractional_cadence,"0.0",rpm,enhanced_altitude,"16.0",m,enhanced_speed,"2.837",m/s,,,,,,,,,,,,,,,,,,,,,,,,,,,,,,,,,,,,,,,,,,,,,,,,,,,,,,,,,,,,,,,,,,,,,,,,,,,,,,,,,,,,,,,,,,,,,,,,,,,,,,,,,,,,,,,,,,,,,,,,,,,,,,,,,,,,,,,,,,,,,,,,,,,,,,,,,,,,,,,,,,,
Data,12,record,timestamp,"944863125",s,position_lat,"390243055",semicircles,position_long,"-1397998403",semicircles,distance,"21259.57",m,altitude,"16.0",m,speed,"3.042",m/s,unknown,"0",,unknown,"100",,heart_rate,"98",bpm,cadence,"0",rpm,fractional_cadence,"0.0",rpm,enhanced_altitude,"16.0",m,enhanced_speed,"3.042",m/s,,,,,,,,,,,,,,,,,,,,,,,,,,,,,,,,,,,,,,,,,,,,,,,,,,,,,,,,,,,,,,,,,,,,,,,,,,,,,,,,,,,,,,,,,,,,,,,,,,,,,,,,,,,,,,,,,,,,,,,,,,,,,,,,,,,,,,,,,,,,,,,,,,,,,,,,,,,,,,,,,,,
Data,12,record,timestamp,"944863128",s,position_lat,"390242918",semicircles,position_long,"-1397999604",semicircles,distance,"21269.09",m,altitude,"16.0",m,speed,"3.098",m/s,unknown,"0",,unknown,"300",,heart_rate,"101",bpm,cadence,"0",rpm,fractional_cadence,"0.0",rpm,enhanced_altitude,"16.0",m,enhanced_speed,"3.098",m/s,,,,,,,,,,,,,,,,,,,,,,,,,,,,,,,,,,,,,,,,,,,,,,,,,,,,,,,,,,,,,,,,,,,,,,,,,,,,,,,,,,,,,,,,,,,,,,,,,,,,,,,,,,,,,,,,,,,,,,,,,,,,,,,,,,,,,,,,,,,,,,,,,,,,,,,,,,,,,,,,,,,
Data,12,record,timestamp,"944863129",s,position_lat,"390242876",semicircles,position_long,"-1397999979",semicircles,distance,"21272.07",m,altitude,"16.0",m,speed,"2.958",m/s,unknown,"0",,unknown,"300",,heart_rate,"104",bpm,cadence,"0",rpm,fractional_cadence,"0.0",rpm,enhanced_altitude,"16.0",m,enhanced_speed,"2.958",m/s,,,,,,,,,,,,,,,,,,,,,,,,,,,,,,,,,,,,,,,,,,,,,,,,,,,,,,,,,,,,,,,,,,,,,,,,,,,,,,,,,,,,,,,,,,,,,,,,,,,,,,,,,,,,,,,,,,,,,,,,,,,,,,,,,,,,,,,,,,,,,,,,,,,,,,,,,,,,,,,,,,,
Data,12,record,timestamp,"944863132",s,position_lat,"390242673",semicircles,position_long,"-1398001110",semicircles,distance,"21281.16",m,altitude,"16.0",m,speed,"3.098",m/s,unknown,"0",,unknown,"300",,heart_rate,"112",bpm,cadence,"0",rpm,fractional_cadence,"0.0",rpm,enhanced_altitude,"16.0",m,enhanced_speed,"3.098",m/s,,,,,,,,,,,,,,,,,,,,,,,,,,,,,,,,,,,,,,,,,,,,,,,,,,,,,,,,,,,,,,,,,,,,,,,,,,,,,,,,,,,,,,,,,,,,,,,,,,,,,,,,,,,,,,,,,,,,,,,,,,,,,,,,,,,,,,,,,,,,,,,,,,,,,,,,,,,,,,,,,,,
Data,12,record,timestamp,"944863133",s,position_lat,"390242578",semicircles,position_long,"-1398001533",semicircles,distance,"21284.6",m,altitude,"16.0",m,speed,"3.238",m/s,unknown,"0",,unknown,"300",,heart_rate,"116",bpm,cadence,"0",rpm,fractional_cadence,"0.0",rpm,enhanced_altitude,"16.0",m,enhanced_speed,"3.238",m/s,,,,,,,,,,,,,,,,,,,,,,,,,,,,,,,,,,,,,,,,,,,,,,,,,,,,,,,,,,,,,,,,,,,,,,,,,,,,,,,,,,,,,,,,,,,,,,,,,,,,,,,,,,,,,,,,,,,,,,,,,,,,,,,,,,,,,,,,,,,,,,,,,,,,,,,,,,,,,,,,,,,
Data,12,record,timestamp,"944863134",s,position_lat,"390242480",semicircles,position_long,"-1398001915",semicircles,distance,"21287.74",m,altitude,"16.0",m,speed,"3.172",m/s,unknown,"0",,unknown,"300",,heart_rate,"120",bpm,cadence,"0",rpm,fractional_cadence,"0.0",rpm,enhanced_altitude,"16.0",m,enhanced_speed,"3.172",m/s,,,,,,,,,,,,,,,,,,,,,,,,,,,,,,,,,,,,,,,,,,,,,,,,,,,,,,,,,,,,,,,,,,,,,,,,,,,,,,,,,,,,,,,,,,,,,,,,,,,,,,,,,,,,,,,,,,,,,,,,,,,,,,,,,,,,,,,,,,,,,,,,,,,,,,,,,,,,,,,,,,,
Data,12,record,timestamp,"944863135",s,position_lat,"390242395",semicircles,position_long,"-1398002310",semicircles,distance,"21290.94",m,altitude,"16.0",m,speed,"3.163",m/s,unknown,"0",,unknown,"300",,heart_rate,"123",bpm,cadence,"0",rpm,fractional_cadence,"0.0",rpm,enhanced_altitude,"16.0",m,enhanced_speed,"3.163",m/s,,,,,,,,,,,,,,,,,,,,,,,,,,,,,,,,,,,,,,,,,,,,,,,,,,,,,,,,,,,,,,,,,,,,,,,,,,,,,,,,,,,,,,,,,,,,,,,,,,,,,,,,,,,,,,,,,,,,,,,,,,,,,,,,,,,,,,,,,,,,,,,,,,,,,,,,,,,,,,,,,,,
Data,12,record,timestamp,"944863137",s,position_lat,"390242250",semicircles,position_long,"-1398003074",semicircles,distance,"21297.09",m,altitude,"16.0",m,speed,"3.042",m/s,unknown,"0",,unknown,"300",,heart_rate,"127",bpm,cadence,"0",rpm,fractional_cadence,"0.0",rpm,enhanced_altitude,"16.0",m,enhanced_speed,"3.042",m/s,,,,,,,,,,,,,,,,,,,,,,,,,,,,,,,,,,,,,,,,,,,,,,,,,,,,,,,,,,,,,,,,,,,,,,,,,,,,,,,,,,,,,,,,,,,,,,,,,,,,,,,,,,,,,,,,,,,,,,,,,,,,,,,,,,,,,,,,,,,,,,,,,,,,,,,,,,,,,,,,,,,
Data,12,record,timestamp,"944863141",s,position_lat,"390242272",semicircles,position_long,"-1398004746",semicircles,distance,"21310.19",m,altitude,"16.0",m,speed,"3.415",m/s,unknown,"0",,unknown,"100",,heart_rate,"130",bpm,cadence,"0",rpm,fractional_cadence,"0.0",rpm,enhanced_altitude,"16.0",m,enhanced_speed,"3.415",m/s,,,,,,,,,,,,,,,,,,,,,,,,,,,,,,,,,,,,,,,,,,,,,,,,,,,,,,,,,,,,,,,,,,,,,,,,,,,,,,,,,,,,,,,,,,,,,,,,,,,,,,,,,,,,,,,,,,,,,,,,,,,,,,,,,,,,,,,,,,,,,,,,,,,,,,,,,,,,,,,,,,,
Data,12,record,timestamp,"944863143",s,position_lat,"390242261",semicircles,position_long,"-1398005571",semicircles,distance,"21316.68",m,altitude,"16.0",m,speed,"3.2",m/s,unknown,"0",,unknown,"100",,heart_rate,"129",bpm,cadence,"0",rpm,fractional_cadence,"0.0",rpm,enhanced_altitude,"16.0",m,enhanced_speed,"3.2",m/s,,,,,,,,,,,,,,,,,,,,,,,,,,,,,,,,,,,,,,,,,,,,,,,,,,,,,,,,,,,,,,,,,,,,,,,,,,,,,,,,,,,,,,,,,,,,,,,,,,,,,,,,,,,,,,,,,,,,,,,,,,,,,,,,,,,,,,,,,,,,,,,,,,,,,,,,,,,,,,,,,,,
Data,12,record,timestamp,"944863144",s,position_lat,"390242255",semicircles,position_long,"-1398005964",semicircles,distance,"21319.76",m,altitude,"16.0",m,speed,"3.154",m/s,unknown,"0",,unknown,"100",,heart_rate,"126",bpm,cadence,"0",rpm,fractional_cadence,"0.0",rpm,enhanced_altitude,"16.0",m,enhanced_speed,"3.154",m/s,,,,,,,,,,,,,,,,,,,,,,,,,,,,,,,,,,,,,,,,,,,,,,,,,,,,,,,,,,,,,,,,,,,,,,,,,,,,,,,,,,,,,,,,,,,,,,,,,,,,,,,,,,,,,,,,,,,,,,,,,,,,,,,,,,,,,,,,,,,,,,,,,,,,,,,,,,,,,,,,,,,
Data,12,record,timestamp,"944863154",s,position_lat,"390242228",semicircles,position_long,"-1398009906",semicircles,distance,"21350.74",m,altitude,"16.200000000000045",m,speed,"3.126",m/s,unknown,"0",,unknown,"100",,heart_rate,"125",bpm,cadence,"0",rpm,fractional_cadence,"0.0",rpm,enhanced_altitude,"16.200000000000045",m,enhanced_speed,"3.126",m/s,,,,,,,,,,,,,,,,,,,,,,,,,,,,,,,,,,,,,,,,,,,,,,,,,,,,,,,,,,,,,,,,,,,,,,,,,,,,,,,,,,,,,,,,,,,,,,,,,,,,,,,,,,,,,,,,,,,,,,,,,,,,,,,,,,,,,,,,,,,,,,,,,,,,,,,,,,,,,,,,,,,
Data,12,record,timestamp,"944863160",s,position_lat,"390242376",semicircles,position_long,"-1398013204",semicircles,distance,"21377.54",m,altitude,"16.200000000000045",m,speed,"3.387",m/s,unknown,"0",,unknown,"300",,heart_rate,"121",bpm,cadence,"0",rpm,fractional_cadence,"0.0",rpm,enhanced_altitude,"16.200000000000045",m,enhanced_speed,"3.387",m/s,,,,,,,,,,,,,,,,,,,,,,,,,,,,,,,,,,,,,,,,,,,,,,,,,,,,,,,,,,,,,,,,,,,,,,,,,,,,,,,,,,,,,,,,,,,,,,,,,,,,,,,,,,,,,,,,,,,,,,,,,,,,,,,,,,,,,,,,,,,,,,,,,,,,,,,,,,,,,,,,,,,
Data,12,record,timestamp,"944863161",s,position_lat,"390242563",semicircles,position_long,"-1398013562",semicircles,distance,"21380.84",m,altitude,"16.200000000000045",m,speed,"2.818",m/s,unknown,"0",,unknown,"300",,heart_rate,"121",bpm,cadence,"0",rpm,fractional_cadence,"0.0",rpm,enhanced_altitude,"16.200000000000045",m,enhanced_speed,"2.818",m/s,,,,,,,,,,,,,,,,,,,,,,,,,,,,,,,,,,,,,,,,,,,,,,,,,,,,,,,,,,,,,,,,,,,,,,,,,,,,,,,,,,,,,,,,,,,,,,,,,,,,,,,,,,,,,,,,,,,,,,,,,,,,,,,,,,,,,,,,,,,,,,,,,,,,,,,,,,,,,,,,,,,
Data,12,record,timestamp,"944863165",s,position_lat,"390243374",semicircles,position_long,"-1398014342",semicircles,distance,"21390.8",m,altitude,"16.0",m,speed,"2.463",m/s,unknown,"0",,unknown,"300",,heart_rate,"121",bpm,cadence,"0",rpm,fractional_cadence,"0.0",rpm,enhanced_altitude,"16.0",m,enhanced_speed,"2.463",m/s,,,,,,,,,,,,,,,,,,,,,,,,,,,,,,,,,,,,,,,,,,,,,,,,,,,,,,,,,,,,,,,,,,,,,,,,,,,,,,,,,,,,,,,,,,,,,,,,,,,,,,,,,,,,,,,,,,,,,,,,,,,,,,,,,,,,,,,,,,,,,,,,,,,,,,,,,,,,,,,,,,,
Data,12,record,timestamp,"944863168",s,position_lat,"390244137",semicircles,position_long,"-1398014361",semicircles,distance,"21397.93",m,altitude,"16.0",m,speed,"2.37",m/s,unknown,"0",,unknown,"100",,heart_rate,"124",bpm,cadence,"0",rpm,fractional_cadence,"0.0",rpm,enhanced_altitude,"16.0",m,enhanced_speed,"2.37",m/s,,,,,,,,,,,,,,,,,,,,,,,,,,,,,,,,,,,,,,,,,,,,,,,,,,,,,,,,,,,,,,,,,,,,,,,,,,,,,,,,,,,,,,,,,,,,,,,,,,,,,,,,,,,,,,,,,,,,,,,,,,,,,,,,,,,,,,,,,,,,,,,,,,,,,,,,,,,,,,,,,,,
Data,12,record,timestamp,"944863172",s,position_lat,"390245213",semicircles,position_long,"-1398014097",semicircles,distance,"21408.14",m,altitude,"16.0",m,speed,"2.407",m/s,unknown,"0",,unknown,"100",,heart_rate,"125",bpm,cadence,"0",rpm,fractional_cadence,"0.0",rpm,enhanced_altitude,"16.0",m,enhanced_speed,"2.407",m/s,,,,,,,,,,,,,,,,,,,,,,,,,,,,,,,,,,,,,,,,,,,,,,,,,,,,,,,,,,,,,,,,,,,,,,,,,,,,,,,,,,,,,,,,,,,,,,,,,,,,,,,,,,,,,,,,,,,,,,,,,,,,,,,,,,,,,,,,,,,,,,,,,,,,,,,,,,,,,,,,,,,
Data,12,record,timestamp,"944863176",s,position_lat,"390246373",semicircles,position_long,"-1398013888",semicircles,distance,"21419.05",m,altitude,"15.799999999999955",m,speed,"3.088",m/s,unknown,"0",,unknown,"100",,heart_rate,"128",bpm,cadence,"0",rpm,fractional_cadence,"0.0",rpm,enhanced_altitude,"15.799999999999955",m,enhanced_speed,"3.088",m/s,,,,,,,,,,,,,,,,,,,,,,,,,,,,,,,,,,,,,,,,,,,,,,,,,,,,,,,,,,,,,,,,,,,,,,,,,,,,,,,,,,,,,,,,,,,,,,,,,,,,,,,,,,,,,,,,,,,,,,,,,,,,,,,,,,,,,,,,,,,,,,,,,,,,,,,,,,,,,,,,,,,
Data,12,record,timestamp,"944863180",s,position_lat,"390247772",semicircles,position_long,"-1398013695",semicircles,distance,"21432.13",m,altitude,"15.600000000000023",m,speed,"3.387",m/s,unknown,"0",,unknown,"100",,heart_rate,"127",bpm,cadence,"0",rpm,fractional_cadence,"0.0",rpm,enhanced_altitude,"15.600000000000023",m,enhanced_speed,"3.387",m/s,,,,,,,,,,,,,,,,,,,,,,,,,,,,,,,,,,,,,,,,,,,,,,,,,,,,,,,,,,,,,,,,,,,,,,,,,,,,,,,,,,,,,,,,,,,,,,,,,,,,,,,,,,,,,,,,,,,,,,,,,,,,,,,,,,,,,,,,,,,,,,,,,,,,,,,,,,,,,,,,,,,
Data,12,record,timestamp,"944863188",s,position_lat,"390250518",semicircles,position_long,"-1398013498",semicircles,distance,"21457.7",m,altitude,"16.0",m,speed,"3.275",m/s,unknown,"0",,unknown,"100",,heart_rate,"127",bpm,cadence,"0",rpm,fractional_cadence,"0.0",rpm,enhanced_altitude,"16.0",m,enhanced_speed,"3.275",m/s,,,,,,,,,,,,,,,,,,,,,,,,,,,,,,,,,,,,,,,,,,,,,,,,,,,,,,,,,,,,,,,,,,,,,,,,,,,,,,,,,,,,,,,,,,,,,,,,,,,,,,,,,,,,,,,,,,,,,,,,,,,,,,,,,,,,,,,,,,,,,,,,,,,,,,,,,,,,,,,,,,,
Data,12,record,timestamp,"944863197",s,position_lat,"390253679",semicircles,position_long,"-1398013224",semicircles,distance,"21487.16",m,altitude,"16.399999999999977",m,speed,"3.163",m/s,unknown,"0",,unknown,"100",,heart_rate,"124",bpm,cadence,"0",rpm,fractional_cadence,"0.0",rpm,enhanced_altitude,"16.399999999999977",m,enhanced_speed,"3.163",m/s,,,,,,,,,,,,,,,,,,,,,,,,,,,,,,,,,,,,,,,,,,,,,,,,,,,,,,,,,,,,,,,,,,,,,,,,,,,,,,,,,,,,,,,,,,,,,,,,,,,,,,,,,,,,,,,,,,,,,,,,,,,,,,,,,,,,,,,,,,,,,,,,,,,,,,,,,,,,,,,,,,,
Data,12,record,timestamp,"944863205",s,position_lat,"390256621",semicircles,position_long,"-1398013078",semicircles,distance,"21514.55",m,altitude,"16.200000000000045",m,speed,"3.247",m/s,unknown,"0",,unknown,"100",,heart_rate,"121",bpm,cadence,"0",rpm,fractional_cadence,"0.0",rpm,enhanced_altitude,"16.200000000000045",m,enhanced_speed,"3.247",m/s,,,,,,,,,,,,,,,,,,,,,,,,,,,,,,,,,,,,,,,,,,,,,,,,,,,,,,,,,,,,,,,,,,,,,,,,,,,,,,,,,,,,,,,,,,,,,,,,,,,,,,,,,,,,,,,,,,,,,,,,,,,,,,,,,,,,,,,,,,,,,,,,,,,,,,,,,,,,,,,,,,,
Data,12,record,timestamp,"944863208",s,position_lat,"390257684",semicircles,position_long,"-1398013031",semicircles,distance,"21524.44",m,altitude,"16.200000000000045",m,speed,"3.191",m/s,unknown,"0",,unknown,"100",,heart_rate,"122",bpm,cadence,"0",rpm,fractional_cadence,"0.0",rpm,enhanced_altitude,"16.200000000000045",m,enhanced_speed,"3.191",m/s,,,,,,,,,,,,,,,,,,,,,,,,,,,,,,,,,,,,,,,,,,,,,,,,,,,,,,,,,,,,,,,,,,,,,,,,,,,,,,,,,,,,,,,,,,,,,,,,,,,,,,,,,,,,,,,,,,,,,,,,,,,,,,,,,,,,,,,,,,,,,,,,,,,,,,,,,,,,,,,,,,,
Data,12,record,timestamp,"944863210",s,position_lat,"390258419",semicircles,position_long,"-1398012991",semicircles,distance,"21531.28",m,altitude,"16.200000000000045",m,speed,"3.275",m/s,unknown,"0",,unknown,"100",,heart_rate,"119",bpm,cadence,"0",rpm,fractional_cadence,"0.0",rpm,enhanced_altitude,"16.200000000000045",m,enhanced_speed,"3.275",m/s,,,,,,,,,,,,,,,,,,,,,,,,,,,,,,,,,,,,,,,,,,,,,,,,,,,,,,,,,,,,,,,,,,,,,,,,,,,,,,,,,,,,,,,,,,,,,,,,,,,,,,,,,,,,,,,,,,,,,,,,,,,,,,,,,,,,,,,,,,,,,,,,,,,,,,,,,,,,,,,,,,,
Data,12,record,timestamp,"944863220",s,position_lat,"390262255",semicircles,position_long,"-1398012050",semicircles,distance,"21567.62",m,altitude,"16.200000000000045",m,speed,"3.359",m/s,unknown,"0",,unknown,"100",,heart_rate,"118",bpm,cadence,"0",rpm,fractional_cadence,"0.0",rpm,enhanced_altitude,"16.200000000000045",m,enhanced_speed,"3.359",m/s,,,,,,,,,,,,,,,,,,,,,,,,,,,,,,,,,,,,,,,,,,,,,,,,,,,,,,,,,,,,,,,,,,,,,,,,,,,,,,,,,,,,,,,,,,,,,,,,,,,,,,,,,,,,,,,,,,,,,,,,,,,,,,,,,,,,,,,,,,,,,,,,,,,,,,,,,,,,,,,,,,,
Data,12,record,timestamp,"944863228",s,position_lat,"390265691",semicircles,position_long,"-1398011384",semicircles,distance,"21599.89",m,altitude,"16.200000000000045",m,speed,"3.536",m/s,unknown,"0",,unknown,"100",,heart_rate,"118",bpm,cadence,"0",rpm,fractional_cadence,"0.0",rpm,enhanced_altitude,"16.200000000000045",m,enhanced_speed,"3.536",m/s,,,,,,,,,,,,,,,,,,,,,,,,,,,,,,,,,,,,,,,,,,,,,,,,,,,,,,,,,,,,,,,,,,,,,,,,,,,,,,,,,,,,,,,,,,,,,,,,,,,,,,,,,,,,,,,,,,,,,,,,,,,,,,,,,,,,,,,,,,,,,,,,,,,,,,,,,,,,,,,,,,,
Data,12,record,timestamp,"944863235",s,position_lat,"390268207",semicircles,position_long,"-1398011037",semicircles,distance,"21623.44",m,altitude,"16.0",m,speed,"3.48",m/s,unknown,"0",,unknown,"100",,heart_rate,"122",bpm,cadence,"0",rpm,fractional_cadence,"0.0",rpm,enhanced_altitude,"16.0",m,enhanced_speed,"3.48",m/s,,,,,,,,,,,,,,,,,,,,,,,,,,,,,,,,,,,,,,,,,,,,,,,,,,,,,,,,,,,,,,,,,,,,,,,,,,,,,,,,,,,,,,,,,,,,,,,,,,,,,,,,,,,,,,,,,,,,,,,,,,,,,,,,,,,,,,,,,,,,,,,,,,,,,,,,,,,,,,,,,,,
Data,12,record,timestamp,"944863236",s,position_lat,"390268582",semicircles,position_long,"-1398010996",semicircles,distance,"21626.94",m,altitude,"16.0",m,speed,"3.49",m/s,unknown,"0",,unknown,"100",,heart_rate,"120",bpm,cadence,"0",rpm,fractional_cadence,"0.0",rpm,enhanced_altitude,"16.0",m,enhanced_speed,"3.49",m/s,,,,,,,,,,,,,,,,,,,,,,,,,,,,,,,,,,,,,,,,,,,,,,,,,,,,,,,,,,,,,,,,,,,,,,,,,,,,,,,,,,,,,,,,,,,,,,,,,,,,,,,,,,,,,,,,,,,,,,,,,,,,,,,,,,,,,,,,,,,,,,,,,,,,,,,,,,,,,,,,,,,
Data,12,record,timestamp,"944863238",s,position_lat,"390269357",semicircles,position_long,"-1398010938",semicircles,distance,"21634.16",m,altitude,"16.0",m,speed,"3.564",m/s,unknown,"0",,unknown,"100",,heart_rate,"123",bpm,cadence,"0",rpm,fractional_cadence,"0.0",rpm,enhanced_altitude,"16.0",m,enhanced_speed,"3.564",m/s,,,,,,,,,,,,,,,,,,,,,,,,,,,,,,,,,,,,,,,,,,,,,,,,,,,,,,,,,,,,,,,,,,,,,,,,,,,,,,,,,,,,,,,,,,,,,,,,,,,,,,,,,,,,,,,,,,,,,,,,,,,,,,,,,,,,,,,,,,,,,,,,,,,,,,,,,,,,,,,,,,,
Data,12,record,timestamp,"944863245",s,position_lat,"390272115",semicircles,position_long,"-1398010868",semicircles,distance,"21659.8",m,altitude,"16.0",m,speed,"3.546",m/s,unknown,"0",,unknown,"100",,heart_rate,"124",bpm,cadence,"0",rpm,fractional_cadence,"0.0",rpm,enhanced_altitude,"16.0",m,enhanced_speed,"3.546",m/s,,,,,,,,,,,,,,,,,,,,,,,,,,,,,,,,,,,,,,,,,,,,,,,,,,,,,,,,,,,,,,,,,,,,,,,,,,,,,,,,,,,,,,,,,,,,,,,,,,,,,,,,,,,,,,,,,,,,,,,,,,,,,,,,,,,,,,,,,,,,,,,,,,,,,,,,,,,,,,,,,,,
Data,12,record,timestamp,"944863253",s,position_lat,"390274950",semicircles,position_long,"-1398011162",semicircles,distance,"21686.27",m,altitude,"16.200000000000045",m,speed,"3.34",m/s,unknown,"0",,unknown,"100",,heart_rate,"122",bpm,cadence,"0",rpm,fractional_cadence,"0.0",rpm,enhanced_altitude,"16.200000000000045",m,enhanced_speed,"3.34",m/s,,,,,,,,,,,,,,,,,,,,,,,,,,,,,,,,,,,,,,,,,,,,,,,,,,,,,,,,,,,,,,,,,,,,,,,,,,,,,,,,,,,,,,,,,,,,,,,,,,,,,,,,,,,,,,,,,,,,,,,,,,,,,,,,,,,,,,,,,,,,,,,,,,,,,,,,,,,,,,,,,,,
Data,12,record,timestamp,"944863261",s,position_lat,"390277807",semicircles,position_long,"-1398011636",semicircles,distance,"21713.07",m,altitude,"16.600000000000023",m,speed,"3.2",m/s,unknown,"0",,unknown,"100",,heart_rate,"121",bpm,cadence,"0",rpm,fractional_cadence,"0.0",rpm,enhanced_altitude,"16.600000000000023",m,enhanced_speed,"3.2",m/s,,,,,,,,,,,,,,,,,,,,,,,,,,,,,,,,,,,,,,,,,,,,,,,,,,,,,,,,,,,,,,,,,,,,,,,,,,,,,,,,,,,,,,,,,,,,,,,,,,,,,,,,,,,,,,,,,,,,,,,,,,,,,,,,,,,,,,,,,,,,,,,,,,,,,,,,,,,,,,,,,,,
Data,12,record,timestamp,"944863266",s,position_lat,"390278933",semicircles,position_long,"-1398012857",semicircles,distance,"21727.66",m,altitude,"16.600000000000023",m,speed,"2.538",m/s,unknown,"0",,unknown,"100",,heart_rate,"120",bpm,cadence,"0",rpm,fractional_cadence,"0.0",rpm,enhanced_altitude,"16.600000000000023",m,enhanced_speed,"2.538",m/s,,,,,,,,,,,,,,,,,,,,,,,,,,,,,,,,,,,,,,,,,,,,,,,,,,,,,,,,,,,,,,,,,,,,,,,,,,,,,,,,,,,,,,,,,,,,,,,,,,,,,,,,,,,,,,,,,,,,,,,,,,,,,,,,,,,,,,,,,,,,,,,,,,,,,,,,,,,,,,,,,,,
Data,12,record,timestamp,"944863272",s,position_lat,"390279236",semicircles,position_long,"-1398014618",semicircles,distance,"21742.12",m,altitude,"16.799999999999955",m,speed,"2.146",m/s,unknown,"0",,unknown,"100",,heart_rate,"119",bpm,cadence,"0",rpm,fractional_cadence,"0.0",rpm,enhanced_altitude,"16.799999999999955",m,enhanced_speed,"2.146",m/s,,,,,,,,,,,,,,,,,,,,,,,,,,,,,,,,,,,,,,,,,,,,,,,,,,,,,,,,,,,,,,,,,,,,,,,,,,,,,,,,,,,,,,,,,,,,,,,,,,,,,,,,,,,,,,,,,,,,,,,,,,,,,,,,,,,,,,,,,,,,,,,,,,,,,,,,,,,,,,,,,,,
Data,12,record,timestamp,"944863281",s,position_lat,"390279233",semicircles,position_long,"-1398017192",semicircles,distance,"21762.36",m,altitude,"16.799999999999955",m,speed,"2.081",m/s,unknown,"0",,unknown,"100",,heart_rate,"120",bpm,cadence,"0",rpm,fractional_cadence,"0.0",rpm,enhanced_altitude,"16.799999999999955",m,enhanced_speed,"2.081",m/s,,,,,,,,,,,,,,,,,,,,,,,,,,,,,,,,,,,,,,,,,,,,,,,,,,,,,,,,,,,,,,,,,,,,,,,,,,,,,,,,,,,,,,,,,,,,,,,,,,,,,,,,,,,,,,,,,,,,,,,,,,,,,,,,,,,,,,,,,,,,,,,,,,,,,,,,,,,,,,,,,,,
Data,12,record,timestamp,"944863290",s,position_lat,"390279083",semicircles,position_long,"-1398019622",semicircles,distance,"21781.5",m,altitude,"16.600000000000023",m,speed,"2.305",m/s,unknown,"0",,unknown,"100",,heart_rate,"118",bpm,cadence,"0",rpm,fractional_cadence,"0.0",rpm,enhanced_altitude,"16.600000000000023",m,enhanced_speed,"2.305",m/s,,,,,,,,,,,,,,,,,,,,,,,,,,,,,,,,,,,,,,,,,,,,,,,,,,,,,,,,,,,,,,,,,,,,,,,,,,,,,,,,,,,,,,,,,,,,,,,,,,,,,,,,,,,,,,,,,,,,,,,,,,,,,,,,,,,,,,,,,,,,,,,,,,,,,,,,,,,,,,,,,,,
Data,12,record,timestamp,"944863297",s,position_lat,"390278967",semicircles,position_long,"-1398021681",semicircles,distance,"21797.76",m,altitude,"16.600000000000023",m,speed,"2.314",m/s,unknown,"0",,unknown,"100",,heart_rate,"121",bpm,cadence,"0",rpm,fractional_cadence,"0.0",rpm,enhanced_altitude,"16.600000000000023",m,enhanced_speed,"2.314",m/s,,,,,,,,,,,,,,,,,,,,,,,,,,,,,,,,,,,,,,,,,,,,,,,,,,,,,,,,,,,,,,,,,,,,,,,,,,,,,,,,,,,,,,,,,,,,,,,,,,,,,,,,,,,,,,,,,,,,,,,,,,,,,,,,,,,,,,,,,,,,,,,,,,,,,,,,,,,,,,,,,,,
Data,12,record,timestamp,"944863299",s,position_lat,"390278958",semicircles,position_long,"-1398022290",semicircles,distance,"21802.54",m,altitude,"16.600000000000023",m,speed,"2.454",m/s,unknown,"0",,unknown,"100",,heart_rate,"118",bpm,cadence,"0",rpm,fractional_cadence,"0.0",rpm,enhanced_altitude,"16.600000000000023",m,enhanced_speed,"2.454",m/s,,,,,,,,,,,,,,,,,,,,,,,,,,,,,,,,,,,,,,,,,,,,,,,,,,,,,,,,,,,,,,,,,,,,,,,,,,,,,,,,,,,,,,,,,,,,,,,,,,,,,,,,,,,,,,,,,,,,,,,,,,,,,,,,,,,,,,,,,,,,,,,,,,,,,,,,,,,,,,,,,,,
Data,12,record,timestamp,"944863300",s,position_lat,"390278927",semicircles,position_long,"-1398022602",semicircles,distance,"21805.01",m,altitude,"16.799999999999955",m,speed,"2.426",m/s,unknown,"0",,unknown,"100",,heart_rate,"118",bpm,cadence,"0",rpm,fractional_cadence,"0.0",rpm,enhanced_altitude,"16.799999999999955",m,enhanced_speed,"2.426",m/s,,,,,,,,,,,,,,,,,,,,,,,,,,,,,,,,,,,,,,,,,,,,,,,,,,,,,,,,,,,,,,,,,,,,,,,,,,,,,,,,,,,,,,,,,,,,,,,,,,,,,,,,,,,,,,,,,,,,,,,,,,,,,,,,,,,,,,,,,,,,,,,,,,,,,,,,,,,,,,,,,,,
Data,12,record,timestamp,"944863303",s,position_lat,"390278818",semicircles,position_long,"-1398023587",semicircles,distance,"21812.81",m,altitude,"16.799999999999955",m,speed,"2.501",m/s,unknown,"0",,unknown,"100",,heart_rate,"121",bpm,cadence,"0",rpm,fractional_cadence,"0.0",rpm,enhanced_altitude,"16.799999999999955",m,enhanced_speed,"2.501",m/s,,,,,,,,,,,,,,,,,,,,,,,,,,,,,,,,,,,,,,,,,,,,,,,,,,,,,,,,,,,,,,,,,,,,,,,,,,,,,,,,,,,,,,,,,,,,,,,,,,,,,,,,,,,,,,,,,,,,,,,,,,,,,,,,,,,,,,,,,,,,,,,,,,,,,,,,,,,,,,,,,,,
Data,12,record,timestamp,"944863309",s,position_lat,"390278484",semicircles,position_long,"-1398025566",semicircles,distance,"21828.67",m,altitude,"16.799999999999955",m,speed,"2.734",m/s,unknown,"0",,unknown,"100",,heart_rate,"119",bpm,cadence,"0",rpm,fractional_cadence,"0.0",rpm,enhanced_altitude,"16.799999999999955",m,enhanced_speed,"2.734",m/s,,,,,,,,,,,,,,,,,,,,,,,,,,,,,,,,,,,,,,,,,,,,,,,,,,,,,,,,,,,,,,,,,,,,,,,,,,,,,,,,,,,,,,,,,,,,,,,,,,,,,,,,,,,,,,,,,,,,,,,,,,,,,,,,,,,,,,,,,,,,,,,,,,,,,,,,,,,,,,,,,,,
Data,12,record,timestamp,"944863311",s,position_lat,"390278377",semicircles,position_long,"-1398026265",semicircles,distance,"21834.25",m,altitude,"16.600000000000023",m,speed,"2.809",m/s,unknown,"0",,unknown,"100",,heart_rate,"122",bpm,cadence,"0",rpm,fractional_cadence,"0.0",rpm,enhanced_altitude,"16.600000000000023",m,enhanced_speed,"2.809",m/s,,,,,,,,,,,,,,,,,,,,,,,,,,,,,,,,,,,,,,,,,,,,,,,,,,,,,,,,,,,,,,,,,,,,,,,,,,,,,,,,,,,,,,,,,,,,,,,,,,,,,,,,,,,,,,,,,,,,,,,,,,,,,,,,,,,,,,,,,,,,,,,,,,,,,,,,,,,,,,,,,,,
Data,12,record,timestamp,"944863315",s,position_lat,"390278118",semicircles,position_long,"-1398027677",semicircles,distance,"21845.61",m,altitude,"16.600000000000023",m,speed,"2.986",m/s,unknown,"0",,unknown,"100",,heart_rate,"118",bpm,cadence,"0",rpm,fractional_cadence,"0.0",rpm,enhanced_altitude,"16.600000000000023",m,enhanced_speed,"2.986",m/s,,,,,,,,,,,,,,,,,,,,,,,,,,,,,,,,,,,,,,,,,,,,,,,,,,,,,,,,,,,,,,,,,,,,,,,,,,,,,,,,,,,,,,,,,,,,,,,,,,,,,,,,,,,,,,,,,,,,,,,,,,,,,,,,,,,,,,,,,,,,,,,,,,,,,,,,,,,,,,,,,,,
Data,12,record,timestamp,"944863318",s,position_lat,"390277941",semicircles,position_long,"-1398028778",semicircles,distance,"21854.43",m,altitude,"16.600000000000023",m,speed,"2.995",m/s,unknown,"0",,unknown,"100",,heart_rate,"119",bpm,cadence,"0",rpm,fractional_cadence,"0.0",rpm,enhanced_altitude,"16.600000000000023",m,enhanced_speed,"2.995",m/s,,,,,,,,,,,,,,,,,,,,,,,,,,,,,,,,,,,,,,,,,,,,,,,,,,,,,,,,,,,,,,,,,,,,,,,,,,,,,,,,,,,,,,,,,,,,,,,,,,,,,,,,,,,,,,,,,,,,,,,,,,,,,,,,,,,,,,,,,,,,,,,,,,,,,,,,,,,,,,,,,,,
Data,12,record,timestamp,"944863325",s,position_lat,"390277316",semicircles,position_long,"-1398031248",semicircles,distance,"21874.7",m,altitude,"16.600000000000023",m,speed,"2.958",m/s,unknown,"0",,unknown,"100",,heart_rate,"116",bpm,cadence,"0",rpm,fractional_cadence,"0.0",rpm,enhanced_altitude,"16.600000000000023",m,enhanced_speed,"2.958",m/s,,,,,,,,,,,,,,,,,,,,,,,,,,,,,,,,,,,,,,,,,,,,,,,,,,,,,,,,,,,,,,,,,,,,,,,,,,,,,,,,,,,,,,,,,,,,,,,,,,,,,,,,,,,,,,,,,,,,,,,,,,,,,,,,,,,,,,,,,,,,,,,,,,,,,,,,,,,,,,,,,,,
Data,12,record,timestamp,"944863326",s,position_lat,"390277206",semicircles,position_long,"-1398031619",semicircles,distance,"21877.79",m,altitude,"16.399999999999977",m,speed,"3.032",m/s,unknown,"0",,unknown,"100",,heart_rate,"117",bpm,cadence,"0",rpm,fractional_cadence,"0.0",rpm,enhanced_altitude,"16.399999999999977",m,enhanced_speed,"3.032",m/s,,,,,,,,,,,,,,,,,,,,,,,,,,,,,,,,,,,,,,,,,,,,,,,,,,,,,,,,,,,,,,,,,,,,,,,,,,,,,,,,,,,,,,,,,,,,,,,,,,,,,,,,,,,,,,,,,,,,,,,,,,,,,,,,,,,,,,,,,,,,,,,,,,,,,,,,,,,,,,,,,,,
Data,12,record,timestamp,"944863333",s,position_lat,"390276608",semicircles,position_long,"-1398034284",semicircles,distance,"21899.43",m,altitude,"16.399999999999977",m,speed,"3.135",m/s,unknown,"0",,unknown,"100",,heart_rate,"114",bpm,cadence,"0",rpm,fractional_cadence,"0.0",rpm,enhanced_altitude,"16.399999999999977",m,enhanced_speed,"3.135",m/s,,,,,,,,,,,,,,,,,,,,,,,,,,,,,,,,,,,,,,,,,,,,,,,,,,,,,,,,,,,,,,,,,,,,,,,,,,,,,,,,,,,,,,,,,,,,,,,,,,,,,,,,,,,,,,,,,,,,,,,,,,,,,,,,,,,,,,,,,,,,,,,,,,,,,,,,,,,,,,,,,,,
Data,12,record,timestamp,"944863334",s,position_lat,"390276557",semicircles,position_long,"-1398034681",semicircles,distance,"21902.58",m,altitude,"16.399999999999977",m,speed,"3.228",m/s,unknown,"0",,unknown,"100",,heart_rate,"117",bpm,cadence,"0",rpm,fractional_cadence,"0.0",rpm,enhanced_altitude,"16.399999999999977",m,enhanced_speed,"3.228",m/s,,,,,,,,,,,,,,,,,,,,,,,,,,,,,,,,,,,,,,,,,,,,,,,,,,,,,,,,,,,,,,,,,,,,,,,,,,,,,,,,,,,,,,,,,,,,,,,,,,,,,,,,,,,,,,,,,,,,,,,,,,,,,,,,,,,,,,,,,,,,,,,,,,,,,,,,,,,,,,,,,,,
Data,12,record,timestamp,"944863336",s,position_lat,"390276397",semicircles,position_long,"-1398035502",semicircles,distance,"21909.2",m,altitude,"16.600000000000023",m,speed,"3.088",m/s,unknown,"0",,unknown,"100",,heart_rate,"114",bpm,cadence,"0",rpm,fractional_cadence,"0.0",rpm,enhanced_altitude,"16.600000000000023",m,enhanced_speed,"3.088",m/s,,,,,,,,,,,,,,,,,,,,,,,,,,,,,,,,,,,,,,,,,,,,,,,,,,,,,,,,,,,,,,,,,,,,,,,,,,,,,,,,,,,,,,,,,,,,,,,,,,,,,,,,,,,,,,,,,,,,,,,,,,,,,,,,,,,,,,,,,,,,,,,,,,,,,,,,,,,,,,,,,,,
Data,12,record,timestamp,"944863338",s,position_lat,"390276203",semicircles,position_long,"-1398036274",semicircles,distance,"21915.53",m,altitude,"16.600000000000023",m,speed,"3.21",m/s,unknown,"0",,unknown,"100",,heart_rate,"117",bpm,cadence,"0",rpm,fractional_cadence,"0.0",rpm,enhanced_altitude,"16.600000000000023",m,enhanced_speed,"3.21",m/s,,,,,,,,,,,,,,,,,,,,,,,,,,,,,,,,,,,,,,,,,,,,,,,,,,,,,,,,,,,,,,,,,,,,,,,,,,,,,,,,,,,,,,,,,,,,,,,,,,,,,,,,,,,,,,,,,,,,,,,,,,,,,,,,,,,,,,,,,,,,,,,,,,,,,,,,,,,,,,,,,,,
Data,12,record,timestamp,"944863342",s,position_lat,"390275834",semicircles,position_long,"-1398037896",semicircles,distance,"21928.74",m,altitude,"16.600000000000023",m,speed,"3.387",m/s,unknown,"0",,unknown,"100",,heart_rate,"116",bpm,cadence,"0",rpm,fractional_cadence,"0.0",rpm,enhanced_altitude,"16.600000000000023",m,enhanced_speed,"3.387",m/s,,,,,,,,,,,,,,,,,,,,,,,,,,,,,,,,,,,,,,,,,,,,,,,,,,,,,,,,,,,,,,,,,,,,,,,,,,,,,,,,,,,,,,,,,,,,,,,,,,,,,,,,,,,,,,,,,,,,,,,,,,,,,,,,,,,,,,,,,,,,,,,,,,,,,,,,,,,,,,,,,,,
Data,12,record,timestamp,"944863346",s,position_lat,"390276290",semicircles,position_long,"-1398039230",semicircles,distance,"21940.44",m,altitude,"16.799999999999955",m,speed,"2.407",m/s,unknown,"0",,unknown,"100",,heart_rate,"118",bpm,cadence,"0",rpm,fractional_cadence,"0.0",rpm,enhanced_altitude,"16.799999999999955",m,enhanced_speed,"2.407",m/s,,,,,,,,,,,,,,,,,,,,,,,,,,,,,,,,,,,,,,,,,,,,,,,,,,,,,,,,,,,,,,,,,,,,,,,,,,,,,,,,,,,,,,,,,,,,,,,,,,,,,,,,,,,,,,,,,,,,,,,,,,,,,,,,,,,,,,,,,,,,,,,,,,,,,,,,,,,,,,,,,,,
Data,12,record,timestamp,"944863351",s,position_lat,"390277679",semicircles,position_long,"-1398039451",semicircles,distance,"21953.85",m,altitude,"16.399999999999977",m,speed,"2.519",m/s,unknown,"0",,unknown,"100",,heart_rate,"118",bpm,cadence,"0",rpm,fractional_cadence,"0.0",rpm,enhanced_altitude,"16.399999999999977",m,enhanced_speed,"2.519",m/s,,,,,,,,,,,,,,,,,,,,,,,,,,,,,,,,,,,,,,,,,,,,,,,,,,,,,,,,,,,,,,,,,,,,,,,,,,,,,,,,,,,,,,,,,,,,,,,,,,,,,,,,,,,,,,,,,,,,,,,,,,,,,,,,,,,,,,,,,,,,,,,,,,,,,,,,,,,,,,,,,,,
Data,12,record,timestamp,"944863360",s,position_lat,"390280766",semicircles,position_long,"-1398039254",semicircles,distance,"21982.62",m,altitude,"16.200000000000045",m,speed,"3.294",m/s,unknown,"0",,unknown,"300",,heart_rate,"116",bpm,cadence,"0",rpm,fractional_cadence,"0.0",rpm,enhanced_altitude,"16.200000000000045",m,enhanced_speed,"3.294",m/s,,,,,,,,,,,,,,,,,,,,,,,,,,,,,,,,,,,,,,,,,,,,,,,,,,,,,,,,,,,,,,,,,,,,,,,,,,,,,,,,,,,,,,,,,,,,,,,,,,,,,,,,,,,,,,,,,,,,,,,,,,,,,,,,,,,,,,,,,,,,,,,,,,,,,,,,,,,,,,,,,,,
Data,12,record,timestamp,"944863367",s,position_lat,"390283343",semicircles,position_long,"-1398039556",semicircles,distance,"22006.73",m,altitude,"16.200000000000045",m,speed,"3.322",m/s,unknown,"0",,unknown,"100",,heart_rate,"115",bpm,cadence,"0",rpm,fractional_cadence,"0.0",rpm,enhanced_altitude,"16.200000000000045",m,enhanced_speed,"3.322",m/s,,,,,,,,,,,,,,,,,,,,,,,,,,,,,,,,,,,,,,,,,,,,,,,,,,,,,,,,,,,,,,,,,,,,,,,,,,,,,,,,,,,,,,,,,,,,,,,,,,,,,,,,,,,,,,,,,,,,,,,,,,,,,,,,,,,,,,,,,,,,,,,,,,,,,,,,,,,,,,,,,,,
Data,12,record,timestamp,"944863376",s,position_lat,"390286800",semicircles,position_long,"-1398040000",semicircles,distance,"22039.08",m,altitude,"16.200000000000045",m,speed,"3.564",m/s,unknown,"0",,unknown,"100",,heart_rate,"117",bpm,cadence,"0",rpm,fractional_cadence,"0.0",rpm,enhanced_altitude,"16.200000000000045",m,enhanced_speed,"3.564",m/s,,,,,,,,,,,,,,,,,,,,,,,,,,,,,,,,,,,,,,,,,,,,,,,,,,,,,,,,,,,,,,,,,,,,,,,,,,,,,,,,,,,,,,,,,,,,,,,,,,,,,,,,,,,,,,,,,,,,,,,,,,,,,,,,,,,,,,,,,,,,,,,,,,,,,,,,,,,,,,,,,,,
Data,12,record,timestamp,"944863379",s,position_lat,"390287971",semicircles,position_long,"-1398040254",semicircles,distance,"22050.14",m,altitude,"16.200000000000045",m,speed,"3.546",m/s,unknown,"0",,unknown,"100",,heart_rate,"114",bpm,cadence,"0",rpm,fractional_cadence,"0.0",rpm,enhanced_altitude,"16.200000000000045",m,enhanced_speed,"3.546",m/s,,,,,,,,,,,,,,,,,,,,,,,,,,,,,,,,,,,,,,,,,,,,,,,,,,,,,,,,,,,,,,,,,,,,,,,,,,,,,,,,,,,,,,,,,,,,,,,,,,,,,,,,,,,,,,,,,,,,,,,,,,,,,,,,,,,,,,,,,,,,,,,,,,,,,,,,,,,,,,,,,,,
Data,12,record,timestamp,"944863383",s,position_lat,"390289495",semicircles,position_long,"-1398040519",semicircles,distance,"22064.46",m,altitude,"15.799999999999955",m,speed,"3.396",m/s,unknown,"0",,unknown,"100",,heart_rate,"115",bpm,cadence,"0",rpm,fractional_cadence,"0.0",rpm,enhanced_altitude,"15.799999999999955",m,enhanced_speed,"3.396",m/s,,,,,,,,,,,,,,,,,,,,,,,,,,,,,,,,,,,,,,,,,,,,,,,,,,,,,,,,,,,,,,,,,,,,,,,,,,,,,,,,,,,,,,,,,,,,,,,,,,,,,,,,,,,,,,,,,,,,,,,,,,,,,,,,,,,,,,,,,,,,,,,,,,,,,,,,,,,,,,,,,,,
Data,12,record,timestamp,"944863388",s,position_lat,"390291306",semicircles,position_long,"-1398041020",semicircles,distance,"22081.75",m,altitude,"15.600000000000023",m,speed,"3.378",m/s,unknown,"0",,unknown,"100",,heart_rate,"118",bpm,cadence,"0",rpm,fractional_cadence,"0.0",rpm,enhanced_altitude,"15.600000000000023",m,enhanced_speed,"3.378",m/s,,,,,,,,,,,,,,,,,,,,,,,,,,,,,,,,,,,,,,,,,,,,,,,,,,,,,,,,,,,,,,,,,,,,,,,,,,,,,,,,,,,,,,,,,,,,,,,,,,,,,,,,,,,,,,,,,,,,,,,,,,,,,,,,,,,,,,,,,,,,,,,,,,,,,,,,,,,,,,,,,,,
Data,12,record,timestamp,"944863391",s,position_lat,"390292425",semicircles,position_long,"-1398041252",semicircles,distance,"22092.31",m,altitude,"15.399999999999977",m,speed,"3.387",m/s,unknown,"0",,unknown,"100",,heart_rate,"120",bpm,cadence,"0",rpm,fractional_cadence,"0.0",rpm,enhanced_altitude,"15.399999999999977",m,enhanced_speed,"3.387",m/s,,,,,,,,,,,,,,,,,,,,,,,,,,,,,,,,,,,,,,,,,,,,,,,,,,,,,,,,,,,,,,,,,,,,,,,,,,,,,,,,,,,,,,,,,,,,,,,,,,,,,,,,,,,,,,,,,,,,,,,,,,,,,,,,,,,,,,,,,,,,,,,,,,,,,,,,,,,,,,,,,,,
Data,12,record,timestamp,"944863396",s,position_lat,"390294233",semicircles,position_long,"-1398041696",semicircles,distance,"22109.47",m,altitude,"15.600000000000023",m,speed,"3.452",m/s,unknown,"0",,unknown,"100",,heart_rate,"123",bpm,cadence,"0",rpm,fractional_cadence,"0.0",rpm,enhanced_altitude,"15.600000000000023",m,enhanced_speed,"3.452",m/s,,,,,,,,,,,,,,,,,,,,,,,,,,,,,,,,,,,,,,,,,,,,,,,,,,,,,,,,,,,,,,,,,,,,,,,,,,,,,,,,,,,,,,,,,,,,,,,,,,,,,,,,,,,,,,,,,,,,,,,,,,,,,,,,,,,,,,,,,,,,,,,,,,,,,,,,,,,,,,,,,,,
Data,12,record,timestamp,"944863399",s,position_lat,"390295352",semicircles,position_long,"-1398041869",semicircles,distance,"22119.97",m,altitude,"15.799999999999955",m,speed,"3.443",m/s,unknown,"0",,unknown,"100",,heart_rate,"122",bpm,cadence,"0",rpm,fractional_cadence,"0.0",rpm,enhanced_altitude,"15.799999999999955",m,enhanced_speed,"3.443",m/s,,,,,,,,,,,,,,,,,,,,,,,,,,,,,,,,,,,,,,,,,,,,,,,,,,,,,,,,,,,,,,,,,,,,,,,,,,,,,,,,,,,,,,,,,,,,,,,,,,,,,,,,,,,,,,,,,,,,,,,,,,,,,,,,,,,,,,,,,,,,,,,,,,,,,,,,,,,,,,,,,,,
Data,12,record,timestamp,"944863407",s,position_lat,"390298280",semicircles,position_long,"-1398042113",semicircles,distance,"22147.27",m,altitude,"16.0",m,speed,"3.163",m/s,unknown,"0",,unknown,"100",,heart_rate,"123",bpm,cadence,"0",rpm,fractional_cadence,"0.0",rpm,enhanced_altitude,"16.0",m,enhanced_speed,"3.163",m/s,,,,,,,,,,,,,,,,,,,,,,,,,,,,,,,,,,,,,,,,,,,,,,,,,,,,,,,,,,,,,,,,,,,,,,,,,,,,,,,,,,,,,,,,,,,,,,,,,,,,,,,,,,,,,,,,,,,,,,,,,,,,,,,,,,,,,,,,,,,,,,,,,,,,,,,,,,,,,,,,,,,
Data,12,record,timestamp,"944863416",s,position_lat,"390301537",semicircles,position_long,"-1398042382",semicircles,distance,"22177.62",m,altitude,"16.600000000000023",m,speed,"3.182",m/s,unknown,"0",,unknown,"300",,heart_rate,"121",bpm,cadence,"0",rpm,fractional_cadence,"0.0",rpm,enhanced_altitude,"16.600000000000023",m,enhanced_speed,"3.182",m/s,,,,,,,,,,,,,,,,,,,,,,,,,,,,,,,,,,,,,,,,,,,,,,,,,,,,,,,,,,,,,,,,,,,,,,,,,,,,,,,,,,,,,,,,,,,,,,,,,,,,,,,,,,,,,,,,,,,,,,,,,,,,,,,,,,,,,,,,,,,,,,,,,,,,,,,,,,,,,,,,,,,
Data,12,record,timestamp,"944863421",s,position_lat,"390303255",semicircles,position_long,"-1398042563",semicircles,distance,"22193.66",m,altitude,"16.799999999999955",m,speed,"3.256",m/s,unknown,"0",,unknown,"100",,heart_rate,"119",bpm,cadence,"0",rpm,fractional_cadence,"0.0",rpm,enhanced_altitude,"16.799999999999955",m,enhanced_speed,"3.256",m/s,,,,,,,,,,,,,,,,,,,,,,,,,,,,,,,,,,,,,,,,,,,,,,,,,,,,,,,,,,,,,,,,,,,,,,,,,,,,,,,,,,,,,,,,,,,,,,,,,,,,,,,,,,,,,,,,,,,,,,,,,,,,,,,,,,,,,,,,,,,,,,,,,,,,,,,,,,,,,,,,,,,
Data,12,record,timestamp,"944863424",s,position_lat,"390304191",semicircles,position_long,"-1398042717",semicircles,distance,"22202.44",m,altitude,"17.200000000000045",m,speed,"2.93",m/s,unknown,"0",,unknown,"100",,heart_rate,"119",bpm,cadence,"0",rpm,fractional_cadence,"0.0",rpm,enhanced_altitude,"17.200000000000045",m,enhanced_speed,"2.93",m/s,,,,,,,,,,,,,,,,,,,,,,,,,,,,,,,,,,,,,,,,,,,,,,,,,,,,,,,,,,,,,,,,,,,,,,,,,,,,,,,,,,,,,,,,,,,,,,,,,,,,,,,,,,,,,,,,,,,,,,,,,,,,,,,,,,,,,,,,,,,,,,,,,,,,,,,,,,,,,,,,,,,
Data,12,record,timestamp,"944863433",s,position_lat,"390307110",semicircles,position_long,"-1398042966",semicircles,distance,"22229.69",m,altitude,"17.200000000000045",m,speed,"2.846",m/s,unknown,"0",,unknown,"100",,heart_rate,"119",bpm,cadence,"0",rpm,fractional_cadence,"0.0",rpm,enhanced_altitude,"17.200000000000045",m,enhanced_speed,"2.846",m/s,,,,,,,,,,,,,,,,,,,,,,,,,,,,,,,,,,,,,,,,,,,,,,,,,,,,,,,,,,,,,,,,,,,,,,,,,,,,,,,,,,,,,,,,,,,,,,,,,,,,,,,,,,,,,,,,,,,,,,,,,,,,,,,,,,,,,,,,,,,,,,,,,,,,,,,,,,,,,,,,,,,
Data,12,record,timestamp,"944863441",s,position_lat,"390309616",semicircles,position_long,"-1398042612",semicircles,distance,"22253.18",m,altitude,"16.799999999999955",m,speed,"2.995",m/s,unknown,"0",,unknown,"100",,heart_rate,"118",bpm,cadence,"0",rpm,fractional_cadence,"0.0",rpm,enhanced_altitude,"16.799999999999955",m,enhanced_speed,"2.995",m/s,,,,,,,,,,,,,,,,,,,,,,,,,,,,,,,,,,,,,,,,,,,,,,,,,,,,,,,,,,,,,,,,,,,,,,,,,,,,,,,,,,,,,,,,,,,,,,,,,,,,,,,,,,,,,,,,,,,,,,,,,,,,,,,,,,,,,,,,,,,,,,,,,,,,,,,,,,,,,,,,,,,
Data,12,record,timestamp,"944863450",s,position_lat,"390312520",semicircles,position_long,"-1398041901",semicircles,distance,"22280.73",m,altitude,"16.200000000000045",m,speed,"3.238",m/s,unknown,"0",,unknown,"100",,heart_rate,"119",bpm,cadence,"0",rpm,fractional_cadence,"0.0",rpm,enhanced_altitude,"16.200000000000045",m,enhanced_speed,"3.238",m/s,,,,,,,,,,,,,,,,,,,,,,,,,,,,,,,,,,,,,,,,,,,,,,,,,,,,,,,,,,,,,,,,,,,,,,,,,,,,,,,,,,,,,,,,,,,,,,,,,,,,,,,,,,,,,,,,,,,,,,,,,,,,,,,,,,,,,,,,,,,,,,,,,,,,,,,,,,,,,,,,,,,
Data,12,record,timestamp,"944863456",s,position_lat,"390314406",semicircles,position_long,"-1398041117",semicircles,distance,"22299.39",m,altitude,"16.0",m,speed,"3.042",m/s,unknown,"0",,unknown,"100",,heart_rate,"116",bpm,cadence,"0",rpm,fractional_cadence,"0.0",rpm,enhanced_altitude,"16.0",m,enhanced_speed,"3.042",m/s,,,,,,,,,,,,,,,,,,,,,,,,,,,,,,,,,,,,,,,,,,,,,,,,,,,,,,,,,,,,,,,,,,,,,,,,,,,,,,,,,,,,,,,,,,,,,,,,,,,,,,,,,,,,,,,,,,,,,,,,,,,,,,,,,,,,,,,,,,,,,,,,,,,,,,,,,,,,,,,,,,,
Data,12,record,timestamp,"944863457",s,position_lat,"390314754",semicircles,position_long,"-1398040983",semicircles,distance,"22302.78",m,altitude,"16.0",m,speed,"3.322",m/s,unknown,"0",,unknown,"100",,heart_rate,"119",bpm,cadence,"0",rpm,fractional_cadence,"0.0",rpm,enhanced_altitude,"16.0",m,enhanced_speed,"3.322",m/s,,,,,,,,,,,,,,,,,,,,,,,,,,,,,,,,,,,,,,,,,,,,,,,,,,,,,,,,,,,,,,,,,,,,,,,,,,,,,,,,,,,,,,,,,,,,,,,,,,,,,,,,,,,,,,,,,,,,,,,,,,,,,,,,,,,,,,,,,,,,,,,,,,,,,,,,,,,,,,,,,,,
Data,12,record,timestamp,"944863458",s,position_lat,"390315097",semicircles,position_long,"-1398040844",semicircles,distance,"22306.16",m,altitude,"16.0",m,speed,"3.34",m/s,unknown,"0",,unknown,"100",,heart_rate,"115",bpm,cadence,"0",rpm,fractional_cadence,"0.0",rpm,enhanced_altitude,"16.0",m,enhanced_speed,"3.34",m/s,,,,,,,,,,,,,,,,,,,,,,,,,,,,,,,,,,,,,,,,,,,,,,,,,,,,,,,,,,,,,,,,,,,,,,,,,,,,,,,,,,,,,,,,,,,,,,,,,,,,,,,,,,,,,,,,,,,,,,,,,,,,,,,,,,,,,,,,,,,,,,,,,,,,,,,,,,,,,,,,,,,
Data,12,record,timestamp,"944863459",s,position_lat,"390315423",semicircles,position_long,"-1398040717",semicircles,distance,"22309.35",m,altitude,"16.0",m,speed,"3.191",m/s,unknown,"0",,unknown,"100",,heart_rate,"118",bpm,cadence,"0",rpm,fractional_cadence,"0.0",rpm,enhanced_altitude,"16.0",m,enhanced_speed,"3.191",m/s,,,,,,,,,,,,,,,,,,,,,,,,,,,,,,,,,,,,,,,,,,,,,,,,,,,,,,,,,,,,,,,,,,,,,,,,,,,,,,,,,,,,,,,,,,,,,,,,,,,,,,,,,,,,,,,,,,,,,,,,,,,,,,,,,,,,,,,,,,,,,,,,,,,,,,,,,,,,,,,,,,,
Data,12,record,timestamp,"944863466",s,position_lat,"390317675",semicircles,position_long,"-1398039786",semicircles,distance,"22331.53",m,altitude,"16.200000000000045",m,speed,"3.088",m/s,unknown,"0",,unknown,"100",,heart_rate,"115",bpm,cadence,"0",rpm,fractional_cadence,"0.0",rpm,enhanced_altitude,"16.200000000000045",m,enhanced_speed,"3.088",m/s,,,,,,,,,,,,,,,,,,,,,,,,,,,,,,,,,,,,,,,,,,,,,,,,,,,,,,,,,,,,,,,,,,,,,,,,,,,,,,,,,,,,,,,,,,,,,,,,,,,,,,,,,,,,,,,,,,,,,,,,,,,,,,,,,,,,,,,,,,,,,,,,,,,,,,,,,,,,,,,,,,,
Data,12,record,timestamp,"944863473",s,position_lat,"390320123",semicircles,position_long,"-1398039157",semicircles,distance,"22354.82",m,altitude,"16.200000000000045",m,speed,"3.396",m/s,unknown,"0",,unknown,"100",,heart_rate,"113",bpm,cadence,"0",rpm,fractional_cadence,"0.0",rpm,enhanced_altitude,"16.200000000000045",m,enhanced_speed,"3.396",m/s,,,,,,,,,,,,,,,,,,,,,,,,,,,,,,,,,,,,,,,,,,,,,,,,,,,,,,,,,,,,,,,,,,,,,,,,,,,,,,,,,,,,,,,,,,,,,,,,,,,,,,,,,,,,,,,,,,,,,,,,,,,,,,,,,,,,,,,,,,,,,,,,,,,,,,,,,,,,,,,,,,,
Data,12,record,timestamp,"944863482",s,position_lat,"390323185",semicircles,position_long,"-1398038881",semicircles,distance,"22383.46",m,altitude,"16.200000000000045",m,speed,"3.238",m/s,unknown,"0",,unknown,"100",,heart_rate,"113",bpm,cadence,"0",rpm,fractional_cadence,"0.0",rpm,enhanced_altitude,"16.200000000000045",m,enhanced_speed,"3.238",m/s,,,,,,,,,,,,,,,,,,,,,,,,,,,,,,,,,,,,,,,,,,,,,,,,,,,,,,,,,,,,,,,,,,,,,,,,,,,,,,,,,,,,,,,,,,,,,,,,,,,,,,,,,,,,,,,,,,,,,,,,,,,,,,,,,,,,,,,,,,,,,,,,,,,,,,,,,,,,,,,,,,,
Data,12,record,timestamp,"944863491",s,position_lat,"390326441",semicircles,position_long,"-1398039071",semicircles,distance,"22413.77",m,altitude,"16.399999999999977",m,speed,"3.228",m/s,unknown,"0",,unknown,"100",,heart_rate,"110",bpm,cadence,"0",rpm,fractional_cadence,"0.0",rpm,enhanced_altitude,"16.399999999999977",m,enhanced_speed,"3.228",m/s,,,,,,,,,,,,,,,,,,,,,,,,,,,,,,,,,,,,,,,,,,,,,,,,,,,,,,,,,,,,,,,,,,,,,,,,,,,,,,,,,,,,,,,,,,,,,,,,,,,,,,,,,,,,,,,,,,,,,,,,,,,,,,,,,,,,,,,,,,,,,,,,,,,,,,,,,,,,,,,,,,,
Data,12,record,timestamp,"944863499",s,position_lat,"390329228",semicircles,position_long,"-1398039345",semicircles,distance,"22439.77",m,altitude,"16.399999999999977",m,speed,"3.144",m/s,unknown,"0",,unknown,"100",,heart_rate,"107",bpm,cadence,"0",rpm,fractional_cadence,"0.0",rpm,enhanced_altitude,"16.399999999999977",m,enhanced_speed,"3.144",m/s,,,,,,,,,,,,,,,,,,,,,,,,,,,,,,,,,,,,,,,,,,,,,,,,,,,,,,,,,,,,,,,,,,,,,,,,,,,,,,,,,,,,,,,,,,,,,,,,,,,,,,,,,,,,,,,,,,,,,,,,,,,,,,,,,,,,,,,,,,,,,,,,,,,,,,,,,,,,,,,,,,,
Data,12,record,timestamp,"944863500",s,position_lat,"390329565",semicircles,position_long,"-1398039403",semicircles,distance,"22442.92",m,altitude,"16.399999999999977",m,speed,"3.06",m/s,unknown,"0",,unknown,"100",,heart_rate,"110",bpm,cadence,"0",rpm,fractional_cadence,"0.0",rpm,enhanced_altitude,"16.399999999999977",m,enhanced_speed,"3.06",m/s,,,,,,,,,,,,,,,,,,,,,,,,,,,,,,,,,,,,,,,,,,,,,,,,,,,,,,,,,,,,,,,,,,,,,,,,,,,,,,,,,,,,,,,,,,,,,,,,,,,,,,,,,,,,,,,,,,,,,,,,,,,,,,,,,,,,,,,,,,,,,,,,,,,,,,,,,,,,,,,,,,,
Data,12,record,timestamp,"944863508",s,position_lat,"390332247",semicircles,position_long,"-1398040078",semicircles,distance,"22468.42",m,altitude,"16.399999999999977",m,speed,"3.116",m/s,unknown,"0",,unknown,"100",,heart_rate,"114",bpm,cadence,"0",rpm,fractional_cadence,"0.0",rpm,enhanced_altitude,"16.399999999999977",m,enhanced_speed,"3.116",m/s,,,,,,,,,,,,,,,,,,,,,,,,,,,,,,,,,,,,,,,,,,,,,,,,,,,,,,,,,,,,,,,,,,,,,,,,,,,,,,,,,,,,,,,,,,,,,,,,,,,,,,,,,,,,,,,,,,,,,,,,,,,,,,,,,,,,,,,,,,,,,,,,,,,,,,,,,,,,,,,,,,,
Data,12,record,timestamp,"944863509",s,position_lat,"390332566",semicircles,position_long,"-1398040163",semicircles,distance,"22471.46",m,altitude,"16.200000000000045",m,speed,"3.023",m/s,unknown,"0",,unknown,"100",,heart_rate,"112",bpm,cadence,"0",rpm,fractional_cadence,"0.0",rpm,enhanced_altitude,"16.200000000000045",m,enhanced_speed,"3.023",m/s,,,,,,,,,,,,,,,,,,,,,,,,,,,,,,,,,,,,,,,,,,,,,,,,,,,,,,,,,,,,,,,,,,,,,,,,,,,,,,,,,,,,,,,,,,,,,,,,,,,,,,,,,,,,,,,,,,,,,,,,,,,,,,,,,,,,,,,,,,,,,,,,,,,,,,,,,,,,,,,,,,,
Data,12,record,timestamp,"944863518",s,position_lat,"390335500",semicircles,position_long,"-1398041089",semicircles,distance,"22499.72",m,altitude,"16.200000000000045",m,speed,"2.976",m/s,unknown,"0",,unknown,"100",,heart_rate,"112",bpm,cadence,"0",rpm,fractional_cadence,"0.0",rpm,enhanced_altitude,"16.200000000000045",m,enhanced_speed,"2.976",m/s,,,,,,,,,,,,,,,,,,,,,,,,,,,,,,,,,,,,,,,,,,,,,,,,,,,,,,,,,,,,,,,,,,,,,,,,,,,,,,,,,,,,,,,,,,,,,,,,,,,,,,,,,,,,,,,,,,,,,,,,,,,,,,,,,,,,,,,,,,,,,,,,,,,,,,,,,,,,,,,,,,,
Data,12,record,timestamp,"944863526",s,position_lat,"390338263",semicircles,position_long,"-1398041881",semicircles,distance,"22526.12",m,altitude,"16.200000000000045",m,speed,"3.219",m/s,unknown,"0",,unknown,"100",,heart_rate,"110",bpm,cadence,"0",rpm,fractional_cadence,"0.0",rpm,enhanced_altitude,"16.200000000000045",m,enhanced_speed,"3.219",m/s,,,,,,,,,,,,,,,,,,,,,,,,,,,,,,,,,,,,,,,,,,,,,,,,,,,,,,,,,,,,,,,,,,,,,,,,,,,,,,,,,,,,,,,,,,,,,,,,,,,,,,,,,,,,,,,,,,,,,,,,,,,,,,,,,,,,,,,,,,,,,,,,,,,,,,,,,,,,,,,,,,,
Data,12,record,timestamp,"944863535",s,position_lat,"390341014",semicircles,position_long,"-1398042258",semicircles,distance,"22551.86",m,altitude,"16.399999999999977",m,speed,"2.781",m/s,unknown,"0",,unknown,"100",,heart_rate,"109",bpm,cadence,"0",rpm,fractional_cadence,"0.0",rpm,enhanced_altitude,"16.399999999999977",m,enhanced_speed,"2.781",m/s,,,,,,,,,,,,,,,,,,,,,,,,,,,,,,,,,,,,,,,,,,,,,,,,,,,,,,,,,,,,,,,,,,,,,,,,,,,,,,,,,,,,,,,,,,,,,,,,,,,,,,,,,,,,,,,,,,,,,,,,,,,,,,,,,,,,,,,,,,,,,,,,,,,,,,,,,,,,,,,,,,,
Data,12,record,timestamp,"944863539",s,position_lat,"390342194",semicircles,position_long,"-1398042341",semicircles,distance,"22562.82",m,altitude,"16.399999999999977",m,speed,"2.631",m/s,unknown,"0",,unknown,"100",,heart_rate,"112",bpm,cadence,"0",rpm,fractional_cadence,"0.0",rpm,enhanced_altitude,"16.399999999999977",m,enhanced_speed,"2.631",m/s,,,,,,,,,,,,,,,,,,,,,,,,,,,,,,,,,,,,,,,,,,,,,,,,,,,,,,,,,,,,,,,,,,,,,,,,,,,,,,,,,,,,,,,,,,,,,,,,,,,,,,,,,,,,,,,,,,,,,,,,,,,,,,,,,,,,,,,,,,,,,,,,,,,,,,,,,,,,,,,,,,,
Data,12,record,timestamp,"944863543",s,position_lat,"390343408",semicircles,position_long,"-1398042408",semicircles,distance,"22574.11",m,altitude,"16.200000000000045",m,speed,"2.948",m/s,unknown,"0",,unknown,"100",,heart_rate,"112",bpm,cadence,"0",rpm,fractional_cadence,"0.0",rpm,enhanced_altitude,"16.200000000000045",m,enhanced_speed,"2.948",m/s,,,,,,,,,,,,,,,,,,,,,,,,,,,,,,,,,,,,,,,,,,,,,,,,,,,,,,,,,,,,,,,,,,,,,,,,,,,,,,,,,,,,,,,,,,,,,,,,,,,,,,,,,,,,,,,,,,,,,,,,,,,,,,,,,,,,,,,,,,,,,,,,,,,,,,,,,,,,,,,,,,,
Data,12,record,timestamp,"944863551",s,position_lat,"390345951",semicircles,position_long,"-1398042406",semicircles,distance,"22597.8",m,altitude,"15.799999999999955",m,speed,"2.948",m/s,unknown,"0",,unknown,"100",,heart_rate,"111",bpm,cadence,"0",rpm,fractional_cadence,"0.0",rpm,enhanced_altitude,"15.799999999999955",m,enhanced_speed,"2.948",m/s,,,,,,,,,,,,,,,,,,,,,,,,,,,,,,,,,,,,,,,,,,,,,,,,,,,,,,,,,,,,,,,,,,,,,,,,,,,,,,,,,,,,,,,,,,,,,,,,,,,,,,,,,,,,,,,,,,,,,,,,,,,,,,,,,,,,,,,,,,,,,,,,,,,,,,,,,,,,,,,,,,,
Data,12,record,timestamp,"944863553",s,position_lat,"390346569",semicircles,position_long,"-1398042316",semicircles,distance,"22603.58",m,altitude,"15.799999999999955",m,speed,"2.818",m/s,unknown,"0",,unknown,"100",,heart_rate,"109",bpm,cadence,"0",rpm,fractional_cadence,"0.0",rpm,enhanced_altitude,"15.799999999999955",m,enhanced_speed,"2.818",m/s,,,,,,,,,,,,,,,,,,,,,,,,,,,,,,,,,,,,,,,,,,,,,,,,,,,,,,,,,,,,,,,,,,,,,,,,,,,,,,,,,,,,,,,,,,,,,,,,,,,,,,,,,,,,,,,,,,,,,,,,,,,,,,,,,,,,,,,,,,,,,,,,,,,,,,,,,,,,,,,,,,,
Data,12,record,timestamp,"944863556",s,position_lat,"390347546",semicircles,position_long,"-1398042203",semicircles,distance,"22612.7",m,altitude,"15.600000000000023",m,speed,"2.995",m/s,unknown,"0",,unknown,"100",,heart_rate,"113",bpm,cadence,"0",rpm,fractional_cadence,"0.0",rpm,enhanced_altitude,"15.600000000000023",m,enhanced_speed,"2.995",m/s,,,,,,,,,,,,,,,,,,,,,,,,,,,,,,,,,,,,,,,,,,,,,,,,,,,,,,,,,,,,,,,,,,,,,,,,,,,,,,,,,,,,,,,,,,,,,,,,,,,,,,,,,,,,,,,,,,,,,,,,,,,,,,,,,,,,,,,,,,,,,,,,,,,,,,,,,,,,,,,,,,,
Data,12,record,timestamp,"944863561",s,position_lat,"390349193",semicircles,position_long,"-1398041856",semicircles,distance,"22628.24",m,altitude,"15.399999999999977",m,speed,"2.902",m/s,unknown,"0",,unknown,"100",,heart_rate,"112",bpm,cadence,"0",rpm,fractional_cadence,"0.0",rpm,enhanced_altitude,"15.399999999999977",m,enhanced_speed,"2.902",m/s,,,,,,,,,,,,,,,,,,,,,,,,,,,,,,,,,,,,,,,,,,,,,,,,,,,,,,,,,,,,,,,,,,,,,,,,,,,,,,,,,,,,,,,,,,,,,,,,,,,,,,,,,,,,,,,,,,,,,,,,,,,,,,,,,,,,,,,,,,,,,,,,,,,,,,,,,,,,,,,,,,,
Data,12,record,timestamp,"944863566",s,position_lat,"390350490",semicircles,position_long,"-1398042644",semicircles,distance,"22642.48",m,altitude,"15.399999999999977",m,speed,"2.501",m/s,unknown,"0",,unknown,"100",,heart_rate,"109",bpm,cadence,"0",rpm,fractional_cadence,"0.0",rpm,enhanced_altitude,"15.399999999999977",m,enhanced_speed,"2.501",m/s,,,,,,,,,,,,,,,,,,,,,,,,,,,,,,,,,,,,,,,,,,,,,,,,,,,,,,,,,,,,,,,,,,,,,,,,,,,,,,,,,,,,,,,,,,,,,,,,,,,,,,,,,,,,,,,,,,,,,,,,,,,,,,,,,,,,,,,,,,,,,,,,,,,,,,,,,,,,,,,,,,,
Data,12,record,timestamp,"944863571",s,position_lat,"390350616",semicircles,position_long,"-1398044055",semicircles,distance,"22654.14",m,altitude,"15.600000000000023",m,speed,"2.081",m/s,unknown,"0",,unknown,"100",,heart_rate,"110",bpm,cadence,"0",rpm,fractional_cadence,"0.0",rpm,enhanced_altitude,"15.600000000000023",m,enhanced_speed,"2.081",m/s,,,,,,,,,,,,,,,,,,,,,,,,,,,,,,,,,,,,,,,,,,,,,,,,,,,,,,,,,,,,,,,,,,,,,,,,,,,,,,,,,,,,,,,,,,,,,,,,,,,,,,,,,,,,,,,,,,,,,,,,,,,,,,,,,,,,,,,,,,,,,,,,,,,,,,,,,,,,,,,,,,,
Data,12,record,timestamp,"944863579",s,position_lat,"390350141",semicircles,position_long,"-1398046256",semicircles,distance,"22672.01",m,altitude,"15.600000000000023",m,speed,"2.015",m/s,unknown,"0",,unknown,"100",,heart_rate,"113",bpm,cadence,"0",rpm,fractional_cadence,"0.0",rpm,enhanced_altitude,"15.600000000000023",m,enhanced_speed,"2.015",m/s,,,,,,,,,,,,,,,,,,,,,,,,,,,,,,,,,,,,,,,,,,,,,,,,,,,,,,,,,,,,,,,,,,,,,,,,,,,,,,,,,,,,,,,,,,,,,,,,,,,,,,,,,,,,,,,,,,,,,,,,,,,,,,,,,,,,,,,,,,,,,,,,,,,,,,,,,,,,,,,,,,,
Data,12,record,timestamp,"944863581",s,position_lat,"390350042",semicircles,position_long,"-1398046795",semicircles,distance,"22676.33",m,altitude,"15.399999999999977",m,speed,"2.099",m/s,unknown,"0",,unknown,"100",,heart_rate,"111",bpm,cadence,"0",rpm,fractional_cadence,"0.0",rpm,enhanced_altitude,"15.399999999999977",m,enhanced_speed,"2.099",m/s,,,,,,,,,,,,,,,,,,,,,,,,,,,,,,,,,,,,,,,,,,,,,,,,,,,,,,,,,,,,,,,,,,,,,,,,,,,,,,,,,,,,,,,,,,,,,,,,,,,,,,,,,,,,,,,,,,,,,,,,,,,,,,,,,,,,,,,,,,,,,,,,,,,,,,,,,,,,,,,,,,,
Data,12,record,timestamp,"944863582",s,position_lat,"390350000",semicircles,position_long,"-1398047059",semicircles,distance,"22678.45",m,altitude,"15.399999999999977",m,speed,"2.053",m/s,unknown,"0",,unknown,"100",,heart_rate,"115",bpm,cadence,"0",rpm,fractional_cadence,"0.0",rpm,enhanced_altitude,"15.399999999999977",m,enhanced_speed,"2.053",m/s,,,,,,,,,,,,,,,,,,,,,,,,,,,,,,,,,,,,,,,,,,,,,,,,,,,,,,,,,,,,,,,,,,,,,,,,,,,,,,,,,,,,,,,,,,,,,,,,,,,,,,,,,,,,,,,,,,,,,,,,,,,,,,,,,,,,,,,,,,,,,,,,,,,,,,,,,,,,,,,,,,,
Data,12,record,timestamp,"944863584",s,position_lat,"390349838",semicircles,position_long,"-1398047575",semicircles,distance,"22682.77",m,altitude,"15.399999999999977",m,speed,"2.211",m/s,unknown,"0",,unknown,"100",,heart_rate,"112",bpm,cadence,"0",rpm,fractional_cadence,"0.0",rpm,enhanced_altitude,"15.399999999999977",m,enhanced_speed,"2.211",m/s,,,,,,,,,,,,,,,,,,,,,,,,,,,,,,,,,,,,,,,,,,,,,,,,,,,,,,,,,,,,,,,,,,,,,,,,,,,,,,,,,,,,,,,,,,,,,,,,,,,,,,,,,,,,,,,,,,,,,,,,,,,,,,,,,,,,,,,,,,,,,,,,,,,,,,,,,,,,,,,,,,,
Data,12,record,timestamp,"944863589",s,position_lat,"390349662",semicircles,position_long,"-1398049135",semicircles,distance,"22695.22",m,altitude,"15.399999999999977",m,speed,"2.585",m/s,unknown,"0",,unknown,"100",,heart_rate,"112",bpm,cadence,"0",rpm,fractional_cadence,"0.0",rpm,enhanced_altitude,"15.399999999999977",m,enhanced_speed,"2.585",m/s,,,,,,,,,,,,,,,,,,,,,,,,,,,,,,,,,,,,,,,,,,,,,,,,,,,,,,,,,,,,,,,,,,,,,,,,,,,,,,,,,,,,,,,,,,,,,,,,,,,,,,,,,,,,,,,,,,,,,,,,,,,,,,,,,,,,,,,,,,,,,,,,,,,,,,,,,,,,,,,,,,,
Data,12,record,timestamp,"944863599",s,position_lat,"390349755",semicircles,position_long,"-1398052527",semicircles,distance,"22721.9",m,altitude,"16.0",m,speed,"2.706",m/s,unknown,"0",,unknown,"100",,heart_rate,"112",bpm,cadence,"0",rpm,fractional_cadence,"0.0",rpm,enhanced_altitude,"16.0",m,enhanced_speed,"2.706",m/s,,,,,,,,,,,,,,,,,,,,,,,,,,,,,,,,,,,,,,,,,,,,,,,,,,,,,,,,,,,,,,,,,,,,,,,,,,,,,,,,,,,,,,,,,,,,,,,,,,,,,,,,,,,,,,,,,,,,,,,,,,,,,,,,,,,,,,,,,,,,,,,,,,,,,,,,,,,,,,,,,,,
Data,12,record,timestamp,"944863608",s,position_lat,"390349994",semicircles,position_long,"-1398055411",semicircles,distance,"22744.72",m,altitude,"15.600000000000023",m,speed,"2.491",m/s,unknown,"0",,unknown,"100",,heart_rate,"111",bpm,cadence,"0",rpm,fractional_cadence,"0.0",rpm,enhanced_altitude,"15.600000000000023",m,enhanced_speed,"2.491",m/s,,,,,,,,,,,,,,,,,,,,,,,,,,,,,,,,,,,,,,,,,,,,,,,,,,,,,,,,,,,,,,,,,,,,,,,,,,,,,,,,,,,,,,,,,,,,,,,,,,,,,,,,,,,,,,,,,,,,,,,,,,,,,,,,,,,,,,,,,,,,,,,,,,,,,,,,,,,,,,,,,,,
Data,12,record,timestamp,"944863613",s,position_lat,"390350005",semicircles,position_long,"-1398057045",semicircles,distance,"22757.56",m,altitude,"15.200000000000045",m,speed,"2.603",m/s,unknown,"0",,unknown,"300",,heart_rate,"114",bpm,cadence,"0",rpm,fractional_cadence,"0.0",rpm,enhanced_altitude,"15.200000000000045",m,enhanced_speed,"2.603",m/s,,,,,,,,,,,,,,,,,,,,,,,,,,,,,,,,,,,,,,,,,,,,,,,,,,,,,,,,,,,,,,,,,,,,,,,,,,,,,,,,,,,,,,,,,,,,,,,,,,,,,,,,,,,,,,,,,,,,,,,,,,,,,,,,,,,,,,,,,,,,,,,,,,,,,,,,,,,,,,,,,,,
Data,12,record,timestamp,"944863615",s,position_lat,"390350006",semicircles,position_long,"-1398057692",semicircles,distance,"22762.65",m,altitude,"15.0",m,speed,"2.538",m/s,unknown,"0",,unknown,"300",,heart_rate,"117",bpm,cadence,"0",rpm,fractional_cadence,"0.0",rpm,enhanced_altitude,"15.0",m,enhanced_speed,"2.538",m/s,,,,,,,,,,,,,,,,,,,,,,,,,,,,,,,,,,,,,,,,,,,,,,,,,,,,,,,,,,,,,,,,,,,,,,,,,,,,,,,,,,,,,,,,,,,,,,,,,,,,,,,,,,,,,,,,,,,,,,,,,,,,,,,,,,,,,,,,,,,,,,,,,,,,,,,,,,,,,,,,,,,
Data,12,record,timestamp,"944863619",s,position_lat,"390349999",semicircles,position_long,"-1398059006",semicircles,distance,"22772.98",m,altitude,"15.0",m,speed,"2.445",m/s,unknown,"0",,unknown,"300",,heart_rate,"120",bpm,cadence,"0",rpm,fractional_cadence,"0.0",rpm,enhanced_altitude,"15.0",m,enhanced_speed,"2.445",m/s,,,,,,,,,,,,,,,,,,,,,,,,,,,,,,,,,,,,,,,,,,,,,,,,,,,,,,,,,,,,,,,,,,,,,,,,,,,,,,,,,,,,,,,,,,,,,,,,,,,,,,,,,,,,,,,,,,,,,,,,,,,,,,,,,,,,,,,,,,,,,,,,,,,,,,,,,,,,,,,,,,,
Data,12,record,timestamp,"944863620",s,position_lat,"390349990",semicircles,position_long,"-1398059320",semicircles,distance,"22775.45",m,altitude,"15.0",m,speed,"2.426",m/s,unknown,"0",,unknown,"300",,heart_rate,"119",bpm,cadence,"0",rpm,fractional_cadence,"0.0",rpm,enhanced_altitude,"15.0",m,enhanced_speed,"2.426",m/s,,,,,,,,,,,,,,,,,,,,,,,,,,,,,,,,,,,,,,,,,,,,,,,,,,,,,,,,,,,,,,,,,,,,,,,,,,,,,,,,,,,,,,,,,,,,,,,,,,,,,,,,,,,,,,,,,,,,,,,,,,,,,,,,,,,,,,,,,,,,,,,,,,,,,,,,,,,,,,,,,,,
Data,12,record,timestamp,"944863621",s,position_lat,"390349976",semicircles,position_long,"-1398059639",semicircles,distance,"22777.95",m,altitude,"15.0",m,speed,"2.501",m/s,unknown,"0",,unknown,"300",,heart_rate,"122",bpm,cadence,"0",rpm,fractional_cadence,"0.0",rpm,enhanced_altitude,"15.0",m,enhanced_speed,"2.501",m/s,,,,,,,,,,,,,,,,,,,,,,,,,,,,,,,,,,,,,,,,,,,,,,,,,,,,,,,,,,,,,,,,,,,,,,,,,,,,,,,,,,,,,,,,,,,,,,,,,,,,,,,,,,,,,,,,,,,,,,,,,,,,,,,,,,,,,,,,,,,,,,,,,,,,,,,,,,,,,,,,,,,
Data,12,record,timestamp,"944863631",s,position_lat,"390349855",semicircles,position_long,"-1398062601",semicircles,distance,"22801.26",m,altitude,"15.0",m,speed,"2.155",m/s,unknown,"0",,unknown,"300",,heart_rate,"125",bpm,cadence,"0",rpm,fractional_cadence,"0.0",rpm,enhanced_altitude,"15.0",m,enhanced_speed,"2.155",m/s,,,,,,,,,,,,,,,,,,,,,,,,,,,,,,,,,,,,,,,,,,,,,,,,,,,,,,,,,,,,,,,,,,,,,,,,,,,,,,,,,,,,,,,,,,,,,,,,,,,,,,,,,,,,,,,,,,,,,,,,,,,,,,,,,,,,,,,,,,,,,,,,,,,,,,,,,,,,,,,,,,,
Data,12,record,timestamp,"944863638",s,position_lat,"390349549",semicircles,position_long,"-1398064356",semicircles,distance,"22815.34",m,altitude,"15.0",m,speed,"2.155",m/s,unknown,"0",,unknown,"300",,heart_rate,"125",bpm,cadence,"0",rpm,fractional_cadence,"0.0",rpm,enhanced_altitude,"15.0",m,enhanced_speed,"2.155",m/s,,,,,,,,,,,,,,,,,,,,,,,,,,,,,,,,,,,,,,,,,,,,,,,,,,,,,,,,,,,,,,,,,,,,,,,,,,,,,,,,,,,,,,,,,,,,,,,,,,,,,,,,,,,,,,,,,,,,,,,,,,,,,,,,,,,,,,,,,,,,,,,,,,,,,,,,,,,,,,,,,,,
Data,12,record,timestamp,"944863643",s,position_lat,"390349354",semicircles,position_long,"-1398065698",semicircles,distance,"22826.05",m,altitude,"15.399999999999977",m,speed,"2.071",m/s,unknown,"0",,unknown,"300",,heart_rate,"122",bpm,cadence,"0",rpm,fractional_cadence,"0.0",rpm,enhanced_altitude,"15.399999999999977",m,enhanced_speed,"2.071",m/s,,,,,,,,,,,,,,,,,,,,,,,,,,,,,,,,,,,,,,,,,,,,,,,,,,,,,,,,,,,,,,,,,,,,,,,,,,,,,,,,,,,,,,,,,,,,,,,,,,,,,,,,,,,,,,,,,,,,,,,,,,,,,,,,,,,,,,,,,,,,,,,,,,,,,,,,,,,,,,,,,,,
Data,12,record,timestamp,"944863649",s,position_lat,"390349085",semicircles,position_long,"-1398067370",semicircles,distance,"22839.44",m,altitude,"15.799999999999955",m,speed,"2.398",m/s,unknown,"0",,unknown,"100",,heart_rate,"121",bpm,cadence,"0",rpm,fractional_cadence,"0.0",rpm,enhanced_altitude,"15.799999999999955",m,enhanced_speed,"2.398",m/s,,,,,,,,,,,,,,,,,,,,,,,,,,,,,,,,,,,,,,,,,,,,,,,,,,,,,,,,,,,,,,,,,,,,,,,,,,,,,,,,,,,,,,,,,,,,,,,,,,,,,,,,,,,,,,,,,,,,,,,,,,,,,,,,,,,,,,,,,,,,,,,,,,,,,,,,,,,,,,,,,,,
Data,12,record,timestamp,"944863654",s,position_lat,"390348906",semicircles,position_long,"-1398068979",semicircles,distance,"22852.17",m,altitude,"16.0",m,speed,"2.491",m/s,unknown,"0",,unknown,"300",,heart_rate,"124",bpm,cadence,"0",rpm,fractional_cadence,"0.0",rpm,enhanced_altitude,"16.0",m,enhanced_speed,"2.491",m/s,,,,,,,,,,,,,,,,,,,,,,,,,,,,,,,,,,,,,,,,,,,,,,,,,,,,,,,,,,,,,,,,,,,,,,,,,,,,,,,,,,,,,,,,,,,,,,,,,,,,,,,,,,,,,,,,,,,,,,,,,,,,,,,,,,,,,,,,,,,,,,,,,,,,,,,,,,,,,,,,,,,
Data,12,record,timestamp,"944863656",s,position_lat,"390348825",semicircles,position_long,"-1398069647",semicircles,distance,"22857.48",m,altitude,"16.0",m,speed,"2.501",m/s,unknown,"0",,unknown,"300",,heart_rate,"126",bpm,cadence,"0",rpm,fractional_cadence,"0.0",rpm,enhanced_altitude,"16.0",m,enhanced_speed,"2.501",m/s,,,,,,,,,,,,,,,,,,,,,,,,,,,,,,,,,,,,,,,,,,,,,,,,,,,,,,,,,,,,,,,,,,,,,,,,,,,,,,,,,,,,,,,,,,,,,,,,,,,,,,,,,,,,,,,,,,,,,,,,,,,,,,,,,,,,,,,,,,,,,,,,,,,,,,,,,,,,,,,,,,,
Data,12,record,timestamp,"944863658",s,position_lat,"390348758",semicircles,position_long,"-1398070311",semicircles,distance,"22862.73",m,altitude,"16.0",m,speed,"2.37",m/s,unknown,"0",,unknown,"300",,heart_rate,"129",bpm,cadence,"0",rpm,fractional_cadence,"0.0",rpm,enhanced_altitude,"16.0",m,enhanced_speed,"2.37",m/s,,,,,,,,,,,,,,,,,,,,,,,,,,,,,,,,,,,,,,,,,,,,,,,,,,,,,,,,,,,,,,,,,,,,,,,,,,,,,,,,,,,,,,,,,,,,,,,,,,,,,,,,,,,,,,,,,,,,,,,,,,,,,,,,,,,,,,,,,,,,,,,,,,,,,,,,,,,,,,,,,,,
Data,12,record,timestamp,"944863666",s,position_lat,"390348533",semicircles,position_long,"-1398072871",semicircles,distance,"22882.96",m,altitude,"15.799999999999955",m,speed,"2.333",m/s,unknown,"0",,unknown,"100",,heart_rate,"128",bpm,cadence,"0",rpm,fractional_cadence,"0.0",rpm,enhanced_altitude,"15.799999999999955",m,enhanced_speed,"2.333",m/s,,,,,,,,,,,,,,,,,,,,,,,,,,,,,,,,,,,,,,,,,,,,,,,,,,,,,,,,,,,,,,,,,,,,,,,,,,,,,,,,,,,,,,,,,,,,,,,,,,,,,,,,,,,,,,,,,,,,,,,,,,,,,,,,,,,,,,,,,,,,,,,,,,,,,,,,,,,,,,,,,,,
Data,12,record,timestamp,"944863674",s,position_lat,"390348520",semicircles,position_long,"-1398075266",semicircles,distance,"22901.78",m,altitude,"15.799999999999955",m,speed,"2.37",m/s,unknown,"0",,unknown,"100",,heart_rate,"127",bpm,cadence,"0",rpm,fractional_cadence,"0.0",rpm,enhanced_altitude,"15.799999999999955",m,enhanced_speed,"2.37",m/s,,,,,,,,,,,,,,,,,,,,,,,,,,,,,,,,,,,,,,,,,,,,,,,,,,,,,,,,,,,,,,,,,,,,,,,,,,,,,,,,,,,,,,,,,,,,,,,,,,,,,,,,,,,,,,,,,,,,,,,,,,,,,,,,,,,,,,,,,,,,,,,,,,,,,,,,,,,,,,,,,,,
Data,12,record,timestamp,"944863677",s,position_lat,"390348421",semicircles,position_long,"-1398076244",semicircles,distance,"22909.53",m,altitude,"15.799999999999955",m,speed,"2.585",m/s,unknown,"0",,unknown,"100",,heart_rate,"124",bpm,cadence,"0",rpm,fractional_cadence,"0.0",rpm,enhanced_altitude,"15.799999999999955",m,enhanced_speed,"2.585",m/s,,,,,,,,,,,,,,,,,,,,,,,,,,,,,,,,,,,,,,,,,,,,,,,,,,,,,,,,,,,,,,,,,,,,,,,,,,,,,,,,,,,,,,,,,,,,,,,,,,,,,,,,,,,,,,,,,,,,,,,,,,,,,,,,,,,,,,,,,,,,,,,,,,,,,,,,,,,,,,,,,,,
Data,12,record,timestamp,"944863678",s,position_lat,"390348406",semicircles,position_long,"-1398076567",semicircles,distance,"22912.07",m,altitude,"16.0",m,speed,"2.594",m/s,unknown,"0",,unknown,"100",,heart_rate,"127",bpm,cadence,"0",rpm,fractional_cadence,"0.0",rpm,enhanced_altitude,"16.0",m,enhanced_speed,"2.594",m/s,,,,,,,,,,,,,,,,,,,,,,,,,,,,,,,,,,,,,,,,,,,,,,,,,,,,,,,,,,,,,,,,,,,,,,,,,,,,,,,,,,,,,,,,,,,,,,,,,,,,,,,,,,,,,,,,,,,,,,,,,,,,,,,,,,,,,,,,,,,,,,,,,,,,,,,,,,,,,,,,,,,
Data,12,record,timestamp,"944863682",s,position_lat,"390348365",semicircles,position_long,"-1398077934",semicircles,distance,"22922.83",m,altitude,"16.200000000000045",m,speed,"3.004",m/s,unknown,"0",,unknown,"100",,heart_rate,"126",bpm,cadence,"0",rpm,fractional_cadence,"0.0",rpm,enhanced_altitude,"16.200000000000045",m,enhanced_speed,"3.004",m/s,,,,,,,,,,,,,,,,,,,,,,,,,,,,,,,,,,,,,,,,,,,,,,,,,,,,,,,,,,,,,,,,,,,,,,,,,,,,,,,,,,,,,,,,,,,,,,,,,,,,,,,,,,,,,,,,,,,,,,,,,,,,,,,,,,,,,,,,,,,,,,,,,,,,,,,,,,,,,,,,,,,
Data,12,record,timestamp,"944863689",s,position_lat,"390348057",semicircles,position_long,"-1398080421",semicircles,distance,"22942.57",m,altitude,"16.0",m,speed,"2.753",m/s,unknown,"0",,unknown,"100",,heart_rate,"126",bpm,cadence,"0",rpm,fractional_cadence,"0.0",rpm,enhanced_altitude,"16.0",m,enhanced_speed,"2.753",m/s,,,,,,,,,,,,,,,,,,,,,,,,,,,,,,,,,,,,,,,,,,,,,,,,,,,,,,,,,,,,,,,,,,,,,,,,,,,,,,,,,,,,,,,,,,,,,,,,,,,,,,,,,,,,,,,,,,,,,,,,,,,,,,,,,,,,,,,,,,,,,,,,,,,,,,,,,,,,,,,,,,,
Data,12,record,timestamp,"944863699",s,position_lat,"390347715",semicircles,position_long,"-1398084092",semicircles,distance,"22971.6",m,altitude,"16.0",m,speed,"2.921",m/s,unknown,"0",,unknown,"100",,heart_rate,"125",bpm,cadence,"0",rpm,fractional_cadence,"0.0",rpm,enhanced_altitude,"16.0",m,enhanced_speed,"2.921",m/s,,,,,,,,,,,,,,,,,,,,,,,,,,,,,,,,,,,,,,,,,,,,,,,,,,,,,,,,,,,,,,,,,,,,,,,,,,,,,,,,,,,,,,,,,,,,,,,,,,,,,,,,,,,,,,,,,,,,,,,,,,,,,,,,,,,,,,,,,,,,,,,,,,,,,,,,,,,,,,,,,,,
Data,12,record,timestamp,"944863706",s,position_lat,"390347583",semicircles,position_long,"-1398086633",semicircles,distance,"22991.61",m,altitude,"16.399999999999977",m,speed,"2.669",m/s,unknown,"0",,unknown,"100",,heart_rate,"125",bpm,cadence,"0",rpm,fractional_cadence,"0.0",rpm,enhanced_altitude,"16.399999999999977",m,enhanced_speed,"2.669",m/s,,,,,,,,,,,,,,,,,,,,,,,,,,,,,,,,,,,,,,,,,,,,,,,,,,,,,,,,,,,,,,,,,,,,,,,,,,,,,,,,,,,,,,,,,,,,,,,,,,,,,,,,,,,,,,,,,,,,,,,,,,,,,,,,,,,,,,,,,,,,,,,,,,,,,,,,,,,,,,,,,,,
Data,12,record,timestamp,"944863709",s,position_lat,"390347385",semicircles,position_long,"-1398087630",semicircles,distance,"22999.66",m,altitude,"16.399999999999977",m,speed,"2.603",m/s,unknown,"0",,unknown,"100",,heart_rate,"128",bpm,cadence,"0",rpm,fractional_cadence,"0.0",rpm,enhanced_altitude,"16.399999999999977",m,enhanced_speed,"2.603",m/s,,,,,,,,,,,,,,,,,,,,,,,,,,,,,,,,,,,,,,,,,,,,,,,,,,,,,,,,,,,,,,,,,,,,,,,,,,,,,,,,,,,,,,,,,,,,,,,,,,,,,,,,,,,,,,,,,,,,,,,,,,,,,,,,,,,,,,,,,,,,,,,,,,,,,,,,,,,,,,,,,,,
Data,12,record,timestamp,"944863713",s,position_lat,"390347116",semicircles,position_long,"-1398088819",semicircles,distance,"23009.33",m,altitude,"16.200000000000045",m,speed,"2.585",m/s,unknown,"0",,unknown,"100",,heart_rate,"132",bpm,cadence,"0",rpm,fractional_cadence,"0.0",rpm,enhanced_altitude,"16.200000000000045",m,enhanced_speed,"2.585",m/s,,,,,,,,,,,,,,,,,,,,,,,,,,,,,,,,,,,,,,,,,,,,,,,,,,,,,,,,,,,,,,,,,,,,,,,,,,,,,,,,,,,,,,,,,,,,,,,,,,,,,,,,,,,,,,,,,,,,,,,,,,,,,,,,,,,,,,,,,,,,,,,,,,,,,,,,,,,,,,,,,,,
Data,12,record,timestamp,"944863714",s,position_lat,"390347050",semicircles,position_long,"-1398089124",semicircles,distance,"23011.8",m,altitude,"16.200000000000045",m,speed,"2.743",m/s,unknown,"0",,unknown,"100",,heart_rate,"129",bpm,cadence,"0",rpm,fractional_cadence,"0.0",rpm,enhanced_altitude,"16.200000000000045",m,enhanced_speed,"2.743",m/s,,,,,,,,,,,,,,,,,,,,,,,,,,,,,,,,,,,,,,,,,,,,,,,,,,,,,,,,,,,,,,,,,,,,,,,,,,,,,,,,,,,,,,,,,,,,,,,,,,,,,,,,,,,,,,,,,,,,,,,,,,,,,,,,,,,,,,,,,,,,,,,,,,,,,,,,,,,,,,,,,,,
Data,12,record,timestamp,"944863716",s,position_lat,"390346890",semicircles,position_long,"-1398089773",semicircles,distance,"23017.12",m,altitude,"16.200000000000045",m,speed,"2.799",m/s,unknown,"0",,unknown,"100",,heart_rate,"133",bpm,cadence,"0",rpm,fractional_cadence,"0.0",rpm,enhanced_altitude,"16.200000000000045",m,enhanced_speed,"2.799",m/s,,,,,,,,,,,,,,,,,,,,,,,,,,,,,,,,,,,,,,,,,,,,,,,,,,,,,,,,,,,,,,,,,,,,,,,,,,,,,,,,,,,,,,,,,,,,,,,,,,,,,,,,,,,,,,,,,,,,,,,,,,,,,,,,,,,,,,,,,,,,,,,,,,,,,,,,,,,,,,,,,,,
Data,12,record,timestamp,"944863720",s,position_lat,"390346536",semicircles,position_long,"-1398091183",semicircles,distance,"23028.67",m,altitude,"16.200000000000045",m,speed,"2.846",m/s,unknown,"0",,unknown,"100",,heart_rate,"136",bpm,cadence,"0",rpm,fractional_cadence,"0.0",rpm,enhanced_altitude,"16.200000000000045",m,enhanced_speed,"2.846",m/s,,,,,,,,,,,,,,,,,,,,,,,,,,,,,,,,,,,,,,,,,,,,,,,,,,,,,,,,,,,,,,,,,,,,,,,,,,,,,,,,,,,,,,,,,,,,,,,,,,,,,,,,,,,,,,,,,,,,,,,,,,,,,,,,,,,,,,,,,,,,,,,,,,,,,,,,,,,,,,,,,,,
Data,12,record,timestamp,"944863723",s,position_lat,"390346242",semicircles,position_long,"-1398092246",semicircles,distance,"23037.46",m,altitude,"16.200000000000045",m,speed,"2.958",m/s,unknown,"0",,unknown,"100",,heart_rate,"139",bpm,cadence,"0",rpm,fractional_cadence,"0.0",rpm,enhanced_altitude,"16.200000000000045",m,enhanced_speed,"2.958",m/s,,,,,,,,,,,,,,,,,,,,,,,,,,,,,,,,,,,,,,,,,,,,,,,,,,,,,,,,,,,,,,,,,,,,,,,,,,,,,,,,,,,,,,,,,,,,,,,,,,,,,,,,,,,,,,,,,,,,,,,,,,,,,,,,,,,,,,,,,,,,,,,,,,,,,,,,,,,,,,,,,,,
Data,12,record,timestamp,"944863727",s,position_lat,"390345817",semicircles,position_long,"-1398093797",semicircles,distance,"23050.27",m,altitude,"16.399999999999977",m,speed,"3.154",m/s,unknown,"0",,unknown,"100",,heart_rate,"141",bpm,cadence,"0",rpm,fractional_cadence,"0.0",rpm,enhanced_altitude,"16.399999999999977",m,enhanced_speed,"3.154",m/s,,,,,,,,,,,,,,,,,,,,,,,,,,,,,,,,,,,,,,,,,,,,,,,,,,,,,,,,,,,,,,,,,,,,,,,,,,,,,,,,,,,,,,,,,,,,,,,,,,,,,,,,,,,,,,,,,,,,,,,,,,,,,,,,,,,,,,,,,,,,,,,,,,,,,,,,,,,,,,,,,,,
Data,12,record,timestamp,"944863730",s,position_lat,"390345437",semicircles,position_long,"-1398094990",semicircles,distance,"23060.29",m,altitude,"16.600000000000023",m,speed,"3.294",m/s,unknown,"0",,unknown,"100",,heart_rate,"138",bpm,cadence,"0",rpm,fractional_cadence,"0.0",rpm,enhanced_altitude,"16.600000000000023",m,enhanced_speed,"3.294",m/s,,,,,,,,,,,,,,,,,,,,,,,,,,,,,,,,,,,,,,,,,,,,,,,,,,,,,,,,,,,,,,,,,,,,,,,,,,,,,,,,,,,,,,,,,,,,,,,,,,,,,,,,,,,,,,,,,,,,,,,,,,,,,,,,,,,,,,,,,,,,,,,,,,,,,,,,,,,,,,,,,,,
Data,12,record,timestamp,"944863735",s,position_lat,"390344974",semicircles,position_long,"-1398096999",semicircles,distance,"23076.66",m,altitude,"17.0",m,speed,"3.191",m/s,unknown,"0",,unknown,"100",,heart_rate,"139",bpm,cadence,"0",rpm,fractional_cadence,"0.0",rpm,enhanced_altitude,"17.0",m,enhanced_speed,"3.191",m/s,,,,,,,,,,,,,,,,,,,,,,,,,,,,,,,,,,,,,,,,,,,,,,,,,,,,,,,,,,,,,,,,,,,,,,,,,,,,,,,,,,,,,,,,,,,,,,,,,,,,,,,,,,,,,,,,,,,,,,,,,,,,,,,,,,,,,,,,,,,,,,,,,,,,,,,,,,,,,,,,,,,
Data,12,record,timestamp,"944863743",s,position_lat,"390344879",semicircles,position_long,"-1398100093",semicircles,distance,"23101.07",m,altitude,"17.0",m,speed,"2.976",m/s,unknown,"0",,unknown,"100",,heart_rate,"138",bpm,cadence,"0",rpm,fractional_cadence,"0.0",rpm,enhanced_altitude,"17.0",m,enhanced_speed,"2.976",m/s,,,,,,,,,,,,,,,,,,,,,,,,,,,,,,,,,,,,,,,,,,,,,,,,,,,,,,,,,,,,,,,,,,,,,,,,,,,,,,,,,,,,,,,,,,,,,,,,,,,,,,,,,,,,,,,,,,,,,,,,,,,,,,,,,,,,,,,,,,,,,,,,,,,,,,,,,,,,,,,,,,,
Data,12,record,timestamp,"944863751",s,position_lat,"390345229",semicircles,position_long,"-1398102812",semicircles,distance,"23123.07",m,altitude,"17.0",m,speed,"2.547",m/s,unknown,"0",,unknown,"100",,heart_rate,"138",bpm,cadence,"0",rpm,fractional_cadence,"0.0",rpm,enhanced_altitude,"17.0",m,enhanced_speed,"2.547",m/s,,,,,,,,,,,,,,,,,,,,,,,,,,,,,,,,,,,,,,,,,,,,,,,,,,,,,,,,,,,,,,,,,,,,,,,,,,,,,,,,,,,,,,,,,,,,,,,,,,,,,,,,,,,,,,,,,,,,,,,,,,,,,,,,,,,,,,,,,,,,,,,,,,,,,,,,,,,,,,,,,,,
Data,12,record,timestamp,"944863756",s,position_lat,"390346381",semicircles,position_long,"-1398103233",semicircles,distance,"23135.06",m,altitude,"16.399999999999977",m,speed,"2.398",m/s,unknown,"0",,unknown,"100",,heart_rate,"137",bpm,cadence,"0",rpm,fractional_cadence,"0.0",rpm,enhanced_altitude,"16.399999999999977",m,enhanced_speed,"2.398",m/s,,,,,,,,,,,,,,,,,,,,,,,,,,,,,,,,,,,,,,,,,,,,,,,,,,,,,,,,,,,,,,,,,,,,,,,,,,,,,,,,,,,,,,,,,,,,,,,,,,,,,,,,,,,,,,,,,,,,,,,,,,,,,,,,,,,,,,,,,,,,,,,,,,,,,,,,,,,,,,,,,,,
Data,12,record,timestamp,"944863762",s,position_lat,"390347581",semicircles,position_long,"-1398102094",semicircles,distance,"23149.38",m,altitude,"16.0",m,speed,"2.221",m/s,unknown,"0",,unknown,"100",,heart_rate,"134",bpm,cadence,"0",rpm,fractional_cadence,"0.0",rpm,enhanced_altitude,"16.0",m,enhanced_speed,"2.221",m/s,,,,,,,,,,,,,,,,,,,,,,,,,,,,,,,,,,,,,,,,,,,,,,,,,,,,,,,,,,,,,,,,,,,,,,,,,,,,,,,,,,,,,,,,,,,,,,,,,,,,,,,,,,,,,,,,,,,,,,,,,,,,,,,,,,,,,,,,,,,,,,,,,,,,,,,,,,,,,,,,,,,
Data,12,record,timestamp,"944863764",s,position_lat,"390347988",semicircles,position_long,"-1398101719",semicircles,distance,"23154.16",m,altitude,"15.799999999999955",m,speed,"2.267",m/s,unknown,"0",,unknown,"100",,heart_rate,"134",bpm,cadence,"0",rpm,fractional_cadence,"0.0",rpm,enhanced_altitude,"15.799999999999955",m,enhanced_speed,"2.267",m/s,,,,,,,,,,,,,,,,,,,,,,,,,,,,,,,,,,,,,,,,,,,,,,,,,,,,,,,,,,,,,,,,,,,,,,,,,,,,,,,,,,,,,,,,,,,,,,,,,,,,,,,,,,,,,,,,,,,,,,,,,,,,,,,,,,,,,,,,,,,,,,,,,,,,,,,,,,,,,,,,,,,
Data,12,record,timestamp,"944863770",s,position_lat,"390349369",semicircles,position_long,"-1398100756",semicircles,distance,"23169.07",m,altitude,"15.799999999999955",m,speed,"2.379",m/s,unknown,"0",,unknown,"100",,heart_rate,"134",bpm,cadence,"0",rpm,fractional_cadence,"0.0",rpm,enhanced_altitude,"15.799999999999955",m,enhanced_speed,"2.379",m/s,,,,,,,,,,,,,,,,,,,,,,,,,,,,,,,,,,,,,,,,,,,,,,,,,,,,,,,,,,,,,,,,,,,,,,,,,,,,,,,,,,,,,,,,,,,,,,,,,,,,,,,,,,,,,,,,,,,,,,,,,,,,,,,,,,,,,,,,,,,,,,,,,,,,,,,,,,,,,,,,,,,
Data,12,record,timestamp,"944863780",s,position_lat,"390352075",semicircles,position_long,"-1398099590",semicircles,distance,"23195.88",m,altitude,"16.0",m,speed,"2.874",m/s,unknown,"0",,unknown,"100",,heart_rate,"133",bpm,cadence,"0",rpm,fractional_cadence,"0.0",rpm,enhanced_altitude,"16.0",m,enhanced_speed,"2.874",m/s,,,,,,,,,,,,,,,,,,,,,,,,,,,,,,,,,,,,,,,,,,,,,,,,,,,,,,,,,,,,,,,,,,,,,,,,,,,,,,,,,,,,,,,,,,,,,,,,,,,,,,,,,,,,,,,,,,,,,,,,,,,,,,,,,,,,,,,,,,,,,,,,,,,,,,,,,,,,,,,,,,,
Data,12,record,timestamp,"944863783",s,position_lat,"390352898",semicircles,position_long,"-1398099243",semicircles,distance,"23204.0",m,altitude,"16.0",m,speed,"2.631",m/s,unknown,"0",,unknown,"100",,heart_rate,"136",bpm,cadence,"0",rpm,fractional_cadence,"0.0",rpm,enhanced_altitude,"16.0",m,enhanced_speed,"2.631",m/s,,,,,,,,,,,,,,,,,,,,,,,,,,,,,,,,,,,,,,,,,,,,,,,,,,,,,,,,,,,,,,,,,,,,,,,,,,,,,,,,,,,,,,,,,,,,,,,,,,,,,,,,,,,,,,,,,,,,,,,,,,,,,,,,,,,,,,,,,,,,,,,,,,,,,,,,,,,,,,,,,,,
Data,12,record,timestamp,"944863784",s,position_lat,"390353192",semicircles,position_long,"-1398099137",semicircles,distance,"23206.86",m,altitude,"16.0",m,speed,"2.725",m/s,unknown,"0",,unknown,"100",,heart_rate,"133",bpm,cadence,"0",rpm,fractional_cadence,"0.0",rpm,enhanced_altitude,"16.0",m,enhanced_speed,"2.725",m/s,,,,,,,,,,,,,,,,,,,,,,,,,,,,,,,,,,,,,,,,,,,,,,,,,,,,,,,,,,,,,,,,,,,,,,,,,,,,,,,,,,,,,,,,,,,,,,,,,,,,,,,,,,,,,,,,,,,,,,,,,,,,,,,,,,,,,,,,,,,,,,,,,,,,,,,,,,,,,,,,,,,
Data,12,record,timestamp,"944863790",s,position_lat,"390355121",semicircles,position_long,"-1398098670",semicircles,distance,"23225.16",m,altitude,"16.200000000000045",m,speed,"2.939",m/s,unknown,"0",,unknown,"100",,heart_rate,"131",bpm,cadence,"0",rpm,fractional_cadence,"0.0",rpm,enhanced_altitude,"16.200000000000045",m,enhanced_speed,"2.939",m/s,,,,,,,,,,,,,,,,,,,,,,,,,,,,,,,,,,,,,,,,,,,,,,,,,,,,,,,,,,,,,,,,,,,,,,,,,,,,,,,,,,,,,,,,,,,,,,,,,,,,,,,,,,,,,,,,,,,,,,,,,,,,,,,,,,,,,,,,,,,,,,,,,,,,,,,,,,,,,,,,,,,
Data,12,record,timestamp,"944863799",s,position_lat,"390358462",semicircles,position_long,"-1398098547",semicircles,distance,"23256.27",m,altitude,"16.200000000000045",m,speed,"3.228",m/s,unknown,"0",,unknown,"100",,heart_rate,"131",bpm,cadence,"0",rpm,fractional_cadence,"0.0",rpm,enhanced_altitude,"16.200000000000045",m,enhanced_speed,"3.228",m/s,,,,,,,,,,,,,,,,,,,,,,,,,,,,,,,,,,,,,,,,,,,,,,,,,,,,,,,,,,,,,,,,,,,,,,,,,,,,,,,,,,,,,,,,,,,,,,,,,,,,,,,,,,,,,,,,,,,,,,,,,,,,,,,,,,,,,,,,,,,,,,,,,,,,,,,,,,,,,,,,,,,
Data,12,record,timestamp,"944863800",s,position_lat,"390358823",semicircles,position_long,"-1398098518",semicircles,distance,"23259.64",m,altitude,"16.200000000000045",m,speed,"3.238",m/s,unknown,"0",,unknown,"100",,heart_rate,"134",bpm,cadence,"0",rpm,fractional_cadence,"0.0",rpm,enhanced_altitude,"16.200000000000045",m,enhanced_speed,"3.238",m/s,,,,,,,,,,,,,,,,,,,,,,,,,,,,,,,,,,,,,,,,,,,,,,,,,,,,,,,,,,,,,,,,,,,,,,,,,,,,,,,,,,,,,,,,,,,,,,,,,,,,,,,,,,,,,,,,,,,,,,,,,,,,,,,,,,,,,,,,,,,,,,,,,,,,,,,,,,,,,,,,,,,
Data,12,record,timestamp,"944863801",s,position_lat,"390359197",semicircles,position_long,"-1398098465",semicircles,distance,"23263.13",m,altitude,"16.200000000000045",m,speed,"3.35",m/s,unknown,"0",,unknown,"100",,heart_rate,"130",bpm,cadence,"0",rpm,fractional_cadence,"0.0",rpm,enhanced_altitude,"16.200000000000045",m,enhanced_speed,"3.35",m/s,,,,,,,,,,,,,,,,,,,,,,,,,,,,,,,,,,,,,,,,,,,,,,,,,,,,,,,,,,,,,,,,,,,,,,,,,,,,,,,,,,,,,,,,,,,,,,,,,,,,,,,,,,,,,,,,,,,,,,,,,,,,,,,,,,,,,,,,,,,,,,,,,,,,,,,,,,,,,,,,,,,
Data,12,record,timestamp,"944863806",s,position_lat,"390361004",semicircles,position_long,"-1398098158",semicircles,distance,"23280.1",m,altitude,"16.399999999999977",m,speed,"3.527",m/s,unknown,"0",,unknown,"100",,heart_rate,"133",bpm,cadence,"0",rpm,fractional_cadence,"0.0",rpm,enhanced_altitude,"16.399999999999977",m,enhanced_speed,"3.527",m/s,,,,,,,,,,,,,,,,,,,,,,,,,,,,,,,,,,,,,,,,,,,,,,,,,,,,,,,,,,,,,,,,,,,,,,,,,,,,,,,,,,,,,,,,,,,,,,,,,,,,,,,,,,,,,,,,,,,,,,,,,,,,,,,,,,,,,,,,,,,,,,,,,,,,,,,,,,,,,,,,,,,
Data,12,record,timestamp,"944863807",s,position_lat,"390361383",semicircles,position_long,"-1398098112",semicircles,distance,"23283.64",m,altitude,"16.399999999999977",m,speed,"3.555",m/s,unknown,"0",,unknown,"100",,heart_rate,"131",bpm,cadence,"0",rpm,fractional_cadence,"0.0",rpm,enhanced_altitude,"16.399999999999977",m,enhanced_speed,"3.555",m/s,,,,,,,,,,,,,,,,,,,,,,,,,,,,,,,,,,,,,,,,,,,,,,,,,,,,,,,,,,,,,,,,,,,,,,,,,,,,,,,,,,,,,,,,,,,,,,,,,,,,,,,,,,,,,,,,,,,,,,,,,,,,,,,,,,,,,,,,,,,,,,,,,,,,,,,,,,,,,,,,,,,
Data,12,record,timestamp,"944863814",s,position_lat,"390363845",semicircles,position_long,"-1398098060",semicircles,distance,"23306.54",m,altitude,"16.600000000000023",m,speed,"2.93",m/s,unknown,"0",,unknown,"100",,heart_rate,"135",bpm,cadence,"0",rpm,fractional_cadence,"0.0",rpm,enhanced_altitude,"16.600000000000023",m,enhanced_speed,"2.93",m/s,,,,,,,,,,,,,,,,,,,,,,,,,,,,,,,,,,,,,,,,,,,,,,,,,,,,,,,,,,,,,,,,,,,,,,,,,,,,,,,,,,,,,,,,,,,,,,,,,,,,,,,,,,,,,,,,,,,,,,,,,,,,,,,,,,,,,,,,,,,,,,,,,,,,,,,,,,,,,,,,,,,
Data,12,record,timestamp,"944863818",s,position_lat,"390365321",semicircles,position_long,"-1398098124",semicircles,distance,"23320.29",m,altitude,"16.600000000000023",m,speed,"3.284",m/s,unknown,"0",,unknown,"100",,heart_rate,"138",bpm,cadence,"0",rpm,fractional_cadence,"0.0",rpm,enhanced_altitude,"16.600000000000023",m,enhanced_speed,"3.284",m/s,,,,,,,,,,,,,,,,,,,,,,,,,,,,,,,,,,,,,,,,,,,,,,,,,,,,,,,,,,,,,,,,,,,,,,,,,,,,,,,,,,,,,,,,,,,,,,,,,,,,,,,,,,,,,,,,,,,,,,,,,,,,,,,,,,,,,,,,,,,,,,,,,,,,,,,,,,,,,,,,,,,
Data,12,record,timestamp,"944863821",s,position_lat,"390366457",semicircles,position_long,"-1398098264",semicircles,distance,"23330.9",m,altitude,"16.799999999999955",m,speed,"3.415",m/s,unknown,"0",,unknown,"300",,heart_rate,"141",bpm,cadence,"0",rpm,fractional_cadence,"0.0",rpm,enhanced_altitude,"16.799999999999955",m,enhanced_speed,"3.415",m/s,,,,,,,,,,,,,,,,,,,,,,,,,,,,,,,,,,,,,,,,,,,,,,,,,,,,,,,,,,,,,,,,,,,,,,,,,,,,,,,,,,,,,,,,,,,,,,,,,,,,,,,,,,,,,,,,,,,,,,,,,,,,,,,,,,,,,,,,,,,,,,,,,,,,,,,,,,,,,,,,,,,
Data,12,record,timestamp,"944863823",s,position_lat,"390367188",semicircles,position_long,"-1398098417",semicircles,distance,"23337.8",m,altitude,"16.799999999999955",m,speed,"3.228",m/s,unknown,"0",,unknown,"100",,heart_rate,"143",bpm,cadence,"0",rpm,fractional_cadence,"0.0",rpm,enhanced_altitude,"16.799999999999955",m,enhanced_speed,"3.228",m/s,,,,,,,,,,,,,,,,,,,,,,,,,,,,,,,,,,,,,,,,,,,,,,,,,,,,,,,,,,,,,,,,,,,,,,,,,,,,,,,,,,,,,,,,,,,,,,,,,,,,,,,,,,,,,,,,,,,,,,,,,,,,,,,,,,,,,,,,,,,,,,,,,,,,,,,,,,,,,,,,,,,
Data,12,record,timestamp,"944863831",s,position_lat,"390370053",semicircles,position_long,"-1398098992",semicircles,distance,"23364.84",m,altitude,"16.399999999999977",m,speed,"3.154",m/s,unknown,"0",,unknown,"100",,heart_rate,"141",bpm,cadence,"0",rpm,fractional_cadence,"0.0",rpm,enhanced_altitude,"16.399999999999977",m,enhanced_speed,"3.154",m/s,,,,,,,,,,,,,,,,,,,,,,,,,,,,,,,,,,,,,,,,,,,,,,,,,,,,,,,,,,,,,,,,,,,,,,,,,,,,,,,,,,,,,,,,,,,,,,,,,,,,,,,,,,,,,,,,,,,,,,,,,,,,,,,,,,,,,,,,,,,,,,,,,,,,,,,,,,,,,,,,,,,
Data,12,record,timestamp,"944863840",s,position_lat,"390373170",semicircles,position_long,"-1398099404",semicircles,distance,"23394.0",m,altitude,"16.200000000000045",m,speed,"3.219",m/s,unknown,"0",,unknown,"100",,heart_rate,"140",bpm,cadence,"0",rpm,fractional_cadence,"0.0",rpm,enhanced_altitude,"16.200000000000045",m,enhanced_speed,"3.219",m/s,,,,,,,,,,,,,,,,,,,,,,,,,,,,,,,,,,,,,,,,,,,,,,,,,,,,,,,,,,,,,,,,,,,,,,,,,,,,,,,,,,,,,,,,,,,,,,,,,,,,,,,,,,,,,,,,,,,,,,,,,,,,,,,,,,,,,,,,,,,,,,,,,,,,,,,,,,,,,,,,,,,
Data,12,record,timestamp,"944863848",s,position_lat,"390375788",semicircles,position_long,"-1398099611",semicircles,distance,"23418.39",m,altitude,"16.0",m,speed,"3.051",m/s,unknown,"0",,unknown,"100",,heart_rate,"140",bpm,cadence,"0",rpm,fractional_cadence,"0.0",rpm,enhanced_altitude,"16.0",m,enhanced_speed,"3.051",m/s,,,,,,,,,,,,,,,,,,,,,,,,,,,,,,,,,,,,,,,,,,,,,,,,,,,,,,,,,,,,,,,,,,,,,,,,,,,,,,,,,,,,,,,,,,,,,,,,,,,,,,,,,,,,,,,,,,,,,,,,,,,,,,,,,,,,,,,,,,,,,,,,,,,,,,,,,,,,,,,,,,,
Data,12,record,timestamp,"944863852",s,position_lat,"390377062",semicircles,position_long,"-1398099582",semicircles,distance,"23430.24",m,altitude,"16.0",m,speed,"2.809",m/s,unknown,"0",,unknown,"100",,heart_rate,"137",bpm,cadence,"0",rpm,fractional_cadence,"0.0",rpm,enhanced_altitude,"16.0",m,enhanced_speed,"2.809",m/s,,,,,,,,,,,,,,,,,,,,,,,,,,,,,,,,,,,,,,,,,,,,,,,,,,,,,,,,,,,,,,,,,,,,,,,,,,,,,,,,,,,,,,,,,,,,,,,,,,,,,,,,,,,,,,,,,,,,,,,,,,,,,,,,,,,,,,,,,,,,,,,,,,,,,,,,,,,,,,,,,,,
Data,12,record,timestamp,"944863856",s,position_lat,"390378207",semicircles,position_long,"-1398099570",semicircles,distance,"23440.87",m,altitude,"16.200000000000045",m,speed,"2.323",m/s,unknown,"0",,unknown,"100",,heart_rate,"140",bpm,cadence,"0",rpm,fractional_cadence,"0.0",rpm,enhanced_altitude,"16.200000000000045",m,enhanced_speed,"2.323",m/s,,,,,,,,,,,,,,,,,,,,,,,,,,,,,,,,,,,,,,,,,,,,,,,,,,,,,,,,,,,,,,,,,,,,,,,,,,,,,,,,,,,,,,,,,,,,,,,,,,,,,,,,,,,,,,,,,,,,,,,,,,,,,,,,,,,,,,,,,,,,,,,,,,,,,,,,,,,,,,,,,,,
Data,12,record,timestamp,"944863858",s,position_lat,"390378737",semicircles,position_long,"-1398099464",semicircles,distance,"23445.85",m,altitude,"16.399999999999977",m,speed,"2.613",m/s,unknown,"0",,unknown,"100",,heart_rate,"139",bpm,cadence,"0",rpm,fractional_cadence,"0.0",rpm,enhanced_altitude,"16.399999999999977",m,enhanced_speed,"2.613",m/s,,,,,,,,,,,,,,,,,,,,,,,,,,,,,,,,,,,,,,,,,,,,,,,,,,,,,,,,,,,,,,,,,,,,,,,,,,,,,,,,,,,,,,,,,,,,,,,,,,,,,,,,,,,,,,,,,,,,,,,,,,,,,,,,,,,,,,,,,,,,,,,,,,,,,,,,,,,,,,,,,,,
Data,12,record,timestamp,"944863864",s,position_lat,"390380137",semicircles,position_long,"-1398099135",semicircles,distance,"23459.17",m,altitude,"16.600000000000023",m,speed,"1.857",m/s,unknown,"0",,unknown,"100",,heart_rate,"138",bpm,cadence,"0",rpm,fractional_cadence,"0.0",rpm,enhanced_altitude,"16.600000000000023",m,enhanced_speed,"1.857",m/s,,,,,,,,,,,,,,,,,,,,,,,,,,,,,,,,,,,,,,,,,,,,,,,,,,,,,,,,,,,,,,,,,,,,,,,,,,,,,,,,,,,,,,,,,,,,,,,,,,,,,,,,,,,,,,,,,,,,,,,,,,,,,,,,,,,,,,,,,,,,,,,,,,,,,,,,,,,,,,,,,,,
Data,12,record,timestamp,"944863868",s,position_lat,"390380940",semicircles,position_long,"-1398099343",semicircles,distance,"23466.99",m,altitude,"16.600000000000023",m,speed,"1.754",m/s,unknown,"0",,unknown,"100",,heart_rate,"138",bpm,cadence,"0",rpm,fractional_cadence,"0.0",rpm,enhanced_altitude,"16.600000000000023",m,enhanced_speed,"1.754",m/s,,,,,,,,,,,,,,,,,,,,,,,,,,,,,,,,,,,,,,,,,,,,,,,,,,,,,,,,,,,,,,,,,,,,,,,,,,,,,,,,,,,,,,,,,,,,,,,,,,,,,,,,,,,,,,,,,,,,,,,,,,,,,,,,,,,,,,,,,,,,,,,,,,,,,,,,,,,,,,,,,,,
Data,12,record,timestamp,"944863869",s,position_lat,"390381031",semicircles,position_long,"-1398099506",semicircles,distance,"23468.51",m,altitude,"16.600000000000023",m,speed,"1.428",m/s,unknown,"0",,unknown,"100",,heart_rate,"138",bpm,cadence,"0",rpm,fractional_cadence,"0.0",rpm,enhanced_altitude,"16.600000000000023",m,enhanced_speed,"1.428",m/s,,,,,,,,,,,,,,,,,,,,,,,,,,,,,,,,,,,,,,,,,,,,,,,,,,,,,,,,,,,,,,,,,,,,,,,,,,,,,,,,,,,,,,,,,,,,,,,,,,,,,,,,,,,,,,,,,,,,,,,,,,,,,,,,,,,,,,,,,,,,,,,,,,,,,,,,,,,,,,,,,,,
Data,12,record,timestamp,"944863874",s,position_lat,"390380999",semicircles,position_long,"-1398100532",semicircles,distance,"23476.65",m,altitude,"16.200000000000045",m,speed,"1.67",m/s,unknown,"0",,unknown,"100",,heart_rate,"141",bpm,cadence,"0",rpm,fractional_cadence,"0.0",rpm,enhanced_altitude,"16.200000000000045",m,enhanced_speed,"1.67",m/s,,,,,,,,,,,,,,,,,,,,,,,,,,,,,,,,,,,,,,,,,,,,,,,,,,,,,,,,,,,,,,,,,,,,,,,,,,,,,,,,,,,,,,,,,,,,,,,,,,,,,,,,,,,,,,,,,,,,,,,,,,,,,,,,,,,,,,,,,,,,,,,,,,,,,,,,,,,,,,,,,,,
Data,12,record,timestamp,"944863876",s,position_lat,"390380976",semicircles,position_long,"-1398100974",semicircles,distance,"23480.13",m,altitude,"16.0",m,speed,"1.717",m/s,unknown,"0",,unknown,"100",,heart_rate,"142",bpm,cadence,"0",rpm,fractional_cadence,"0.0",rpm,enhanced_altitude,"16.0",m,enhanced_speed,"1.717",m/s,,,,,,,,,,,,,,,,,,,,,,,,,,,,,,,,,,,,,,,,,,,,,,,,,,,,,,,,,,,,,,,,,,,,,,,,,,,,,,,,,,,,,,,,,,,,,,,,,,,,,,,,,,,,,,,,,,,,,,,,,,,,,,,,,,,,,,,,,,,,,,,,,,,,,,,,,,,,,,,,,,,
Data,12,record,timestamp,"944863887",s,position_lat,"390380933",semicircles,position_long,"-1398103874",semicircles,distance,"23502.93",m,altitude,"15.799999999999955",m,speed,"2.146",m/s,unknown,"0",,unknown,"100",,heart_rate,"141",bpm,cadence,"0",rpm,fractional_cadence,"0.0",rpm,enhanced_altitude,"15.799999999999955",m,enhanced_speed,"2.146",m/s,,,,,,,,,,,,,,,,,,,,,,,,,,,,,,,,,,,,,,,,,,,,,,,,,,,,,,,,,,,,,,,,,,,,,,,,,,,,,,,,,,,,,,,,,,,,,,,,,,,,,,,,,,,,,,,,,,,,,,,,,,,,,,,,,,,,,,,,,,,,,,,,,,,,,,,,,,,,,,,,,,,
Data,12,record,timestamp,"944863894",s,position_lat,"390380768",semicircles,position_long,"-1398105976",semicircles,distance,"23519.55",m,altitude,"15.799999999999955",m,speed,"2.155",m/s,unknown,"0",,unknown,"100",,heart_rate,"140",bpm,cadence,"0",rpm,fractional_cadence,"0.0",rpm,enhanced_altitude,"15.799999999999955",m,enhanced_speed,"2.155",m/s,,,,,,,,,,,,,,,,,,,,,,,,,,,,,,,,,,,,,,,,,,,,,,,,,,,,,,,,,,,,,,,,,,,,,,,,,,,,,,,,,,,,,,,,,,,,,,,,,,,,,,,,,,,,,,,,,,,,,,,,,,,,,,,,,,,,,,,,,,,,,,,,,,,,,,,,,,,,,,,,,,,
Data,12,record,timestamp,"944863903",s,position_lat,"390380818",semicircles,position_long,"-1398108541",semicircles,distance,"23539.69",m,altitude,"15.799999999999955",m,speed,"1.474",m/s,unknown,"0",,unknown,"100",,heart_rate,"137",bpm,cadence,"0",rpm,fractional_cadence,"0.0",rpm,enhanced_altitude,"15.799999999999955",m,enhanced_speed,"1.474",m/s,,,,,,,,,,,,,,,,,,,,,,,,,,,,,,,,,,,,,,,,,,,,,,,,,,,,,,,,,,,,,,,,,,,,,,,,,,,,,,,,,,,,,,,,,,,,,,,,,,,,,,,,,,,,,,,,,,,,,,,,,,,,,,,,,,,,,,,,,,,,,,,,,,,,,,,,,,,,,,,,,,,
Data,12,record,timestamp,"944863908",s,position_lat,"390380878",semicircles,position_long,"-1398109772",semicircles,distance,"23549.39",m,altitude,"15.600000000000023",m,speed,"2.109",m/s,unknown,"0",,unknown,"100",,heart_rate,"139",bpm,cadence,"0",rpm,fractional_cadence,"0.0",rpm,enhanced_altitude,"15.600000000000023",m,enhanced_speed,"2.109",m/s,,,,,,,,,,,,,,,,,,,,,,,,,,,,,,,,,,,,,,,,,,,,,,,,,,,,,,,,,,,,,,,,,,,,,,,,,,,,,,,,,,,,,,,,,,,,,,,,,,,,,,,,,,,,,,,,,,,,,,,,,,,,,,,,,,,,,,,,,,,,,,,,,,,,,,,,,,,,,,,,,,,
Data,12,record,timestamp,"944863915",s,position_lat,"390380913",semicircles,position_long,"-1398112130",semicircles,distance,"23567.93",m,altitude,"15.600000000000023",m,speed,"2.715",m/s,unknown,"0",,unknown,"100",,heart_rate,"137",bpm,cadence,"0",rpm,fractional_cadence,"0.0",rpm,enhanced_altitude,"15.600000000000023",m,enhanced_speed,"2.715",m/s,,,,,,,,,,,,,,,,,,,,,,,,,,,,,,,,,,,,,,,,,,,,,,,,,,,,,,,,,,,,,,,,,,,,,,,,,,,,,,,,,,,,,,,,,,,,,,,,,,,,,,,,,,,,,,,,,,,,,,,,,,,,,,,,,,,,,,,,,,,,,,,,,,,,,,,,,,,,,,,,,,,
Data,12,record,timestamp,"944863920",s,position_lat,"390381027",semicircles,position_long,"-1398113622",semicircles,distance,"23579.72",m,altitude,"15.600000000000023",m,speed,"2.631",m/s,unknown,"0",,unknown,"100",,heart_rate,"137",bpm,cadence,"0",rpm,fractional_cadence,"0.0",rpm,enhanced_altitude,"15.600000000000023",m,enhanced_speed,"2.631",m/s,,,,,,,,,,,,,,,,,,,,,,,,,,,,,,,,,,,,,,,,,,,,,,,,,,,,,,,,,,,,,,,,,,,,,,,,,,,,,,,,,,,,,,,,,,,,,,,,,,,,,,,,,,,,,,,,,,,,,,,,,,,,,,,,,,,,,,,,,,,,,,,,,,,,,,,,,,,,,,,,,,,
Data,12,record,timestamp,"944863925",s,position_lat,"390381137",semicircles,position_long,"-1398115093",semicircles,distance,"23591.36",m,altitude,"15.799999999999955",m,speed,"1.708",m/s,unknown,"0",,unknown,"100",,heart_rate,"138",bpm,cadence,"0",rpm,fractional_cadence,"0.0",rpm,enhanced_altitude,"15.799999999999955",m,enhanced_speed,"1.708",m/s,,,,,,,,,,,,,,,,,,,,,,,,,,,,,,,,,,,,,,,,,,,,,,,,,,,,,,,,,,,,,,,,,,,,,,,,,,,,,,,,,,,,,,,,,,,,,,,,,,,,,,,,,,,,,,,,,,,,,,,,,,,,,,,,,,,,,,,,,,,,,,,,,,,,,,,,,,,,,,,,,,,
Data,12,record,timestamp,"944863929",s,position_lat,"390381331",semicircles,position_long,"-1398116187",semicircles,distance,"23600.18",m,altitude,"15.600000000000023",m,speed,"2.557",m/s,unknown,"0",,unknown,"100",,heart_rate,"141",bpm,cadence,"0",rpm,fractional_cadence,"0.0",rpm,enhanced_altitude,"15.600000000000023",m,enhanced_speed,"2.557",m/s,,,,,,,,,,,,,,,,,,,,,,,,,,,,,,,,,,,,,,,,,,,,,,,,,,,,,,,,,,,,,,,,,,,,,,,,,,,,,,,,,,,,,,,,,,,,,,,,,,,,,,,,,,,,,,,,,,,,,,,,,,,,,,,,,,,,,,,,,,,,,,,,,,,,,,,,,,,,,,,,,,,
Data,12,record,timestamp,"944863930",s,position_lat,"390381348",semicircles,position_long,"-1398116474",semicircles,distance,"23602.42",m,altitude,"15.600000000000023",m,speed,"2.23",m/s,unknown,"0",,unknown,"100",,heart_rate,"140",bpm,cadence,"0",rpm,fractional_cadence,"0.0",rpm,enhanced_altitude,"15.600000000000023",m,enhanced_speed,"2.23",m/s,,,,,,,,,,,,,,,,,,,,,,,,,,,,,,,,,,,,,,,,,,,,,,,,,,,,,,,,,,,,,,,,,,,,,,,,,,,,,,,,,,,,,,,,,,,,,,,,,,,,,,,,,,,,,,,,,,,,,,,,,,,,,,,,,,,,,,,,,,,,,,,,,,,,,,,,,,,,,,,,,,,
Data,12,record,timestamp,"944863936",s,position_lat,"390381628",semicircles,position_long,"-1398117905",semicircles,distance,"23613.98",m,altitude,"15.799999999999955",m,speed,"1.381",m/s,unknown,"0",,unknown,"100",,heart_rate,"144",bpm,cadence,"0",rpm,fractional_cadence,"0.0",rpm,enhanced_altitude,"15.799999999999955",m,enhanced_speed,"1.381",m/s,,,,,,,,,,,,,,,,,,,,,,,,,,,,,,,,,,,,,,,,,,,,,,,,,,,,,,,,,,,,,,,,,,,,,,,,,,,,,,,,,,,,,,,,,,,,,,,,,,,,,,,,,,,,,,,,,,,,,,,,,,,,,,,,,,,,,,,,,,,,,,,,,,,,,,,,,,,,,,,,,,,
Data,12,record,timestamp,"944863937",s,position_lat,"390381657",semicircles,position_long,"-1398118029",semicircles,distance,"23614.99",m,altitude,"15.799999999999955",m,speed,"0.952",m/s,unknown,"0",,unknown,"100",,heart_rate,"142",bpm,cadence,"0",rpm,fractional_cadence,"0.0",rpm,enhanced_altitude,"15.799999999999955",m,enhanced_speed,"0.952",m/s,,,,,,,,,,,,,,,,,,,,,,,,,,,,,,,,,,,,,,,,,,,,,,,,,,,,,,,,,,,,,,,,,,,,,,,,,,,,,,,,,,,,,,,,,,,,,,,,,,,,,,,,,,,,,,,,,,,,,,,,,,,,,,,,,,,,,,,,,,,,,,,,,,,,,,,,,,,,,,,,,,,
Data,12,record,timestamp,"944863942",s,position_lat,"390381657",semicircles,position_long,"-1398119283",semicircles,distance,"23624.92",m,altitude,"15.799999999999955",m,speed,"2.258",m/s,unknown,"0",,unknown,"100",,heart_rate,"143",bpm,cadence,"0",rpm,fractional_cadence,"0.0",rpm,enhanced_altitude,"15.799999999999955",m,enhanced_speed,"2.258",m/s,,,,,,,,,,,,,,,,,,,,,,,,,,,,,,,,,,,,,,,,,,,,,,,,,,,,,,,,,,,,,,,,,,,,,,,,,,,,,,,,,,,,,,,,,,,,,,,,,,,,,,,,,,,,,,,,,,,,,,,,,,,,,,,,,,,,,,,,,,,,,,,,,,,,,,,,,,,,,,,,,,,
Data,12,record,timestamp,"944863949",s,position_lat,"390381698",semicircles,position_long,"-1398120909",semicircles,distance,"23637.77",m,altitude,"16.0",m,speed,"1.717",m/s,unknown,"0",,unknown,"100",,heart_rate,"146",bpm,cadence,"0",rpm,fractional_cadence,"0.0",rpm,enhanced_altitude,"16.0",m,enhanced_speed,"1.717",m/s,,,,,,,,,,,,,,,,,,,,,,,,,,,,,,,,,,,,,,,,,,,,,,,,,,,,,,,,,,,,,,,,,,,,,,,,,,,,,,,,,,,,,,,,,,,,,,,,,,,,,,,,,,,,,,,,,,,,,,,,,,,,,,,,,,,,,,,,,,,,,,,,,,,,,,,,,,,,,,,,,,,
Data,12,record,timestamp,"944863955",s,position_lat,"390381883",semicircles,position_long,"-1398122635",semicircles,distance,"23651.54",m,altitude,"15.799999999999955",m,speed,"2.725",m/s,unknown,"0",,unknown,"100",,heart_rate,"144",bpm,cadence,"0",rpm,fractional_cadence,"0.0",rpm,enhanced_altitude,"15.799999999999955",m,enhanced_speed,"2.725",m/s,,,,,,,,,,,,,,,,,,,,,,,,,,,,,,,,,,,,,,,,,,,,,,,,,,,,,,,,,,,,,,,,,,,,,,,,,,,,,,,,,,,,,,,,,,,,,,,,,,,,,,,,,,,,,,,,,,,,,,,,,,,,,,,,,,,,,,,,,,,,,,,,,,,,,,,,,,,,,,,,,,,
Data,12,record,timestamp,"944863962",s,position_lat,"390381701",semicircles,position_long,"-1398124581",semicircles,distance,"23666.97",m,altitude,"15.600000000000023",m,speed,"2.025",m/s,unknown,"0",,unknown,"100",,heart_rate,"145",bpm,cadence,"0",rpm,fractional_cadence,"0.0",rpm,enhanced_altitude,"15.600000000000023",m,enhanced_speed,"2.025",m/s,,,,,,,,,,,,,,,,,,,,,,,,,,,,,,,,,,,,,,,,,,,,,,,,,,,,,,,,,,,,,,,,,,,,,,,,,,,,,,,,,,,,,,,,,,,,,,,,,,,,,,,,,,,,,,,,,,,,,,,,,,,,,,,,,,,,,,,,,,,,,,,,,,,,,,,,,,,,,,,,,,,
Data,12,record,timestamp,"944863967",s,position_lat,"390381529",semicircles,position_long,"-1398126121",semicircles,distance,"23679.17",m,altitude,"15.600000000000023",m,speed,"2.118",m/s,unknown,"0",,unknown,"100",,heart_rate,"143",bpm,cadence,"0",rpm,fractional_cadence,"0.0",rpm,enhanced_altitude,"15.600000000000023",m,enhanced_speed,"2.118",m/s,,,,,,,,,,,,,,,,,,,,,,,,,,,,,,,,,,,,,,,,,,,,,,,,,,,,,,,,,,,,,,,,,,,,,,,,,,,,,,,,,,,,,,,,,,,,,,,,,,,,,,,,,,,,,,,,,,,,,,,,,,,,,,,,,,,,,,,,,,,,,,,,,,,,,,,,,,,,,,,,,,,
Data,12,record,timestamp,"944863971",s,position_lat,"390381381",semicircles,position_long,"-1398127349",semicircles,distance,"23688.91",m,altitude,"15.399999999999977",m,speed,"2.603",m/s,unknown,"0",,unknown,"100",,heart_rate,"146",bpm,cadence,"0",rpm,fractional_cadence,"0.0",rpm,enhanced_altitude,"15.399999999999977",m,enhanced_speed,"2.603",m/s,,,,,,,,,,,,,,,,,,,,,,,,,,,,,,,,,,,,,,,,,,,,,,,,,,,,,,,,,,,,,,,,,,,,,,,,,,,,,,,,,,,,,,,,,,,,,,,,,,,,,,,,,,,,,,,,,,,,,,,,,,,,,,,,,,,,,,,,,,,,,,,,,,,,,,,,,,,,,,,,,,,
Data,12,record,timestamp,"944863975",s,position_lat,"390381154",semicircles,position_long,"-1398128725",semicircles,distance,"23699.95",m,altitude,"15.399999999999977",m,speed,"2.79",m/s,unknown,"0",,unknown,"100",,heart_rate,"144",bpm,cadence,"0",rpm,fractional_cadence,"0.0",rpm,enhanced_altitude,"15.399999999999977",m,enhanced_speed,"2.79",m/s,,,,,,,,,,,,,,,,,,,,,,,,,,,,,,,,,,,,,,,,,,,,,,,,,,,,,,,,,,,,,,,,,,,,,,,,,,,,,,,,,,,,,,,,,,,,,,,,,,,,,,,,,,,,,,,,,,,,,,,,,,,,,,,,,,,,,,,,,,,,,,,,,,,,,,,,,,,,,,,,,,,
Data,12,record,timestamp,"944863982",s,position_lat,"390380812",semicircles,position_long,"-1398131223",semicircles,distance,"23719.87",m,altitude,"15.399999999999977",m,speed,"2.948",m/s,unknown,"0",,unknown,"100",,heart_rate,"146",bpm,cadence,"0",rpm,fractional_cadence,"0.0",rpm,enhanced_altitude,"15.399999999999977",m,enhanced_speed,"2.948",m/s,,,,,,,,,,,,,,,,,,,,,,,,,,,,,,,,,,,,,,,,,,,,,,,,,,,,,,,,,,,,,,,,,,,,,,,,,,,,,,,,,,,,,,,,,,,,,,,,,,,,,,,,,,,,,,,,,,,,,,,,,,,,,,,,,,,,,,,,,,,,,,,,,,,,,,,,,,,,,,,,,,,
Data,12,record,timestamp,"944863988",s,position_lat,"390380074",semicircles,position_long,"-1398133291",semicircles,distance,"23737.66",m,altitude,"15.399999999999977",m,speed,"2.995",m/s,unknown,"0",,unknown,"100",,heart_rate,"146",bpm,cadence,"0",rpm,fractional_cadence,"0.0",rpm,enhanced_altitude,"15.399999999999977",m,enhanced_speed,"2.995",m/s,,,,,,,,,,,,,,,,,,,,,,,,,,,,,,,,,,,,,,,,,,,,,,,,,,,,,,,,,,,,,,,,,,,,,,,,,,,,,,,,,,,,,,,,,,,,,,,,,,,,,,,,,,,,,,,,,,,,,,,,,,,,,,,,,,,,,,,,,,,,,,,,,,,,,,,,,,,,,,,,,,,
Data,12,record,timestamp,"944863992",s,position_lat,"390379239",semicircles,position_long,"-1398134360",semicircles,distance,"23749.15",m,altitude,"15.399999999999977",m,speed,"2.491",m/s,unknown,"0",,unknown,"100",,heart_rate,"143",bpm,cadence,"0",rpm,fractional_cadence,"0.0",rpm,enhanced_altitude,"15.399999999999977",m,enhanced_speed,"2.491",m/s,,,,,,,,,,,,,,,,,,,,,,,,,,,,,,,,,,,,,,,,,,,,,,,,,,,,,,,,,,,,,,,,,,,,,,,,,,,,,,,,,,,,,,,,,,,,,,,,,,,,,,,,,,,,,,,,,,,,,,,,,,,,,,,,,,,,,,,,,,,,,,,,,,,,,,,,,,,,,,,,,,,
Data,12,record,timestamp,"944863994",s,position_lat,"390378726",semicircles,position_long,"-1398134681",semicircles,distance,"23754.55",m,altitude,"15.399999999999977",m,speed,"2.566",m/s,unknown,"0",,unknown,"100",,heart_rate,"143",bpm,cadence,"0",rpm,fractional_cadence,"0.0",rpm,enhanced_altitude,"15.399999999999977",m,enhanced_speed,"2.566",m/s,,,,,,,,,,,,,,,,,,,,,,,,,,,,,,,,,,,,,,,,,,,,,,,,,,,,,,,,,,,,,,,,,,,,,,,,,,,,,,,,,,,,,,,,,,,,,,,,,,,,,,,,,,,,,,,,,,,,,,,,,,,,,,,,,,,,,,,,,,,,,,,,,,,,,,,,,,,,,,,,,,,
Data,12,record,timestamp,"944863999",s,position_lat,"390377479",semicircles,position_long,"-1398134671",semicircles,distance,"23766.38",m,altitude,"15.399999999999977",m,speed,"2.426",m/s,unknown,"0",,unknown,"100",,heart_rate,"144",bpm,cadence,"0",rpm,fractional_cadence,"0.0",rpm,enhanced_altitude,"15.399999999999977",m,enhanced_speed,"2.426",m/s,,,,,,,,,,,,,,,,,,,,,,,,,,,,,,,,,,,,,,,,,,,,,,,,,,,,,,,,,,,,,,,,,,,,,,,,,,,,,,,,,,,,,,,,,,,,,,,,,,,,,,,,,,,,,,,,,,,,,,,,,,,,,,,,,,,,,,,,,,,,,,,,,,,,,,,,,,,,,,,,,,,
Data,12,record,timestamp,"944864005",s,position_lat,"390376080",semicircles,position_long,"-1398134254",semicircles,distance,"23779.83",m,altitude,"15.399999999999977",m,speed,"1.978",m/s,unknown,"0",,unknown,"100",,heart_rate,"141",bpm,cadence,"0",rpm,fractional_cadence,"0.0",rpm,enhanced_altitude,"15.399999999999977",m,enhanced_speed,"1.978",m/s,,,,,,,,,,,,,,,,,,,,,,,,,,,,,,,,,,,,,,,,,,,,,,,,,,,,,,,,,,,,,,,,,,,,,,,,,,,,,,,,,,,,,,,,,,,,,,,,,,,,,,,,,,,,,,,,,,,,,,,,,,,,,,,,,,,,,,,,,,,,,,,,,,,,,,,,,,,,,,,,,,,
Data,12,record,timestamp,"944864006",s,position_lat,"390375916",semicircles,position_long,"-1398134126",semicircles,distance,"23781.65",m,altitude,"15.399999999999977",m,speed,"1.409",m/s,unknown,"0",,unknown,"100",,heart_rate,"143",bpm,cadence,"0",rpm,fractional_cadence,"0.0",rpm,enhanced_altitude,"15.399999999999977",m,enhanced_speed,"1.409",m/s,,,,,,,,,,,,,,,,,,,,,,,,,,,,,,,,,,,,,,,,,,,,,,,,,,,,,,,,,,,,,,,,,,,,,,,,,,,,,,,,,,,,,,,,,,,,,,,,,,,,,,,,,,,,,,,,,,,,,,,,,,,,,,,,,,,,,,,,,,,,,,,,,,,,,,,,,,,,,,,,,,,
Data,12,record,timestamp,"944864012",s,position_lat,"390374689",semicircles,position_long,"-1398133222",semicircles,distance,"23795.1",m,altitude,"15.600000000000023",m,speed,"2.379",m/s,unknown,"0",,unknown,"100",,heart_rate,"145",bpm,cadence,"0",rpm,fractional_cadence,"0.0",rpm,enhanced_altitude,"15.600000000000023",m,enhanced_speed,"2.379",m/s,,,,,,,,,,,,,,,,,,,,,,,,,,,,,,,,,,,,,,,,,,,,,,,,,,,,,,,,,,,,,,,,,,,,,,,,,,,,,,,,,,,,,,,,,,,,,,,,,,,,,,,,,,,,,,,,,,,,,,,,,,,,,,,,,,,,,,,,,,,,,,,,,,,,,,,,,,,,,,,,,,,
Data,12,record,timestamp,"944864015",s,position_lat,"390374232",semicircles,position_long,"-1398132827",semicircles,distance,"23800.33",m,altitude,"15.600000000000023",m,speed,"1.185",m/s,unknown,"0",,unknown,"100",,heart_rate,"151",bpm,cadence,"0",rpm,fractional_cadence,"0.0",rpm,enhanced_altitude,"15.600000000000023",m,enhanced_speed,"1.185",m/s,,,,,,,,,,,,,,,,,,,,,,,,,,,,,,,,,,,,,,,,,,,,,,,,,,,,,,,,,,,,,,,,,,,,,,,,,,,,,,,,,,,,,,,,,,,,,,,,,,,,,,,,,,,,,,,,,,,,,,,,,,,,,,,,,,,,,,,,,,,,,,,,,,,,,,,,,,,,,,,,,,,
Data,12,record,timestamp,"944864016",s,position_lat,"390374109",semicircles,position_long,"-1398132721",semicircles,distance,"23801.73",m,altitude,"15.600000000000023",m,speed,"1.624",m/s,unknown,"0",,unknown,"100",,heart_rate,"154",bpm,cadence,"0",rpm,fractional_cadence,"0.0",rpm,enhanced_altitude,"15.600000000000023",m,enhanced_speed,"1.624",m/s,,,,,,,,,,,,,,,,,,,,,,,,,,,,,,,,,,,,,,,,,,,,,,,,,,,,,,,,,,,,,,,,,,,,,,,,,,,,,,,,,,,,,,,,,,,,,,,,,,,,,,,,,,,,,,,,,,,,,,,,,,,,,,,,,,,,,,,,,,,,,,,,,,,,,,,,,,,,,,,,,,,
Data,12,record,timestamp,"944864017",s,position_lat,"390373910",semicircles,position_long,"-1398132506",semicircles,distance,"23804.23",m,altitude,"15.600000000000023",m,speed,"2.379",m/s,unknown,"0",,unknown,"100",,heart_rate,"156",bpm,cadence,"0",rpm,fractional_cadence,"0.0",rpm,enhanced_altitude,"15.600000000000023",m,enhanced_speed,"2.379",m/s,,,,,,,,,,,,,,,,,,,,,,,,,,,,,,,,,,,,,,,,,,,,,,,,,,,,,,,,,,,,,,,,,,,,,,,,,,,,,,,,,,,,,,,,,,,,,,,,,,,,,,,,,,,,,,,,,,,,,,,,,,,,,,,,,,,,,,,,,,,,,,,,,,,,,,,,,,,,,,,,,,,
Data,12,record,timestamp,"944864019",s,position_lat,"390373561",semicircles,position_long,"-1398132146",semicircles,distance,"23808.53",m,altitude,"15.399999999999977",m,speed,"1.885",m/s,unknown,"0",,unknown,"100",,heart_rate,"162",bpm,cadence,"0",rpm,fractional_cadence,"0.0",rpm,enhanced_altitude,"15.399999999999977",m,enhanced_speed,"1.885",m/s,,,,,,,,,,,,,,,,,,,,,,,,,,,,,,,,,,,,,,,,,,,,,,,,,,,,,,,,,,,,,,,,,,,,,,,,,,,,,,,,,,,,,,,,,,,,,,,,,,,,,,,,,,,,,,,,,,,,,,,,,,,,,,,,,,,,,,,,,,,,,,,,,,,,,,,,,,,,,,,,,,,
Data,12,record,timestamp,"944864020",s,position_lat,"390373385",semicircles,position_long,"-1398132011",semicircles,distance,"23810.48",m,altitude,"15.399999999999977",m,speed,"1.754",m/s,unknown,"0",,unknown,"100",,heart_rate,"165",bpm,cadence,"0",rpm,fractional_cadence,"0.0",rpm,enhanced_altitude,"15.399999999999977",m,enhanced_speed,"1.754",m/s,,,,,,,,,,,,,,,,,,,,,,,,,,,,,,,,,,,,,,,,,,,,,,,,,,,,,,,,,,,,,,,,,,,,,,,,,,,,,,,,,,,,,,,,,,,,,,,,,,,,,,,,,,,,,,,,,,,,,,,,,,,,,,,,,,,,,,,,,,,,,,,,,,,,,,,,,,,,,,,,,,,
Data,12,record,timestamp,"944864021",s,position_lat,"390373222",semicircles,position_long,"-1398131953",semicircles,distance,"23812.03",m,altitude,"15.399999999999977",m,speed,"1.558",m/s,unknown,"0",,unknown,"100",,heart_rate,"166",bpm,cadence,"55",rpm,fractional_cadence,"0.5",rpm,enhanced_altitude,"15.399999999999977",m,enhanced_speed,"1.558",m/s,,,,,,,,,,,,,,,,,,,,,,,,,,,,,,,,,,,,,,,,,,,,,,,,,,,,,,,,,,,,,,,,,,,,,,,,,,,,,,,,,,,,,,,,,,,,,,,,,,,,,,,,,,,,,,,,,,,,,,,,,,,,,,,,,,,,,,,,,,,,,,,,,,,,,,,,,,,,,,,,,,,
Data,12,record,timestamp,"944864022",s,position_lat,"390373091",semicircles,position_long,"-1398131904",semicircles,distance,"23813.31",m,altitude,"15.399999999999977",m,speed,"1.4",m/s,unknown,"0",,unknown,"100",,heart_rate,"168",bpm,cadence,"55",rpm,fractional_cadence,"0.5",rpm,enhanced_altitude,"15.399999999999977",m,enhanced_speed,"1.4",m/s,,,,,,,,,,,,,,,,,,,,,,,,,,,,,,,,,,,,,,,,,,,,,,,,,,,,,,,,,,,,,,,,,,,,,,,,,,,,,,,,,,,,,,,,,,,,,,,,,,,,,,,,,,,,,,,,,,,,,,,,,,,,,,,,,,,,,,,,,,,,,,,,,,,,,,,,,,,,,,,,,,,
Data,12,record,timestamp,"944864024",s,position_lat,"390372658",semicircles,position_long,"-1398131677",semicircles,distance,"23817.7",m,altitude,"15.399999999999977",m,speed,"2.51",m/s,unknown,"0",,unknown,"100",,heart_rate,"173",bpm,cadence,"0",rpm,fractional_cadence,"0.0",rpm,enhanced_altitude,"15.399999999999977",m,enhanced_speed,"2.51",m/s,,,,,,,,,,,,,,,,,,,,,,,,,,,,,,,,,,,,,,,,,,,,,,,,,,,,,,,,,,,,,,,,,,,,,,,,,,,,,,,,,,,,,,,,,,,,,,,,,,,,,,,,,,,,,,,,,,,,,,,,,,,,,,,,,,,,,,,,,,,,,,,,,,,,,,,,,,,,,,,,,,,
Data,12,record,timestamp,"944864027",s,position_lat,"390372076",semicircles,position_long,"-1398131389",semicircles,distance,"23823.56",m,altitude,"15.399999999999977",m,speed,"1.614",m/s,unknown,"0",,unknown,"100",,heart_rate,"170",bpm,cadence,"0",rpm,fractional_cadence,"0.0",rpm,enhanced_altitude,"15.399999999999977",m,enhanced_speed,"1.614",m/s,,,,,,,,,,,,,,,,,,,,,,,,,,,,,,,,,,,,,,,,,,,,,,,,,,,,,,,,,,,,,,,,,,,,,,,,,,,,,,,,,,,,,,,,,,,,,,,,,,,,,,,,,,,,,,,,,,,,,,,,,,,,,,,,,,,,,,,,,,,,,,,,,,,,,,,,,,,,,,,,,,,
Data,12,record,timestamp,"944864031",s,position_lat,"390371509",semicircles,position_long,"-1398131135",semicircles,distance,"23829.22",m,altitude,"15.200000000000045",m,speed,"1.437",m/s,unknown,"0",,unknown,"100",,heart_rate,"167",bpm,cadence,"79",rpm,fractional_cadence,"0.5",rpm,enhanced_altitude,"15.200000000000045",m,enhanced_speed,"1.437",m/s,,,,,,,,,,,,,,,,,,,,,,,,,,,,,,,,,,,,,,,,,,,,,,,,,,,,,,,,,,,,,,,,,,,,,,,,,,,,,,,,,,,,,,,,,,,,,,,,,,,,,,,,,,,,,,,,,,,,,,,,,,,,,,,,,,,,,,,,,,,,,,,,,,,,,,,,,,,,,,,,,,,
Data,12,record,timestamp,"944864033",s,position_lat,"390371244",semicircles,position_long,"-1398130961",semicircles,distance,"23832.03",m,altitude,"15.200000000000045",m,speed,"1.232",m/s,unknown,"0",,unknown,"100",,heart_rate,"167",bpm,cadence,"0",rpm,fractional_cadence,"0.0",rpm,enhanced_altitude,"15.200000000000045",m,enhanced_speed,"1.232",m/s,,,,,,,,,,,,,,,,,,,,,,,,,,,,,,,,,,,,,,,,,,,,,,,,,,,,,,,,,,,,,,,,,,,,,,,,,,,,,,,,,,,,,,,,,,,,,,,,,,,,,,,,,,,,,,,,,,,,,,,,,,,,,,,,,,,,,,,,,,,,,,,,,,,,,,,,,,,,,,,,,,,
Data,12,record,timestamp,"944864034",s,position_lat,"390371085",semicircles,position_long,"-1398130947",semicircles,distance,"23833.52",m,altitude,"15.200000000000045",m,speed,"1.372",m/s,unknown,"0",,unknown,"100",,heart_rate,"167",bpm,cadence,"0",rpm,fractional_cadence,"0.0",rpm,enhanced_altitude,"15.200000000000045",m,enhanced_speed,"1.372",m/s,,,,,,,,,,,,,,,,,,,,,,,,,,,,,,,,,,,,,,,,,,,,,,,,,,,,,,,,,,,,,,,,,,,,,,,,,,,,,,,,,,,,,,,,,,,,,,,,,,,,,,,,,,,,,,,,,,,,,,,,,,,,,,,,,,,,,,,,,,,,,,,,,,,,,,,,,,,,,,,,,,,
Data,12,record,timestamp,"944864040",s,position_lat,"390370062",semicircles,position_long,"-1398130721",semicircles,distance,"23843.2",m,altitude,"15.200000000000045",m,speed,"1.586",m/s,unknown,"0",,unknown,"100",,heart_rate,"167",bpm,cadence,"0",rpm,fractional_cadence,"0.0",rpm,enhanced_altitude,"15.200000000000045",m,enhanced_speed,"1.586",m/s,,,,,,,,,,,,,,,,,,,,,,,,,,,,,,,,,,,,,,,,,,,,,,,,,,,,,,,,,,,,,,,,,,,,,,,,,,,,,,,,,,,,,,,,,,,,,,,,,,,,,,,,,,,,,,,,,,,,,,,,,,,,,,,,,,,,,,,,,,,,,,,,,,,,,,,,,,,,,,,,,,,
Data,12,record,timestamp,"944864044",s,position_lat,"390369438",semicircles,position_long,"-1398130533",semicircles,distance,"23849.21",m,altitude,"15.200000000000045",m,speed,"1.372",m/s,unknown,"0",,unknown,"100",,heart_rate,"164",bpm,cadence,"0",rpm,fractional_cadence,"0.0",rpm,enhanced_altitude,"15.200000000000045",m,enhanced_speed,"1.372",m/s,,,,,,,,,,,,,,,,,,,,,,,,,,,,,,,,,,,,,,,,,,,,,,,,,,,,,,,,,,,,,,,,,,,,,,,,,,,,,,,,,,,,,,,,,,,,,,,,,,,,,,,,,,,,,,,,,,,,,,,,,,,,,,,,,,,,,,,,,,,,,,,,,,,,,,,,,,,,,,,,,,,
Data,12,record,timestamp,"944864048",s,position_lat,"390368826",semicircles,position_long,"-1398130512",semicircles,distance,"23854.9",m,altitude,"15.200000000000045",m,speed,"1.334",m/s,unknown,"0",,unknown,"100",,heart_rate,"164",bpm,cadence,"64",rpm,fractional_cadence,"0.0",rpm,enhanced_altitude,"15.200000000000045",m,enhanced_speed,"1.334",m/s,,,,,,,,,,,,,,,,,,,,,,,,,,,,,,,,,,,,,,,,,,,,,,,,,,,,,,,,,,,,,,,,,,,,,,,,,,,,,,,,,,,,,,,,,,,,,,,,,,,,,,,,,,,,,,,,,,,,,,,,,,,,,,,,,,,,,,,,,,,,,,,,,,,,,,,,,,,,,,,,,,,
Data,12,record,timestamp,"944864053",s,position_lat,"390368341",semicircles,position_long,"-1398130567",semicircles,distance,"23859.34",m,altitude,"15.200000000000045",m,speed,"0.569",m/s,unknown,"0",,unknown,"100",,heart_rate,"161",bpm,cadence,"0",rpm,fractional_cadence,"0.0",rpm,enhanced_altitude,"15.200000000000045",m,enhanced_speed,"0.569",m/s,,,,,,,,,,,,,,,,,,,,,,,,,,,,,,,,,,,,,,,,,,,,,,,,,,,,,,,,,,,,,,,,,,,,,,,,,,,,,,,,,,,,,,,,,,,,,,,,,,,,,,,,,,,,,,,,,,,,,,,,,,,,,,,,,,,,,,,,,,,,,,,,,,,,,,,,,,,,,,,,,,,
Data,12,record,timestamp,"944864055",s,position_lat,"390368106",semicircles,position_long,"-1398130613",semicircles,distance,"23861.56",m,altitude,"15.0",m,speed,"0.989",m/s,unknown,"0",,unknown,"100",,heart_rate,"161",bpm,cadence,"0",rpm,fractional_cadence,"0.0",rpm,enhanced_altitude,"15.0",m,enhanced_speed,"0.989",m/s,,,,,,,,,,,,,,,,,,,,,,,,,,,,,,,,,,,,,,,,,,,,,,,,,,,,,,,,,,,,,,,,,,,,,,,,,,,,,,,,,,,,,,,,,,,,,,,,,,,,,,,,,,,,,,,,,,,,,,,,,,,,,,,,,,,,,,,,,,,,,,,,,,,,,,,,,,,,,,,,,,,
Data,12,record,timestamp,"944864065",s,position_lat,"390366871",semicircles,position_long,"-1398130997",semicircles,distance,"23873.43",m,altitude,"15.399999999999977",m,speed,"1.437",m/s,unknown,"0",,unknown,"100",,heart_rate,"158",bpm,cadence,"0",rpm,fractional_cadence,"0.0",rpm,enhanced_altitude,"15.399999999999977",m,enhanced_speed,"1.437",m/s,,,,,,,,,,,,,,,,,,,,,,,,,,,,,,,,,,,,,,,,,,,,,,,,,,,,,,,,,,,,,,,,,,,,,,,,,,,,,,,,,,,,,,,,,,,,,,,,,,,,,,,,,,,,,,,,,,,,,,,,,,,,,,,,,,,,,,,,,,,,,,,,,,,,,,,,,,,,,,,,,,,
Data,12,record,timestamp,"944864067",s,position_lat,"390366563",semicircles,position_long,"-1398131100",semicircles,distance,"23876.4",m,altitude,"15.399999999999977",m,speed,"1.493",m/s,unknown,"0",,unknown,"100",,heart_rate,"157",bpm,cadence,"0",rpm,fractional_cadence,"0.0",rpm,enhanced_altitude,"15.399999999999977",m,enhanced_speed,"1.493",m/s,,,,,,,,,,,,,,,,,,,,,,,,,,,,,,,,,,,,,,,,,,,,,,,,,,,,,,,,,,,,,,,,,,,,,,,,,,,,,,,,,,,,,,,,,,,,,,,,,,,,,,,,,,,,,,,,,,,,,,,,,,,,,,,,,,,,,,,,,,,,,,,,,,,,,,,,,,,,,,,,,,,
Data,12,record,timestamp,"944864070",s,position_lat,"390366129",semicircles,position_long,"-1398131209",semicircles,distance,"23880.53",m,altitude,"15.399999999999977",m,speed,"1.456",m/s,unknown,"0",,unknown,"100",,heart_rate,"154",bpm,cadence,"0",rpm,fractional_cadence,"0.0",rpm,enhanced_altitude,"15.399999999999977",m,enhanced_speed,"1.456",m/s,,,,,,,,,,,,,,,,,,,,,,,,,,,,,,,,,,,,,,,,,,,,,,,,,,,,,,,,,,,,,,,,,,,,,,,,,,,,,,,,,,,,,,,,,,,,,,,,,,,,,,,,,,,,,,,,,,,,,,,,,,,,,,,,,,,,,,,,,,,,,,,,,,,,,,,,,,,,,,,,,,,
Data,12,record,timestamp,"944864075",s,position_lat,"390365112",semicircles,position_long,"-1398131333",semicircles,distance,"23890.03",m,altitude,"15.399999999999977",m,speed,"1.773",m/s,unknown,"0",,unknown,"300",,heart_rate,"153",bpm,cadence,"0",rpm,fractional_cadence,"0.0",rpm,enhanced_altitude,"15.399999999999977",m,enhanced_speed,"1.773",m/s,,,,,,,,,,,,,,,,,,,,,,,,,,,,,,,,,,,,,,,,,,,,,,,,,,,,,,,,,,,,,,,,,,,,,,,,,,,,,,,,,,,,,,,,,,,,,,,,,,,,,,,,,,,,,,,,,,,,,,,,,,,,,,,,,,,,,,,,,,,,,,,,,,,,,,,,,,,,,,,,,,,
Data,12,record,timestamp,"944864081",s,position_lat,"390364282",semicircles,position_long,"-1398131582",semicircles,distance,"23897.99",m,altitude,"15.200000000000045",m,speed,"1.698",m/s,unknown,"0",,unknown,"100",,heart_rate,"150",bpm,cadence,"0",rpm,fractional_cadence,"0.0",rpm,enhanced_altitude,"15.200000000000045",m,enhanced_speed,"1.698",m/s,,,,,,,,,,,,,,,,,,,,,,,,,,,,,,,,,,,,,,,,,,,,,,,,,,,,,,,,,,,,,,,,,,,,,,,,,,,,,,,,,,,,,,,,,,,,,,,,,,,,,,,,,,,,,,,,,,,,,,,,,,,,,,,,,,,,,,,,,,,,,,,,,,,,,,,,,,,,,,,,,,,
Data,12,record,timestamp,"944864083",s,position_lat,"390364032",semicircles,position_long,"-1398131684",semicircles,distance,"23900.39",m,altitude,"15.200000000000045",m,speed,"1.493",m/s,unknown,"0",,unknown,"100",,heart_rate,"150",bpm,cadence,"0",rpm,fractional_cadence,"0.0",rpm,enhanced_altitude,"15.200000000000045",m,enhanced_speed,"1.493",m/s,,,,,,,,,,,,,,,,,,,,,,,,,,,,,,,,,,,,,,,,,,,,,,,,,,,,,,,,,,,,,,,,,,,,,,,,,,,,,,,,,,,,,,,,,,,,,,,,,,,,,,,,,,,,,,,,,,,,,,,,,,,,,,,,,,,,,,,,,,,,,,,,,,,,,,,,,,,,,,,,,,,
Data,12,record,timestamp,"944864090",s,position_lat,"390362911",semicircles,position_long,"-1398131890",semicircles,distance,"23910.98",m,altitude,"15.0",m,speed,"1.316",m/s,unknown,"0",,unknown,"100",,heart_rate,"149",bpm,cadence,"0",rpm,fractional_cadence,"0.0",rpm,enhanced_altitude,"15.0",m,enhanced_speed,"1.316",m/s,,,,,,,,,,,,,,,,,,,,,,,,,,,,,,,,,,,,,,,,,,,,,,,,,,,,,,,,,,,,,,,,,,,,,,,,,,,,,,,,,,,,,,,,,,,,,,,,,,,,,,,,,,,,,,,,,,,,,,,,,,,,,,,,,,,,,,,,,,,,,,,,,,,,,,,,,,,,,,,,,,,
Data,12,record,timestamp,"944864094",s,position_lat,"390362507",semicircles,position_long,"-1398131779",semicircles,distance,"23914.82",m,altitude,"15.0",m,speed,"1.017",m/s,unknown,"0",,unknown,"100",,heart_rate,"150",bpm,cadence,"0",rpm,fractional_cadence,"0.0",rpm,enhanced_altitude,"15.0",m,enhanced_speed,"1.017",m/s,,,,,,,,,,,,,,,,,,,,,,,,,,,,,,,,,,,,,,,,,,,,,,,,,,,,,,,,,,,,,,,,,,,,,,,,,,,,,,,,,,,,,,,,,,,,,,,,,,,,,,,,,,,,,,,,,,,,,,,,,,,,,,,,,,,,,,,,,,,,,,,,,,,,,,,,,,,,,,,,,,,
Data,12,record,timestamp,"944864097",s,position_lat,"390362188",semicircles,position_long,"-1398131672",semicircles,distance,"23917.89",m,altitude,"15.200000000000045",m,speed,"1.101",m/s,unknown,"0",,unknown,"100",,heart_rate,"150",bpm,cadence,"0",rpm,fractional_cadence,"0.0",rpm,enhanced_altitude,"15.200000000000045",m,enhanced_speed,"1.101",m/s,,,,,,,,,,,,,,,,,,,,,,,,,,,,,,,,,,,,,,,,,,,,,,,,,,,,,,,,,,,,,,,,,,,,,,,,,,,,,,,,,,,,,,,,,,,,,,,,,,,,,,,,,,,,,,,,,,,,,,,,,,,,,,,,,,,,,,,,,,,,,,,,,,,,,,,,,,,,,,,,,,,
Data,12,record,timestamp,"944864105",s,position_lat,"390361182",semicircles,position_long,"-1398131617",semicircles,distance,"23927.32",m,altitude,"15.200000000000045",m,speed,"1.26",m/s,unknown,"0",,unknown,"100",,heart_rate,"148",bpm,cadence,"0",rpm,fractional_cadence,"0.0",rpm,enhanced_altitude,"15.200000000000045",m,enhanced_speed,"1.26",m/s,,,,,,,,,,,,,,,,,,,,,,,,,,,,,,,,,,,,,,,,,,,,,,,,,,,,,,,,,,,,,,,,,,,,,,,,,,,,,,,,,,,,,,,,,,,,,,,,,,,,,,,,,,,,,,,,,,,,,,,,,,,,,,,,,,,,,,,,,,,,,,,,,,,,,,,,,,,,,,,,,,,
Data,12,record,timestamp,"944864115",s,position_lat,"390359793",semicircles,position_long,"-1398132101",semicircles,distance,"23940.81",m,altitude,"15.200000000000045",m,speed,"1.521",m/s,unknown,"0",,unknown,"100",,heart_rate,"148",bpm,cadence,"0",rpm,fractional_cadence,"0.0",rpm,enhanced_altitude,"15.200000000000045",m,enhanced_speed,"1.521",m/s,,,,,,,,,,,,,,,,,,,,,,,,,,,,,,,,,,,,,,,,,,,,,,,,,,,,,,,,,,,,,,,,,,,,,,,,,,,,,,,,,,,,,,,,,,,,,,,,,,,,,,,,,,,,,,,,,,,,,,,,,,,,,,,,,,,,,,,,,,,,,,,,,,,,,,,,,,,,,,,,,,,
Data,12,record,timestamp,"944864124",s,position_lat,"390358337",semicircles,position_long,"-1398132535",semicircles,distance,"23954.85",m,altitude,"15.0",m,speed,"1.502",m/s,unknown,"0",,unknown,"300",,heart_rate,"146",bpm,cadence,"0",rpm,fractional_cadence,"0.0",rpm,enhanced_altitude,"15.0",m,enhanced_speed,"1.502",m/s,,,,,,,,,,,,,,,,,,,,,,,,,,,,,,,,,,,,,,,,,,,,,,,,,,,,,,,,,,,,,,,,,,,,,,,,,,,,,,,,,,,,,,,,,,,,,,,,,,,,,,,,,,,,,,,,,,,,,,,,,,,,,,,,,,,,,,,,,,,,,,,,,,,,,,,,,,,,,,,,,,,
Data,12,record,timestamp,"944864130",s,position_lat,"390357261",semicircles,position_long,"-1398132786",semicircles,distance,"23965.03",m,altitude,"15.0",m,speed,"1.717",m/s,unknown,"0",,unknown,"100",,heart_rate,"143",bpm,cadence,"0",rpm,fractional_cadence,"0.0",rpm,enhanced_altitude,"15.0",m,enhanced_speed,"1.717",m/s,,,,,,,,,,,,,,,,,,,,,,,,,,,,,,,,,,,,,,,,,,,,,,,,,,,,,,,,,,,,,,,,,,,,,,,,,,,,,,,,,,,,,,,,,,,,,,,,,,,,,,,,,,,,,,,,,,,,,,,,,,,,,,,,,,,,,,,,,,,,,,,,,,,,,,,,,,,,,,,,,,,
Data,12,record,timestamp,"944864132",s,position_lat,"390356895",semicircles,position_long,"-1398132921",semicircles,distance,"23968.59",m,altitude,"15.0",m,speed,"1.726",m/s,unknown,"0",,unknown,"100",,heart_rate,"146",bpm,cadence,"0",rpm,fractional_cadence,"0.0",rpm,enhanced_altitude,"15.0",m,enhanced_speed,"1.726",m/s,,,,,,,,,,,,,,,,,,,,,,,,,,,,,,,,,,,,,,,,,,,,,,,,,,,,,,,,,,,,,,,,,,,,,,,,,,,,,,,,,,,,,,,,,,,,,,,,,,,,,,,,,,,,,,,,,,,,,,,,,,,,,,,,,,,,,,,,,,,,,,,,,,,,,,,,,,,,,,,,,,,
Data,12,record,timestamp,"944864134",s,position_lat,"390356499",semicircles,position_long,"-1398133050",semicircles,distance,"23972.41",m,altitude,"15.0",m,speed,"1.931",m/s,unknown,"0",,unknown,"100",,heart_rate,"144",bpm,cadence,"0",rpm,fractional_cadence,"0.0",rpm,enhanced_altitude,"15.0",m,enhanced_speed,"1.931",m/s,,,,,,,,,,,,,,,,,,,,,,,,,,,,,,,,,,,,,,,,,,,,,,,,,,,,,,,,,,,,,,,,,,,,,,,,,,,,,,,,,,,,,,,,,,,,,,,,,,,,,,,,,,,,,,,,,,,,,,,,,,,,,,,,,,,,,,,,,,,,,,,,,,,,,,,,,,,,,,,,,,,
Data,12,record,timestamp,"944864142",s,position_lat,"390354957",semicircles,position_long,"-1398133494",semicircles,distance,"23987.22",m,altitude,"15.200000000000045",m,speed,"2.053",m/s,unknown,"0",,unknown,"100",,heart_rate,"143",bpm,cadence,"0",rpm,fractional_cadence,"0.0",rpm,enhanced_altitude,"15.200000000000045",m,enhanced_speed,"2.053",m/s,,,,,,,,,,,,,,,,,,,,,,,,,,,,,,,,,,,,,,,,,,,,,,,,,,,,,,,,,,,,,,,,,,,,,,,,,,,,,,,,,,,,,,,,,,,,,,,,,,,,,,,,,,,,,,,,,,,,,,,,,,,,,,,,,,,,,,,,,,,,,,,,,,,,,,,,,,,,,,,,,,,
Data,12,record,timestamp,"944864150",s,position_lat,"390353351",semicircles,position_long,"-1398133704",semicircles,distance,"24002.26",m,altitude,"15.200000000000045",m,speed,"2.025",m/s,unknown,"0",,unknown,"100",,heart_rate,"141",bpm,cadence,"0",rpm,fractional_cadence,"0.0",rpm,enhanced_altitude,"15.200000000000045",m,enhanced_speed,"2.025",m/s,,,,,,,,,,,,,,,,,,,,,,,,,,,,,,,,,,,,,,,,,,,,,,,,,,,,,,,,,,,,,,,,,,,,,,,,,,,,,,,,,,,,,,,,,,,,,,,,,,,,,,,,,,,,,,,,,,,,,,,,,,,,,,,,,,,,,,,,,,,,,,,,,,,,,,,,,,,,,,,,,,,
Data,12,record,timestamp,"944864159",s,position_lat,"390351292",semicircles,position_long,"-1398133844",semicircles,distance,"24021.44",m,altitude,"15.200000000000045",m,speed,"2.043",m/s,unknown,"0",,unknown,"100",,heart_rate,"138",bpm,cadence,"0",rpm,fractional_cadence,"0.0",rpm,enhanced_altitude,"15.200000000000045",m,enhanced_speed,"2.043",m/s,,,,,,,,,,,,,,,,,,,,,,,,,,,,,,,,,,,,,,,,,,,,,,,,,,,,,,,,,,,,,,,,,,,,,,,,,,,,,,,,,,,,,,,,,,,,,,,,,,,,,,,,,,,,,,,,,,,,,,,,,,,,,,,,,,,,,,,,,,,,,,,,,,,,,,,,,,,,,,,,,,,
Data,12,record,timestamp,"944864168",s,position_lat,"390349349",semicircles,position_long,"-1398133920",semicircles,distance,"24039.56",m,altitude,"15.200000000000045",m,speed,"1.913",m/s,unknown,"0",,unknown,"100",,heart_rate,"138",bpm,cadence,"0",rpm,fractional_cadence,"0.0",rpm,enhanced_altitude,"15.200000000000045",m,enhanced_speed,"1.913",m/s,,,,,,,,,,,,,,,,,,,,,,,,,,,,,,,,,,,,,,,,,,,,,,,,,,,,,,,,,,,,,,,,,,,,,,,,,,,,,,,,,,,,,,,,,,,,,,,,,,,,,,,,,,,,,,,,,,,,,,,,,,,,,,,,,,,,,,,,,,,,,,,,,,,,,,,,,,,,,,,,,,,
Data,12,record,timestamp,"944864174",s,position_lat,"390348044",semicircles,position_long,"-1398133389",semicircles,distance,"24052.37",m,altitude,"15.200000000000045",m,speed,"2.081",m/s,unknown,"0",,unknown,"100",,heart_rate,"138",bpm,cadence,"0",rpm,fractional_cadence,"0.0",rpm,enhanced_altitude,"15.200000000000045",m,enhanced_speed,"2.081",m/s,,,,,,,,,,,,,,,,,,,,,,,,,,,,,,,,,,,,,,,,,,,,,,,,,,,,,,,,,,,,,,,,,,,,,,,,,,,,,,,,,,,,,,,,,,,,,,,,,,,,,,,,,,,,,,,,,,,,,,,,,,,,,,,,,,,,,,,,,,,,,,,,,,,,,,,,,,,,,,,,,,,
Data,12,record,timestamp,"944864179",s,position_lat,"390347004",semicircles,position_long,"-1398132896",semicircles,distance,"24062.79",m,altitude,"15.200000000000045",m,speed,"1.875",m/s,unknown,"0",,unknown,"100",,heart_rate,"135",bpm,cadence,"0",rpm,fractional_cadence,"0.0",rpm,enhanced_altitude,"15.200000000000045",m,enhanced_speed,"1.875",m/s,,,,,,,,,,,,,,,,,,,,,,,,,,,,,,,,,,,,,,,,,,,,,,,,,,,,,,,,,,,,,,,,,,,,,,,,,,,,,,,,,,,,,,,,,,,,,,,,,,,,,,,,,,,,,,,,,,,,,,,,,,,,,,,,,,,,,,,,,,,,,,,,,,,,,,,,,,,,,,,,,,,
Data,12,record,timestamp,"944864183",s,position_lat,"390346222",semicircles,position_long,"-1398132295",semicircles,distance,"24071.45",m,altitude,"15.200000000000045",m,speed,"2.099",m/s,unknown,"0",,unknown,"100",,heart_rate,"136",bpm,cadence,"0",rpm,fractional_cadence,"0.0",rpm,enhanced_altitude,"15.200000000000045",m,enhanced_speed,"2.099",m/s,,,,,,,,,,,,,,,,,,,,,,,,,,,,,,,,,,,,,,,,,,,,,,,,,,,,,,,,,,,,,,,,,,,,,,,,,,,,,,,,,,,,,,,,,,,,,,,,,,,,,,,,,,,,,,,,,,,,,,,,,,,,,,,,,,,,,,,,,,,,,,,,,,,,,,,,,,,,,,,,,,,
Data,12,record,timestamp,"944864189",s,position_lat,"390345044",semicircles,position_long,"-1398131464",semicircles,distance,"24084.2",m,altitude,"15.0",m,speed,"2.062",m/s,unknown,"0",,unknown,"100",,heart_rate,"132",bpm,cadence,"0",rpm,fractional_cadence,"0.0",rpm,enhanced_altitude,"15.0",m,enhanced_speed,"2.062",m/s,,,,,,,,,,,,,,,,,,,,,,,,,,,,,,,,,,,,,,,,,,,,,,,,,,,,,,,,,,,,,,,,,,,,,,,,,,,,,,,,,,,,,,,,,,,,,,,,,,,,,,,,,,,,,,,,,,,,,,,,,,,,,,,,,,,,,,,,,,,,,,,,,,,,,,,,,,,,,,,,,,,
Data,12,record,timestamp,"944864194",s,position_lat,"390344051",semicircles,position_long,"-1398130790",semicircles,distance,"24094.84",m,altitude,"15.0",m,speed,"1.922",m/s,unknown,"0",,unknown,"100",,heart_rate,"134",bpm,cadence,"0",rpm,fractional_cadence,"0.0",rpm,enhanced_altitude,"15.0",m,enhanced_speed,"1.922",m/s,,,,,,,,,,,,,,,,,,,,,,,,,,,,,,,,,,,,,,,,,,,,,,,,,,,,,,,,,,,,,,,,,,,,,,,,,,,,,,,,,,,,,,,,,,,,,,,,,,,,,,,,,,,,,,,,,,,,,,,,,,,,,,,,,,,,,,,,,,,,,,,,,,,,,,,,,,,,,,,,,,,
Data,12,record,timestamp,"944864204",s,position_lat,"390342207",semicircles,position_long,"-1398129634",semicircles,distance,"24114.24",m,altitude,"15.0",m,speed,"1.913",m/s,unknown,"0",,unknown,"100",,heart_rate,"131",bpm,cadence,"0",rpm,fractional_cadence,"0.0",rpm,enhanced_altitude,"15.0",m,enhanced_speed,"1.913",m/s,,,,,,,,,,,,,,,,,,,,,,,,,,,,,,,,,,,,,,,,,,,,,,,,,,,,,,,,,,,,,,,,,,,,,,,,,,,,,,,,,,,,,,,,,,,,,,,,,,,,,,,,,,,,,,,,,,,,,,,,,,,,,,,,,,,,,,,,,,,,,,,,,,,,,,,,,,,,,,,,,,,
Data,12,record,timestamp,"944864211",s,position_lat,"390340960",semicircles,position_long,"-1398129020",semicircles,distance,"24126.79",m,altitude,"14.799999999999955",m,speed,"1.782",m/s,unknown,"0",,unknown,"100",,heart_rate,"132",bpm,cadence,"0",rpm,fractional_cadence,"0.0",rpm,enhanced_altitude,"14.799999999999955",m,enhanced_speed,"1.782",m/s,,,,,,,,,,,,,,,,,,,,,,,,,,,,,,,,,,,,,,,,,,,,,,,,,,,,,,,,,,,,,,,,,,,,,,,,,,,,,,,,,,,,,,,,,,,,,,,,,,,,,,,,,,,,,,,,,,,,,,,,,,,,,,,,,,,,,,,,,,,,,,,,,,,,,,,,,,,,,,,,,,,
Data,12,record,timestamp,"944864213",s,position_lat,"390340573",semicircles,position_long,"-1398128894",semicircles,distance,"24130.52",m,altitude,"14.799999999999955",m,speed,"1.959",m/s,unknown,"0",,unknown,"100",,heart_rate,"132",bpm,cadence,"0",rpm,fractional_cadence,"0.0",rpm,enhanced_altitude,"14.799999999999955",m,enhanced_speed,"1.959",m/s,,,,,,,,,,,,,,,,,,,,,,,,,,,,,,,,,,,,,,,,,,,,,,,,,,,,,,,,,,,,,,,,,,,,,,,,,,,,,,,,,,,,,,,,,,,,,,,,,,,,,,,,,,,,,,,,,,,,,,,,,,,,,,,,,,,,,,,,,,,,,,,,,,,,,,,,,,,,,,,,,,,
Data,12,record,timestamp,"944864221",s,position_lat,"390339134",semicircles,position_long,"-1398128242",semicircles,distance,"24144.84",m,altitude,"14.799999999999955",m,speed,"1.931",m/s,unknown,"0",,unknown,"100",,heart_rate,"131",bpm,cadence,"0",rpm,fractional_cadence,"0.0",rpm,enhanced_altitude,"14.799999999999955",m,enhanced_speed,"1.931",m/s,,,,,,,,,,,,,,,,,,,,,,,,,,,,,,,,,,,,,,,,,,,,,,,,,,,,,,,,,,,,,,,,,,,,,,,,,,,,,,,,,,,,,,,,,,,,,,,,,,,,,,,,,,,,,,,,,,,,,,,,,,,,,,,,,,,,,,,,,,,,,,,,,,,,,,,,,,,,,,,,,,,
Data,12,record,timestamp,"944864231",s,position_lat,"390337040",semicircles,position_long,"-1398127446",semicircles,distance,"24165.28",m,altitude,"15.0",m,speed,"2.23",m/s,unknown,"0",,unknown,"100",,heart_rate,"131",bpm,cadence,"0",rpm,fractional_cadence,"0.0",rpm,enhanced_altitude,"15.0",m,enhanced_speed,"2.23",m/s,,,,,,,,,,,,,,,,,,,,,,,,,,,,,,,,,,,,,,,,,,,,,,,,,,,,,,,,,,,,,,,,,,,,,,,,,,,,,,,,,,,,,,,,,,,,,,,,,,,,,,,,,,,,,,,,,,,,,,,,,,,,,,,,,,,,,,,,,,,,,,,,,,,,,,,,,,,,,,,,,,,
Data,12,record,timestamp,"944864234",s,position_lat,"390336354",semicircles,position_long,"-1398127230",semicircles,distance,"24171.87",m,altitude,"15.0",m,speed,"2.137",m/s,unknown,"0",,unknown,"100",,heart_rate,"128",bpm,cadence,"0",rpm,fractional_cadence,"0.0",rpm,enhanced_altitude,"15.0",m,enhanced_speed,"2.137",m/s,,,,,,,,,,,,,,,,,,,,,,,,,,,,,,,,,,,,,,,,,,,,,,,,,,,,,,,,,,,,,,,,,,,,,,,,,,,,,,,,,,,,,,,,,,,,,,,,,,,,,,,,,,,,,,,,,,,,,,,,,,,,,,,,,,,,,,,,,,,,,,,,,,,,,,,,,,,,,,,,,,,
Data,12,record,timestamp,"944864238",s,position_lat,"390335391",semicircles,position_long,"-1398127004",semicircles,distance,"24181.0",m,altitude,"15.0",m,speed,"2.305",m/s,unknown,"0",,unknown,"100",,heart_rate,"129",bpm,cadence,"0",rpm,fractional_cadence,"0.0",rpm,enhanced_altitude,"15.0",m,enhanced_speed,"2.305",m/s,,,,,,,,,,,,,,,,,,,,,,,,,,,,,,,,,,,,,,,,,,,,,,,,,,,,,,,,,,,,,,,,,,,,,,,,,,,,,,,,,,,,,,,,,,,,,,,,,,,,,,,,,,,,,,,,,,,,,,,,,,,,,,,,,,,,,,,,,,,,,,,,,,,,,,,,,,,,,,,,,,,
Data,12,record,timestamp,"944864249",s,position_lat,"390332581",semicircles,position_long,"-1398126278",semicircles,distance,"24207.73",m,altitude,"15.0",m,speed,"2.575",m/s,unknown,"0",,unknown,"100",,heart_rate,"127",bpm,cadence,"0",rpm,fractional_cadence,"0.0",rpm,enhanced_altitude,"15.0",m,enhanced_speed,"2.575",m/s,,,,,,,,,,,,,,,,,,,,,,,,,,,,,,,,,,,,,,,,,,,,,,,,,,,,,,,,,,,,,,,,,,,,,,,,,,,,,,,,,,,,,,,,,,,,,,,,,,,,,,,,,,,,,,,,,,,,,,,,,,,,,,,,,,,,,,,,,,,,,,,,,,,,,,,,,,,,,,,,,,,
Data,12,record,timestamp,"944864258",s,position_lat,"390329846",semicircles,position_long,"-1398125913",semicircles,distance,"24233.33",m,altitude,"15.200000000000045",m,speed,"3.042",m/s,unknown,"0",,unknown,"100",,heart_rate,"127",bpm,cadence,"0",rpm,fractional_cadence,"0.0",rpm,enhanced_altitude,"15.200000000000045",m,enhanced_speed,"3.042",m/s,,,,,,,,,,,,,,,,,,,,,,,,,,,,,,,,,,,,,,,,,,,,,,,,,,,,,,,,,,,,,,,,,,,,,,,,,,,,,,,,,,,,,,,,,,,,,,,,,,,,,,,,,,,,,,,,,,,,,,,,,,,,,,,,,,,,,,,,,,,,,,,,,,,,,,,,,,,,,,,,,,,
Data,12,record,timestamp,"944864264",s,position_lat,"390327906",semicircles,position_long,"-1398125803",semicircles,distance,"24251.38",m,altitude,"15.200000000000045",m,speed,"3.051",m/s,unknown,"0",,unknown,"100",,heart_rate,"130",bpm,cadence,"0",rpm,fractional_cadence,"0.0",rpm,enhanced_altitude,"15.200000000000045",m,enhanced_speed,"3.051",m/s,,,,,,,,,,,,,,,,,,,,,,,,,,,,,,,,,,,,,,,,,,,,,,,,,,,,,,,,,,,,,,,,,,,,,,,,,,,,,,,,,,,,,,,,,,,,,,,,,,,,,,,,,,,,,,,,,,,,,,,,,,,,,,,,,,,,,,,,,,,,,,,,,,,,,,,,,,,,,,,,,,,
Data,12,record,timestamp,"944864267",s,position_lat,"390326973",semicircles,position_long,"-1398125671",semicircles,distance,"24260.11",m,altitude,"15.399999999999977",m,speed,"2.799",m/s,unknown,"0",,unknown,"100",,heart_rate,"129",bpm,cadence,"0",rpm,fractional_cadence,"0.0",rpm,enhanced_altitude,"15.399999999999977",m,enhanced_speed,"2.799",m/s,,,,,,,,,,,,,,,,,,,,,,,,,,,,,,,,,,,,,,,,,,,,,,,,,,,,,,,,,,,,,,,,,,,,,,,,,,,,,,,,,,,,,,,,,,,,,,,,,,,,,,,,,,,,,,,,,,,,,,,,,,,,,,,,,,,,,,,,,,,,,,,,,,,,,,,,,,,,,,,,,,,
Data,12,record,timestamp,"944864274",s,position_lat,"390325236",semicircles,position_long,"-1398124794",semicircles,distance,"24277.98",m,altitude,"15.200000000000045",m,speed,"2.585",m/s,unknown,"0",,unknown,"100",,heart_rate,"128",bpm,cadence,"0",rpm,fractional_cadence,"0.0",rpm,enhanced_altitude,"15.200000000000045",m,enhanced_speed,"2.585",m/s,,,,,,,,,,,,,,,,,,,,,,,,,,,,,,,,,,,,,,,,,,,,,,,,,,,,,,,,,,,,,,,,,,,,,,,,,,,,,,,,,,,,,,,,,,,,,,,,,,,,,,,,,,,,,,,,,,,,,,,,,,,,,,,,,,,,,,,,,,,,,,,,,,,,,,,,,,,,,,,,,,,
Data,12,record,timestamp,"944864280",s,position_lat,"390324271",semicircles,position_long,"-1398123544",semicircles,distance,"24291.39",m,altitude,"15.200000000000045",m,speed,"2.118",m/s,unknown,"0",,unknown,"100",,heart_rate,"128",bpm,cadence,"0",rpm,fractional_cadence,"0.0",rpm,enhanced_altitude,"15.200000000000045",m,enhanced_speed,"2.118",m/s,,,,,,,,,,,,,,,,,,,,,,,,,,,,,,,,,,,,,,,,,,,,,,,,,,,,,,,,,,,,,,,,,,,,,,,,,,,,,,,,,,,,,,,,,,,,,,,,,,,,,,,,,,,,,,,,,,,,,,,,,,,,,,,,,,,,,,,,,,,,,,,,,,,,,,,,,,,,,,,,,,,
Data,12,record,timestamp,"944864285",s,position_lat,"390323823",semicircles,position_long,"-1398122298",semicircles,distance,"24302.03",m,altitude,"15.0",m,speed,"2.165",m/s,unknown,"0",,unknown,"100",,heart_rate,"132",bpm,cadence,"0",rpm,fractional_cadence,"0.0",rpm,enhanced_altitude,"15.0",m,enhanced_speed,"2.165",m/s,,,,,,,,,,,,,,,,,,,,,,,,,,,,,,,,,,,,,,,,,,,,,,,,,,,,,,,,,,,,,,,,,,,,,,,,,,,,,,,,,,,,,,,,,,,,,,,,,,,,,,,,,,,,,,,,,,,,,,,,,,,,,,,,,,,,,,,,,,,,,,,,,,,,,,,,,,,,,,,,,,,
Data,12,record,timestamp,"944864288",s,position_lat,"390323703",semicircles,position_long,"-1398121410",semicircles,distance,"24309.08",m,altitude,"15.0",m,speed,"2.23",m/s,unknown,"0",,unknown,"100",,heart_rate,"137",bpm,cadence,"0",rpm,fractional_cadence,"0.0",rpm,enhanced_altitude,"15.0",m,enhanced_speed,"2.23",m/s,,,,,,,,,,,,,,,,,,,,,,,,,,,,,,,,,,,,,,,,,,,,,,,,,,,,,,,,,,,,,,,,,,,,,,,,,,,,,,,,,,,,,,,,,,,,,,,,,,,,,,,,,,,,,,,,,,,,,,,,,,,,,,,,,,,,,,,,,,,,,,,,,,,,,,,,,,,,,,,,,,,
Data,12,record,timestamp,"944864289",s,position_lat,"390323637",semicircles,position_long,"-1398121114",semicircles,distance,"24311.49",m,altitude,"15.0",m,speed,"2.435",m/s,unknown,"0",,unknown,"100",,heart_rate,"137",bpm,cadence,"0",rpm,fractional_cadence,"0.0",rpm,enhanced_altitude,"15.0",m,enhanced_speed,"2.435",m/s,,,,,,,,,,,,,,,,,,,,,,,,,,,,,,,,,,,,,,,,,,,,,,,,,,,,,,,,,,,,,,,,,,,,,,,,,,,,,,,,,,,,,,,,,,,,,,,,,,,,,,,,,,,,,,,,,,,,,,,,,,,,,,,,,,,,,,,,,,,,,,,,,,,,,,,,,,,,,,,,,,,
Data,12,record,timestamp,"944864293",s,position_lat,"390323483",semicircles,position_long,"-1398119798",semicircles,distance,"24321.94",m,altitude,"15.0",m,speed,"2.547",m/s,unknown,"0",,unknown,"100",,heart_rate,"140",bpm,cadence,"0",rpm,fractional_cadence,"0.0",rpm,enhanced_altitude,"15.0",m,enhanced_speed,"2.547",m/s,,,,,,,,,,,,,,,,,,,,,,,,,,,,,,,,,,,,,,,,,,,,,,,,,,,,,,,,,,,,,,,,,,,,,,,,,,,,,,,,,,,,,,,,,,,,,,,,,,,,,,,,,,,,,,,,,,,,,,,,,,,,,,,,,,,,,,,,,,,,,,,,,,,,,,,,,,,,,,,,,,,
Data,12,record,timestamp,"944864297",s,position_lat,"390323365",semicircles,position_long,"-1398118384",semicircles,distance,"24333.1",m,altitude,"15.0",m,speed,"2.659",m/s,unknown,"0",,unknown,"100",,heart_rate,"140",bpm,cadence,"0",rpm,fractional_cadence,"0.0",rpm,enhanced_altitude,"15.0",m,enhanced_speed,"2.659",m/s,,,,,,,,,,,,,,,,,,,,,,,,,,,,,,,,,,,,,,,,,,,,,,,,,,,,,,,,,,,,,,,,,,,,,,,,,,,,,,,,,,,,,,,,,,,,,,,,,,,,,,,,,,,,,,,,,,,,,,,,,,,,,,,,,,,,,,,,,,,,,,,,,,,,,,,,,,,,,,,,,,,
Data,12,record,timestamp,"944864307",s,position_lat,"390323174",semicircles,position_long,"-1398115086",semicircles,distance,"24359.06",m,altitude,"15.0",m,speed,"2.715",m/s,unknown,"0",,unknown,"300",,heart_rate,"138",bpm,cadence,"0",rpm,fractional_cadence,"0.0",rpm,enhanced_altitude,"15.0",m,enhanced_speed,"2.715",m/s,,,,,,,,,,,,,,,,,,,,,,,,,,,,,,,,,,,,,,,,,,,,,,,,,,,,,,,,,,,,,,,,,,,,,,,,,,,,,,,,,,,,,,,,,,,,,,,,,,,,,,,,,,,,,,,,,,,,,,,,,,,,,,,,,,,,,,,,,,,,,,,,,,,,,,,,,,,,,,,,,,,
Data,12,record,timestamp,"944864317",s,position_lat,"390323025",semicircles,position_long,"-1398111756",semicircles,distance,"24385.31",m,altitude,"15.0",m,speed,"2.557",m/s,unknown,"0",,unknown,"300",,heart_rate,"135",bpm,cadence,"0",rpm,fractional_cadence,"0.0",rpm,enhanced_altitude,"15.0",m,enhanced_speed,"2.557",m/s,,,,,,,,,,,,,,,,,,,,,,,,,,,,,,,,,,,,,,,,,,,,,,,,,,,,,,,,,,,,,,,,,,,,,,,,,,,,,,,,,,,,,,,,,,,,,,,,,,,,,,,,,,,,,,,,,,,,,,,,,,,,,,,,,,,,,,,,,,,,,,,,,,,,,,,,,,,,,,,,,,,
Data,12,record,timestamp,"944864320",s,position_lat,"390322843",semicircles,position_long,"-1398110794",semicircles,distance,"24393.07",m,altitude,"15.0",m,speed,"2.342",m/s,unknown,"0",,unknown,"300",,heart_rate,"135",bpm,cadence,"0",rpm,fractional_cadence,"0.0",rpm,enhanced_altitude,"15.0",m,enhanced_speed,"2.342",m/s,,,,,,,,,,,,,,,,,,,,,,,,,,,,,,,,,,,,,,,,,,,,,,,,,,,,,,,,,,,,,,,,,,,,,,,,,,,,,,,,,,,,,,,,,,,,,,,,,,,,,,,,,,,,,,,,,,,,,,,,,,,,,,,,,,,,,,,,,,,,,,,,,,,,,,,,,,,,,,,,,,,
Data,12,record,timestamp,"944864328",s,position_lat,"390322319",semicircles,position_long,"-1398108299",semicircles,distance,"24413.25",m,altitude,"15.0",m,speed,"2.286",m/s,unknown,"0",,unknown,"100",,heart_rate,"132",bpm,cadence,"0",rpm,fractional_cadence,"0.0",rpm,enhanced_altitude,"15.0",m,enhanced_speed,"2.286",m/s,,,,,,,,,,,,,,,,,,,,,,,,,,,,,,,,,,,,,,,,,,,,,,,,,,,,,,,,,,,,,,,,,,,,,,,,,,,,,,,,,,,,,,,,,,,,,,,,,,,,,,,,,,,,,,,,,,,,,,,,,,,,,,,,,,,,,,,,,,,,,,,,,,,,,,,,,,,,,,,,,,,
Data,12,record,timestamp,"944864340",s,position_lat,"390321543",semicircles,position_long,"-1398104823",semicircles,distance,"24441.51",m,altitude,"15.0",m,speed,"2.165",m/s,unknown,"0",,unknown,"100",,heart_rate,"130",bpm,cadence,"0",rpm,fractional_cadence,"0.0",rpm,enhanced_altitude,"15.0",m,enhanced_speed,"2.165",m/s,,,,,,,,,,,,,,,,,,,,,,,,,,,,,,,,,,,,,,,,,,,,,,,,,,,,,,,,,,,,,,,,,,,,,,,,,,,,,,,,,,,,,,,,,,,,,,,,,,,,,,,,,,,,,,,,,,,,,,,,,,,,,,,,,,,,,,,,,,,,,,,,,,,,,,,,,,,,,,,,,,,
Data,12,record,timestamp,"944864343",s,position_lat,"390321412",semicircles,position_long,"-1398103983",semicircles,distance,"24448.23",m,altitude,"15.0",m,speed,"2.183",m/s,unknown,"0",,unknown,"100",,heart_rate,"133",bpm,cadence,"0",rpm,fractional_cadence,"0.0",rpm,enhanced_altitude,"15.0",m,enhanced_speed,"2.183",m/s,,,,,,,,,,,,,,,,,,,,,,,,,,,,,,,,,,,,,,,,,,,,,,,,,,,,,,,,,,,,,,,,,,,,,,,,,,,,,,,,,,,,,,,,,,,,,,,,,,,,,,,,,,,,,,,,,,,,,,,,,,,,,,,,,,,,,,,,,,,,,,,,,,,,,,,,,,,,,,,,,,,
Data,12,record,timestamp,"944864346",s,position_lat,"390321339",semicircles,position_long,"-1398103170",semicircles,distance,"24454.65",m,altitude,"15.0",m,speed,"2.258",m/s,unknown,"0",,unknown,"100",,heart_rate,"130",bpm,cadence,"0",rpm,fractional_cadence,"0.0",rpm,enhanced_altitude,"15.0",m,enhanced_speed,"2.258",m/s,,,,,,,,,,,,,,,,,,,,,,,,,,,,,,,,,,,,,,,,,,,,,,,,,,,,,,,,,,,,,,,,,,,,,,,,,,,,,,,,,,,,,,,,,,,,,,,,,,,,,,,,,,,,,,,,,,,,,,,,,,,,,,,,,,,,,,,,,,,,,,,,,,,,,,,,,,,,,,,,,,,
Data,12,record,timestamp,"944864350",s,position_lat,"390321164",semicircles,position_long,"-1398101980",semicircles,distance,"24464.17",m,altitude,"15.200000000000045",m,speed,"3.088",m/s,unknown,"0",,unknown,"100",,heart_rate,"132",bpm,cadence,"0",rpm,fractional_cadence,"0.0",rpm,enhanced_altitude,"15.200000000000045",m,enhanced_speed,"3.088",m/s,,,,,,,,,,,,,,,,,,,,,,,,,,,,,,,,,,,,,,,,,,,,,,,,,,,,,,,,,,,,,,,,,,,,,,,,,,,,,,,,,,,,,,,,,,,,,,,,,,,,,,,,,,,,,,,,,,,,,,,,,,,,,,,,,,,,,,,,,,,,,,,,,,,,,,,,,,,,,,,,,,,
Data,12,record,timestamp,"944864356",s,position_lat,"390321074",semicircles,position_long,"-1398100071",semicircles,distance,"24479.2",m,altitude,"15.200000000000045",m,speed,"2.258",m/s,unknown,"0",,unknown,"100",,heart_rate,"130",bpm,cadence,"0",rpm,fractional_cadence,"0.0",rpm,enhanced_altitude,"15.200000000000045",m,enhanced_speed,"2.258",m/s,,,,,,,,,,,,,,,,,,,,,,,,,,,,,,,,,,,,,,,,,,,,,,,,,,,,,,,,,,,,,,,,,,,,,,,,,,,,,,,,,,,,,,,,,,,,,,,,,,,,,,,,,,,,,,,,,,,,,,,,,,,,,,,,,,,,,,,,,,,,,,,,,,,,,,,,,,,,,,,,,,,
Data,12,record,timestamp,"944864357",s,position_lat,"390321057",semicircles,position_long,"-1398099782",semicircles,distance,"24481.48",m,altitude,"15.200000000000045",m,speed,"2.333",m/s,unknown,"0",,unknown,"300",,heart_rate,"127",bpm,cadence,"0",rpm,fractional_cadence,"0.0",rpm,enhanced_altitude,"15.200000000000045",m,enhanced_speed,"2.333",m/s,,,,,,,,,,,,,,,,,,,,,,,,,,,,,,,,,,,,,,,,,,,,,,,,,,,,,,,,,,,,,,,,,,,,,,,,,,,,,,,,,,,,,,,,,,,,,,,,,,,,,,,,,,,,,,,,,,,,,,,,,,,,,,,,,,,,,,,,,,,,,,,,,,,,,,,,,,,,,,,,,,,
Data,12,record,timestamp,"944864363",s,position_lat,"390321023",semicircles,position_long,"-1398098167",semicircles,distance,"24494.18",m,altitude,"15.200000000000045",m,speed,"1.568",m/s,unknown,"0",,unknown,"100",,heart_rate,"130",bpm,cadence,"0",rpm,fractional_cadence,"0.0",rpm,enhanced_altitude,"15.200000000000045",m,enhanced_speed,"1.568",m/s,,,,,,,,,,,,,,,,,,,,,,,,,,,,,,,,,,,,,,,,,,,,,,,,,,,,,,,,,,,,,,,,,,,,,,,,,,,,,,,,,,,,,,,,,,,,,,,,,,,,,,,,,,,,,,,,,,,,,,,,,,,,,,,,,,,,,,,,,,,,,,,,,,,,,,,,,,,,,,,,,,,
Data,12,record,timestamp,"944864364",s,position_lat,"390321028",semicircles,position_long,"-1398097936",semicircles,distance,"24496.0",m,altitude,"15.200000000000045",m,speed,"1.987",m/s,unknown,"0",,unknown,"100",,heart_rate,"130",bpm,cadence,"0",rpm,fractional_cadence,"0.0",rpm,enhanced_altitude,"15.200000000000045",m,enhanced_speed,"1.987",m/s,,,,,,,,,,,,,,,,,,,,,,,,,,,,,,,,,,,,,,,,,,,,,,,,,,,,,,,,,,,,,,,,,,,,,,,,,,,,,,,,,,,,,,,,,,,,,,,,,,,,,,,,,,,,,,,,,,,,,,,,,,,,,,,,,,,,,,,,,,,,,,,,,,,,,,,,,,,,,,,,,,,
Data,12,record,timestamp,"944864367",s,position_lat,"390321009",semicircles,position_long,"-1398097223",semicircles,distance,"24501.64",m,altitude,"15.399999999999977",m,speed,"2.062",m/s,unknown,"0",,unknown,"100",,heart_rate,"133",bpm,cadence,"70",rpm,fractional_cadence,"0.5",rpm,enhanced_altitude,"15.399999999999977",m,enhanced_speed,"2.062",m/s,,,,,,,,,,,,,,,,,,,,,,,,,,,,,,,,,,,,,,,,,,,,,,,,,,,,,,,,,,,,,,,,,,,,,,,,,,,,,,,,,,,,,,,,,,,,,,,,,,,,,,,,,,,,,,,,,,,,,,,,,,,,,,,,,,,,,,,,,,,,,,,,,,,,,,,,,,,,,,,,,,,
Data,12,record,timestamp,"944864370",s,position_lat,"390321050",semicircles,position_long,"-1398096365",semicircles,distance,"24508.38",m,altitude,"15.200000000000045",m,speed,"2.062",m/s,unknown,"0",,unknown,"100",,heart_rate,"133",bpm,cadence,"0",rpm,fractional_cadence,"0.0",rpm,enhanced_altitude,"15.200000000000045",m,enhanced_speed,"2.062",m/s,,,,,,,,,,,,,,,,,,,,,,,,,,,,,,,,,,,,,,,,,,,,,,,,,,,,,,,,,,,,,,,,,,,,,,,,,,,,,,,,,,,,,,,,,,,,,,,,,,,,,,,,,,,,,,,,,,,,,,,,,,,,,,,,,,,,,,,,,,,,,,,,,,,,,,,,,,,,,,,,,,,
Data,12,record,timestamp,"944864373",s,position_lat,"390321088",semicircles,position_long,"-1398095533",semicircles,distance,"24514.93",m,altitude,"15.200000000000045",m,speed,"2.09",m/s,unknown,"0",,unknown,"100",,heart_rate,"137",bpm,cadence,"0",rpm,fractional_cadence,"0.0",rpm,enhanced_altitude,"15.200000000000045",m,enhanced_speed,"2.09",m/s,,,,,,,,,,,,,,,,,,,,,,,,,,,,,,,,,,,,,,,,,,,,,,,,,,,,,,,,,,,,,,,,,,,,,,,,,,,,,,,,,,,,,,,,,,,,,,,,,,,,,,,,,,,,,,,,,,,,,,,,,,,,,,,,,,,,,,,,,,,,,,,,,,,,,,,,,,,,,,,,,,,
Data,12,record,timestamp,"944864377",s,position_lat,"390321012",semicircles,position_long,"-1398094448",semicircles,distance,"24523.5",m,altitude,"15.200000000000045",m,speed,"2.015",m/s,unknown,"0",,unknown,"100",,heart_rate,"134",bpm,cadence,"0",rpm,fractional_cadence,"0.0",rpm,enhanced_altitude,"15.200000000000045",m,enhanced_speed,"2.015",m/s,,,,,,,,,,,,,,,,,,,,,,,,,,,,,,,,,,,,,,,,,,,,,,,,,,,,,,,,,,,,,,,,,,,,,,,,,,,,,,,,,,,,,,,,,,,,,,,,,,,,,,,,,,,,,,,,,,,,,,,,,,,,,,,,,,,,,,,,,,,,,,,,,,,,,,,,,,,,,,,,,,,
Data,12,record,timestamp,"944864379",s,position_lat,"390320902",semicircles,position_long,"-1398093927",semicircles,distance,"24527.71",m,altitude,"15.200000000000045",m,speed,"1.95",m/s,unknown,"0",,unknown,"100",,heart_rate,"136",bpm,cadence,"0",rpm,fractional_cadence,"0.0",rpm,enhanced_altitude,"15.200000000000045",m,enhanced_speed,"1.95",m/s,,,,,,,,,,,,,,,,,,,,,,,,,,,,,,,,,,,,,,,,,,,,,,,,,,,,,,,,,,,,,,,,,,,,,,,,,,,,,,,,,,,,,,,,,,,,,,,,,,,,,,,,,,,,,,,,,,,,,,,,,,,,,,,,,,,,,,,,,,,,,,,,,,,,,,,,,,,,,,,,,,,
Data,12,record,timestamp,"944864386",s,position_lat,"390320648",semicircles,position_long,"-1398092144",semicircles,distance,"24541.92",m,altitude,"15.399999999999977",m,speed,"2.221",m/s,unknown,"0",,unknown,"100",,heart_rate,"137",bpm,cadence,"0",rpm,fractional_cadence,"0.0",rpm,enhanced_altitude,"15.399999999999977",m,enhanced_speed,"2.221",m/s,,,,,,,,,,,,,,,,,,,,,,,,,,,,,,,,,,,,,,,,,,,,,,,,,,,,,,,,,,,,,,,,,,,,,,,,,,,,,,,,,,,,,,,,,,,,,,,,,,,,,,,,,,,,,,,,,,,,,,,,,,,,,,,,,,,,,,,,,,,,,,,,,,,,,,,,,,,,,,,,,,,
Data,12,record,timestamp,"944864391",s,position_lat,"390320339",semicircles,position_long,"-1398090992",semicircles,distance,"24551.48",m,altitude,"15.399999999999977",m,speed,"1.381",m/s,unknown,"0",,unknown,"100",,heart_rate,"137",bpm,cadence,"0",rpm,fractional_cadence,"0.0",rpm,enhanced_altitude,"15.399999999999977",m,enhanced_speed,"1.381",m/s,,,,,,,,,,,,,,,,,,,,,,,,,,,,,,,,,,,,,,,,,,,,,,,,,,,,,,,,,,,,,,,,,,,,,,,,,,,,,,,,,,,,,,,,,,,,,,,,,,,,,,,,,,,,,,,,,,,,,,,,,,,,,,,,,,,,,,,,,,,,,,,,,,,,,,,,,,,,,,,,,,,
Data,12,record,timestamp,"944864398",s,position_lat,"390319871",semicircles,position_long,"-1398089399",semicircles,distance,"24564.69",m,altitude,"15.600000000000023",m,speed,"1.838",m/s,unknown,"0",,unknown,"100",,heart_rate,"138",bpm,cadence,"0",rpm,fractional_cadence,"0.0",rpm,enhanced_altitude,"15.600000000000023",m,enhanced_speed,"1.838",m/s,,,,,,,,,,,,,,,,,,,,,,,,,,,,,,,,,,,,,,,,,,,,,,,,,,,,,,,,,,,,,,,,,,,,,,,,,,,,,,,,,,,,,,,,,,,,,,,,,,,,,,,,,,,,,,,,,,,,,,,,,,,,,,,,,,,,,,,,,,,,,,,,,,,,,,,,,,,,,,,,,,,
Data,12,record,timestamp,"944864407",s,position_lat,"390319600",semicircles,position_long,"-1398087216",semicircles,distance,"24582.04",m,altitude,"13.799999999999955",m,speed,"1.866",m/s,unknown,"0",,unknown,"100",,heart_rate,"136",bpm,cadence,"0",rpm,fractional_cadence,"0.0",rpm,enhanced_altitude,"13.799999999999955",m,enhanced_speed,"1.866",m/s,,,,,,,,,,,,,,,,,,,,,,,,,,,,,,,,,,,,,,,,,,,,,,,,,,,,,,,,,,,,,,,,,,,,,,,,,,,,,,,,,,,,,,,,,,,,,,,,,,,,,,,,,,,,,,,,,,,,,,,,,,,,,,,,,,,,,,,,,,,,,,,,,,,,,,,,,,,,,,,,,,,
Data,12,record,timestamp,"944864411",s,position_lat,"390319615",semicircles,position_long,"-1398086140",semicircles,distance,"24590.51",m,altitude,"13.799999999999955",m,speed,"2.09",m/s,unknown,"0",,unknown,"100",,heart_rate,"136",bpm,cadence,"0",rpm,fractional_cadence,"0.0",rpm,enhanced_altitude,"13.799999999999955",m,enhanced_speed,"2.09",m/s,,,,,,,,,,,,,,,,,,,,,,,,,,,,,,,,,,,,,,,,,,,,,,,,,,,,,,,,,,,,,,,,,,,,,,,,,,,,,,,,,,,,,,,,,,,,,,,,,,,,,,,,,,,,,,,,,,,,,,,,,,,,,,,,,,,,,,,,,,,,,,,,,,,,,,,,,,,,,,,,,,,
Data,12,record,timestamp,"944864417",s,position_lat,"390319802",semicircles,position_long,"-1398084466",semicircles,distance,"24603.8",m,altitude,"14.0",m,speed,"2.286",m/s,unknown,"0",,unknown,"100",,heart_rate,"132",bpm,cadence,"0",rpm,fractional_cadence,"0.0",rpm,enhanced_altitude,"14.0",m,enhanced_speed,"2.286",m/s,,,,,,,,,,,,,,,,,,,,,,,,,,,,,,,,,,,,,,,,,,,,,,,,,,,,,,,,,,,,,,,,,,,,,,,,,,,,,,,,,,,,,,,,,,,,,,,,,,,,,,,,,,,,,,,,,,,,,,,,,,,,,,,,,,,,,,,,,,,,,,,,,,,,,,,,,,,,,,,,,,,
Data,12,record,timestamp,"944864426",s,position_lat,"390320080",semicircles,position_long,"-1398081788",semicircles,distance,"24625.02",m,altitude,"14.0",m,speed,"2.51",m/s,unknown,"0",,unknown,"100",,heart_rate,"131",bpm,cadence,"0",rpm,fractional_cadence,"0.0",rpm,enhanced_altitude,"14.0",m,enhanced_speed,"2.51",m/s,,,,,,,,,,,,,,,,,,,,,,,,,,,,,,,,,,,,,,,,,,,,,,,,,,,,,,,,,,,,,,,,,,,,,,,,,,,,,,,,,,,,,,,,,,,,,,,,,,,,,,,,,,,,,,,,,,,,,,,,,,,,,,,,,,,,,,,,,,,,,,,,,,,,,,,,,,,,,,,,,,,
Data,12,record,timestamp,"944864435",s,position_lat,"390320655",semicircles,position_long,"-1398078731",semicircles,distance,"24649.58",m,altitude,"14.0",m,speed,"2.734",m/s,unknown,"0",,unknown,"100",,heart_rate,"128",bpm,cadence,"0",rpm,fractional_cadence,"0.0",rpm,enhanced_altitude,"14.0",m,enhanced_speed,"2.734",m/s,,,,,,,,,,,,,,,,,,,,,,,,,,,,,,,,,,,,,,,,,,,,,,,,,,,,,,,,,,,,,,,,,,,,,,,,,,,,,,,,,,,,,,,,,,,,,,,,,,,,,,,,,,,,,,,,,,,,,,,,,,,,,,,,,,,,,,,,,,,,,,,,,,,,,,,,,,,,,,,,,,,
Data,12,record,timestamp,"944864436",s,position_lat,"390320737",semicircles,position_long,"-1398078381",semicircles,distance,"24652.43",m,altitude,"14.0",m,speed,"2.743",m/s,unknown,"0",,unknown,"100",,heart_rate,"129",bpm,cadence,"0",rpm,fractional_cadence,"0.0",rpm,enhanced_altitude,"14.0",m,enhanced_speed,"2.743",m/s,,,,,,,,,,,,,,,,,,,,,,,,,,,,,,,,,,,,,,,,,,,,,,,,,,,,,,,,,,,,,,,,,,,,,,,,,,,,,,,,,,,,,,,,,,,,,,,,,,,,,,,,,,,,,,,,,,,,,,,,,,,,,,,,,,,,,,,,,,,,,,,,,,,,,,,,,,,,,,,,,,,
Data,12,record,timestamp,"944864446",s,position_lat,"390321362",semicircles,position_long,"-1398074939",semicircles,distance,"24680.11",m,altitude,"14.0",m,speed,"2.827",m/s,unknown,"0",,unknown,"100",,heart_rate,"128",bpm,cadence,"0",rpm,fractional_cadence,"0.0",rpm,enhanced_altitude,"14.0",m,enhanced_speed,"2.827",m/s,,,,,,,,,,,,,,,,,,,,,,,,,,,,,,,,,,,,,,,,,,,,,,,,,,,,,,,,,,,,,,,,,,,,,,,,,,,,,,,,,,,,,,,,,,,,,,,,,,,,,,,,,,,,,,,,,,,,,,,,,,,,,,,,,,,,,,,,,,,,,,,,,,,,,,,,,,,,,,,,,,,
Data,12,record,timestamp,"944864452",s,position_lat,"390321647",semicircles,position_long,"-1398072882",semicircles,distance,"24696.5",m,altitude,"14.0",m,speed,"2.725",m/s,unknown,"0",,unknown,"100",,heart_rate,"125",bpm,cadence,"0",rpm,fractional_cadence,"0.0",rpm,enhanced_altitude,"14.0",m,enhanced_speed,"2.725",m/s,,,,,,,,,,,,,,,,,,,,,,,,,,,,,,,,,,,,,,,,,,,,,,,,,,,,,,,,,,,,,,,,,,,,,,,,,,,,,,,,,,,,,,,,,,,,,,,,,,,,,,,,,,,,,,,,,,,,,,,,,,,,,,,,,,,,,,,,,,,,,,,,,,,,,,,,,,,,,,,,,,,
Data,12,record,timestamp,"944864456",s,position_lat,"390321928",semicircles,position_long,"-1398071561",semicircles,distance,"24707.2",m,altitude,"14.200000000000045",m,speed,"2.753",m/s,unknown,"0",,unknown,"100",,heart_rate,"127",bpm,cadence,"0",rpm,fractional_cadence,"0.0",rpm,enhanced_altitude,"14.200000000000045",m,enhanced_speed,"2.753",m/s,,,,,,,,,,,,,,,,,,,,,,,,,,,,,,,,,,,,,,,,,,,,,,,,,,,,,,,,,,,,,,,,,,,,,,,,,,,,,,,,,,,,,,,,,,,,,,,,,,,,,,,,,,,,,,,,,,,,,,,,,,,,,,,,,,,,,,,,,,,,,,,,,,,,,,,,,,,,,,,,,,,
Data,12,record,timestamp,"944864463",s,position_lat,"390322435",semicircles,position_long,"-1398069174",semicircles,distance,"24726.58",m,altitude,"14.200000000000045",m,speed,"2.622",m/s,unknown,"0",,unknown,"100",,heart_rate,"124",bpm,cadence,"0",rpm,fractional_cadence,"0.0",rpm,enhanced_altitude,"14.200000000000045",m,enhanced_speed,"2.622",m/s,,,,,,,,,,,,,,,,,,,,,,,,,,,,,,,,,,,,,,,,,,,,,,,,,,,,,,,,,,,,,,,,,,,,,,,,,,,,,,,,,,,,,,,,,,,,,,,,,,,,,,,,,,,,,,,,,,,,,,,,,,,,,,,,,,,,,,,,,,,,,,,,,,,,,,,,,,,,,,,,,,,
Data,12,record,timestamp,"944864465",s,position_lat,"390322499",semicircles,position_long,"-1398068499",semicircles,distance,"24731.92",m,altitude,"14.200000000000045",m,speed,"2.631",m/s,unknown,"0",,unknown,"100",,heart_rate,"124",bpm,cadence,"0",rpm,fractional_cadence,"0.0",rpm,enhanced_altitude,"14.200000000000045",m,enhanced_speed,"2.631",m/s,,,,,,,,,,,,,,,,,,,,,,,,,,,,,,,,,,,,,,,,,,,,,,,,,,,,,,,,,,,,,,,,,,,,,,,,,,,,,,,,,,,,,,,,,,,,,,,,,,,,,,,,,,,,,,,,,,,,,,,,,,,,,,,,,,,,,,,,,,,,,,,,,,,,,,,,,,,,,,,,,,,
Data,12,record,timestamp,"944864475",s,position_lat,"390322722",semicircles,position_long,"-1398065236",semicircles,distance,"24757.63",m,altitude,"14.600000000000023",m,speed,"2.519",m/s,unknown,"0",,unknown,"100",,heart_rate,"124",bpm,cadence,"0",rpm,fractional_cadence,"0.0",rpm,enhanced_altitude,"14.600000000000023",m,enhanced_speed,"2.519",m/s,,,,,,,,,,,,,,,,,,,,,,,,,,,,,,,,,,,,,,,,,,,,,,,,,,,,,,,,,,,,,,,,,,,,,,,,,,,,,,,,,,,,,,,,,,,,,,,,,,,,,,,,,,,,,,,,,,,,,,,,,,,,,,,,,,,,,,,,,,,,,,,,,,,,,,,,,,,,,,,,,,,
Data,12,record,timestamp,"944864481",s,position_lat,"390323028",semicircles,position_long,"-1398063393",semicircles,distance,"24772.38",m,altitude,"14.600000000000023",m,speed,"2.361",m/s,unknown,"0",,unknown,"100",,heart_rate,"121",bpm,cadence,"0",rpm,fractional_cadence,"0.0",rpm,enhanced_altitude,"14.600000000000023",m,enhanced_speed,"2.361",m/s,,,,,,,,,,,,,,,,,,,,,,,,,,,,,,,,,,,,,,,,,,,,,,,,,,,,,,,,,,,,,,,,,,,,,,,,,,,,,,,,,,,,,,,,,,,,,,,,,,,,,,,,,,,,,,,,,,,,,,,,,,,,,,,,,,,,,,,,,,,,,,,,,,,,,,,,,,,,,,,,,,,
Data,12,record,timestamp,"944864482",s,position_lat,"390323057",semicircles,position_long,"-1398063078",semicircles,distance,"24774.87",m,altitude,"14.600000000000023",m,speed,"2.557",m/s,unknown,"0",,unknown,"100",,heart_rate,"122",bpm,cadence,"0",rpm,fractional_cadence,"0.0",rpm,enhanced_altitude,"14.600000000000023",m,enhanced_speed,"2.557",m/s,,,,,,,,,,,,,,,,,,,,,,,,,,,,,,,,,,,,,,,,,,,,,,,,,,,,,,,,,,,,,,,,,,,,,,,,,,,,,,,,,,,,,,,,,,,,,,,,,,,,,,,,,,,,,,,,,,,,,,,,,,,,,,,,,,,,,,,,,,,,,,,,,,,,,,,,,,,,,,,,,,,
Data,12,record,timestamp,"944864491",s,position_lat,"390323226",semicircles,position_long,"-1398060472",semicircles,distance,"24795.34",m,altitude,"14.399999999999977",m,speed,"2.342",m/s,unknown,"0",,unknown,"100",,heart_rate,"122",bpm,cadence,"0",rpm,fractional_cadence,"0.0",rpm,enhanced_altitude,"14.399999999999977",m,enhanced_speed,"2.342",m/s,,,,,,,,,,,,,,,,,,,,,,,,,,,,,,,,,,,,,,,,,,,,,,,,,,,,,,,,,,,,,,,,,,,,,,,,,,,,,,,,,,,,,,,,,,,,,,,,,,,,,,,,,,,,,,,,,,,,,,,,,,,,,,,,,,,,,,,,,,,,,,,,,,,,,,,,,,,,,,,,,,,
Data,12,record,timestamp,"944864501",s,position_lat,"390323442",semicircles,position_long,"-1398057733",semicircles,distance,"24816.99",m,altitude,"14.200000000000045",m,speed,"2.277",m/s,unknown,"0",,unknown,"100",,heart_rate,"120",bpm,cadence,"0",rpm,fractional_cadence,"0.0",rpm,enhanced_altitude,"14.200000000000045",m,enhanced_speed,"2.277",m/s,,,,,,,,,,,,,,,,,,,,,,,,,,,,,,,,,,,,,,,,,,,,,,,,,,,,,,,,,,,,,,,,,,,,,,,,,,,,,,,,,,,,,,,,,,,,,,,,,,,,,,,,,,,,,,,,,,,,,,,,,,,,,,,,,,,,,,,,,,,,,,,,,,,,,,,,,,,,,,,,,,,
Data,12,record,timestamp,"944864511",s,position_lat,"390323905",semicircles,position_long,"-1398054872",semicircles,distance,"24839.92",m,altitude,"14.200000000000045",m,speed,"2.277",m/s,unknown,"0",,unknown,"100",,heart_rate,"119",bpm,cadence,"0",rpm,fractional_cadence,"0.0",rpm,enhanced_altitude,"14.200000000000045",m,enhanced_speed,"2.277",m/s,,,,,,,,,,,,,,,,,,,,,,,,,,,,,,,,,,,,,,,,,,,,,,,,,,,,,,,,,,,,,,,,,,,,,,,,,,,,,,,,,,,,,,,,,,,,,,,,,,,,,,,,,,,,,,,,,,,,,,,,,,,,,,,,,,,,,,,,,,,,,,,,,,,,,,,,,,,,,,,,,,,
Data,12,record,timestamp,"944864519",s,position_lat,"390324508",semicircles,position_long,"-1398052462",semicircles,distance,"24859.69",m,altitude,"14.200000000000045",m,speed,"2.557",m/s,unknown,"0",,unknown,"100",,heart_rate,"119",bpm,cadence,"0",rpm,fractional_cadence,"0.0",rpm,enhanced_altitude,"14.200000000000045",m,enhanced_speed,"2.557",m/s,,,,,,,,,,,,,,,,,,,,,,,,,,,,,,,,,,,,,,,,,,,,,,,,,,,,,,,,,,,,,,,,,,,,,,,,,,,,,,,,,,,,,,,,,,,,,,,,,,,,,,,,,,,,,,,,,,,,,,,,,,,,,,,,,,,,,,,,,,,,,,,,,,,,,,,,,,,,,,,,,,,
Data,12,record,timestamp,"944864527",s,position_lat,"390324944",semicircles,position_long,"-1398049919",semicircles,distance,"24880.17",m,altitude,"14.200000000000045",m,speed,"2.538",m/s,unknown,"0",,unknown,"100",,heart_rate,"119",bpm,cadence,"0",rpm,fractional_cadence,"0.0",rpm,enhanced_altitude,"14.200000000000045",m,enhanced_speed,"2.538",m/s,,,,,,,,,,,,,,,,,,,,,,,,,,,,,,,,,,,,,,,,,,,,,,,,,,,,,,,,,,,,,,,,,,,,,,,,,,,,,,,,,,,,,,,,,,,,,,,,,,,,,,,,,,,,,,,,,,,,,,,,,,,,,,,,,,,,,,,,,,,,,,,,,,,,,,,,,,,,,,,,,,,
Data,12,record,timestamp,"944864534",s,position_lat,"390325060",semicircles,position_long,"-1398047637",semicircles,distance,"24898.15",m,altitude,"14.200000000000045",m,speed,"2.538",m/s,unknown,"0",,unknown,"100",,heart_rate,"116",bpm,cadence,"0",rpm,fractional_cadence,"0.0",rpm,enhanced_altitude,"14.200000000000045",m,enhanced_speed,"2.538",m/s,,,,,,,,,,,,,,,,,,,,,,,,,,,,,,,,,,,,,,,,,,,,,,,,,,,,,,,,,,,,,,,,,,,,,,,,,,,,,,,,,,,,,,,,,,,,,,,,,,,,,,,,,,,,,,,,,,,,,,,,,,,,,,,,,,,,,,,,,,,,,,,,,,,,,,,,,,,,,,,,,,,
Data,12,record,timestamp,"944864535",s,position_lat,"390325090",semicircles,position_long,"-1398047311",semicircles,distance,"24900.72",m,altitude,"14.200000000000045",m,speed,"2.603",m/s,unknown,"0",,unknown,"100",,heart_rate,"119",bpm,cadence,"0",rpm,fractional_cadence,"0.0",rpm,enhanced_altitude,"14.200000000000045",m,enhanced_speed,"2.603",m/s,,,,,,,,,,,,,,,,,,,,,,,,,,,,,,,,,,,,,,,,,,,,,,,,,,,,,,,,,,,,,,,,,,,,,,,,,,,,,,,,,,,,,,,,,,,,,,,,,,,,,,,,,,,,,,,,,,,,,,,,,,,,,,,,,,,,,,,,,,,,,,,,,,,,,,,,,,,,,,,,,,,
Data,12,record,timestamp,"944864537",s,position_lat,"390325162",semicircles,position_long,"-1398046661",semicircles,distance,"24905.88",m,altitude,"14.399999999999977",m,speed,"2.482",m/s,unknown,"0",,unknown,"100",,heart_rate,"119",bpm,cadence,"0",rpm,fractional_cadence,"0.0",rpm,enhanced_altitude,"14.399999999999977",m,enhanced_speed,"2.482",m/s,,,,,,,,,,,,,,,,,,,,,,,,,,,,,,,,,,,,,,,,,,,,,,,,,,,,,,,,,,,,,,,,,,,,,,,,,,,,,,,,,,,,,,,,,,,,,,,,,,,,,,,,,,,,,,,,,,,,,,,,,,,,,,,,,,,,,,,,,,,,,,,,,,,,,,,,,,,,,,,,,,,
Data,12,record,timestamp,"944864540",s,position_lat,"390325244",semicircles,position_long,"-1398045691",semicircles,distance,"24913.52",m,altitude,"14.200000000000045",m,speed,"2.557",m/s,unknown,"0",,unknown,"300",,heart_rate,"115",bpm,cadence,"0",rpm,fractional_cadence,"0.0",rpm,enhanced_altitude,"14.200000000000045",m,enhanced_speed,"2.557",m/s,,,,,,,,,,,,,,,,,,,,,,,,,,,,,,,,,,,,,,,,,,,,,,,,,,,,,,,,,,,,,,,,,,,,,,,,,,,,,,,,,,,,,,,,,,,,,,,,,,,,,,,,,,,,,,,,,,,,,,,,,,,,,,,,,,,,,,,,,,,,,,,,,,,,,,,,,,,,,,,,,,,
Data,12,record,timestamp,"944864542",s,position_lat,"390325261",semicircles,position_long,"-1398045020",semicircles,distance,"24918.8",m,altitude,"14.200000000000045",m,speed,"2.706",m/s,unknown,"0",,unknown,"300",,heart_rate,"112",bpm,cadence,"0",rpm,fractional_cadence,"0.0",rpm,enhanced_altitude,"14.200000000000045",m,enhanced_speed,"2.706",m/s,,,,,,,,,,,,,,,,,,,,,,,,,,,,,,,,,,,,,,,,,,,,,,,,,,,,,,,,,,,,,,,,,,,,,,,,,,,,,,,,,,,,,,,,,,,,,,,,,,,,,,,,,,,,,,,,,,,,,,,,,,,,,,,,,,,,,,,,,,,,,,,,,,,,,,,,,,,,,,,,,,,
Data,12,record,timestamp,"944864544",s,position_lat,"390325353",semicircles,position_long,"-1398044360",semicircles,distance,"24924.05",m,altitude,"14.399999999999977",m,speed,"2.641",m/s,unknown,"0",,unknown,"300",,heart_rate,"109",bpm,cadence,"0",rpm,fractional_cadence,"0.0",rpm,enhanced_altitude,"14.399999999999977",m,enhanced_speed,"2.641",m/s,,,,,,,,,,,,,,,,,,,,,,,,,,,,,,,,,,,,,,,,,,,,,,,,,,,,,,,,,,,,,,,,,,,,,,,,,,,,,,,,,,,,,,,,,,,,,,,,,,,,,,,,,,,,,,,,,,,,,,,,,,,,,,,,,,,,,,,,,,,,,,,,,,,,,,,,,,,,,,,,,,,
Data,12,record,timestamp,"944864547",s,position_lat,"390325551",semicircles,position_long,"-1398043346",semicircles,distance,"24932.18",m,altitude,"14.399999999999977",m,speed,"2.613",m/s,unknown,"0",,unknown,"300",,heart_rate,"108",bpm,cadence,"0",rpm,fractional_cadence,"0.0",rpm,enhanced_altitude,"14.399999999999977",m,enhanced_speed,"2.613",m/s,,,,,,,,,,,,,,,,,,,,,,,,,,,,,,,,,,,,,,,,,,,,,,,,,,,,,,,,,,,,,,,,,,,,,,,,,,,,,,,,,,,,,,,,,,,,,,,,,,,,,,,,,,,,,,,,,,,,,,,,,,,,,,,,,,,,,,,,,,,,,,,,,,,,,,,,,,,,,,,,,,,
Data,12,record,timestamp,"944864554",s,position_lat,"390326050",semicircles,position_long,"-1398040784",semicircles,distance,"24952.79",m,altitude,"14.399999999999977",m,speed,"2.958",m/s,unknown,"0",,unknown,"100",,heart_rate,"107",bpm,cadence,"0",rpm,fractional_cadence,"0.0",rpm,enhanced_altitude,"14.399999999999977",m,enhanced_speed,"2.958",m/s,,,,,,,,,,,,,,,,,,,,,,,,,,,,,,,,,,,,,,,,,,,,,,,,,,,,,,,,,,,,,,,,,,,,,,,,,,,,,,,,,,,,,,,,,,,,,,,,,,,,,,,,,,,,,,,,,,,,,,,,,,,,,,,,,,,,,,,,,,,,,,,,,,,,,,,,,,,,,,,,,,,
Data,12,record,timestamp,"944864560",s,position_lat,"390326571",semicircles,position_long,"-1398038677",semicircles,distance,"24970.02",m,altitude,"14.600000000000023",m,speed,"2.799",m/s,unknown,"0",,unknown,"100",,heart_rate,"110",bpm,cadence,"0",rpm,fractional_cadence,"0.0",rpm,enhanced_altitude,"14.600000000000023",m,enhanced_speed,"2.799",m/s,,,,,,,,,,,,,,,,,,,,,,,,,,,,,,,,,,,,,,,,,,,,,,,,,,,,,,,,,,,,,,,,,,,,,,,,,,,,,,,,,,,,,,,,,,,,,,,,,,,,,,,,,,,,,,,,,,,,,,,,,,,,,,,,,,,,,,,,,,,,,,,,,,,,,,,,,,,,,,,,,,,
Data,12,record,timestamp,"944864561",s,position_lat,"390326591",semicircles,position_long,"-1398038311",semicircles,distance,"24972.89",m,altitude,"14.600000000000023",m,speed,"3.023",m/s,unknown,"0",,unknown,"100",,heart_rate,"108",bpm,cadence,"0",rpm,fractional_cadence,"0.0",rpm,enhanced_altitude,"14.600000000000023",m,enhanced_speed,"3.023",m/s,,,,,,,,,,,,,,,,,,,,,,,,,,,,,,,,,,,,,,,,,,,,,,,,,,,,,,,,,,,,,,,,,,,,,,,,,,,,,,,,,,,,,,,,,,,,,,,,,,,,,,,,,,,,,,,,,,,,,,,,,,,,,,,,,,,,,,,,,,,,,,,,,,,,,,,,,,,,,,,,,,,
Data,12,record,timestamp,"944864569",s,position_lat,"390326228",semicircles,position_long,"-1398035539",semicircles,distance,"24995.13",m,altitude,"14.799999999999955",m,speed,"2.678",m/s,unknown,"0",,unknown,"100",,heart_rate,"106",bpm,cadence,"0",rpm,fractional_cadence,"0.0",rpm,enhanced_altitude,"14.799999999999955",m,enhanced_speed,"2.678",m/s,,,,,,,,,,,,,,,,,,,,,,,,,,,,,,,,,,,,,,,,,,,,,,,,,,,,,,,,,,,,,,,,,,,,,,,,,,,,,,,,,,,,,,,,,,,,,,,,,,,,,,,,,,,,,,,,,,,,,,,,,,,,,,,,,,,,,,,,,,,,,,,,,,,,,,,,,,,,,,,,,,,
Data,12,record,timestamp,"944864575",s,position_lat,"390325177",semicircles,position_long,"-1398033990",semicircles,distance,"25010.92",m,altitude,"14.799999999999955",m,speed,"2.426",m/s,unknown,"0",,unknown,"100",,heart_rate,"111",bpm,cadence,"0",rpm,fractional_cadence,"0.0",rpm,enhanced_altitude,"14.799999999999955",m,enhanced_speed,"2.426",m/s,,,,,,,,,,,,,,,,,,,,,,,,,,,,,,,,,,,,,,,,,,,,,,,,,,,,,,,,,,,,,,,,,,,,,,,,,,,,,,,,,,,,,,,,,,,,,,,,,,,,,,,,,,,,,,,,,,,,,,,,,,,,,,,,,,,,,,,,,,,,,,,,,,,,,,,,,,,,,,,,,,,
Data,12,record,timestamp,"944864576",s,position_lat,"390324957",semicircles,position_long,"-1398033794",semicircles,distance,"25013.48",m,altitude,"14.799999999999955",m,speed,"2.398",m/s,unknown,"0",,unknown,"100",,heart_rate,"108",bpm,cadence,"0",rpm,fractional_cadence,"0.0",rpm,enhanced_altitude,"14.799999999999955",m,enhanced_speed,"2.398",m/s,,,,,,,,,,,,,,,,,,,,,,,,,,,,,,,,,,,,,,,,,,,,,,,,,,,,,,,,,,,,,,,,,,,,,,,,,,,,,,,,,,,,,,,,,,,,,,,,,,,,,,,,,,,,,,,,,,,,,,,,,,,,,,,,,,,,,,,,,,,,,,,,,,,,,,,,,,,,,,,,,,,
Data,12,record,timestamp,"944864582",s,position_lat,"390323611",semicircles,position_long,"-1398033448",semicircles,distance,"25026.46",m,altitude,"14.799999999999955",m,speed,"2.034",m/s,unknown,"0",,unknown,"100",,heart_rate,"108",bpm,cadence,"0",rpm,fractional_cadence,"0.0",rpm,enhanced_altitude,"14.799999999999955",m,enhanced_speed,"2.034",m/s,,,,,,,,,,,,,,,,,,,,,,,,,,,,,,,,,,,,,,,,,,,,,,,,,,,,,,,,,,,,,,,,,,,,,,,,,,,,,,,,,,,,,,,,,,,,,,,,,,,,,,,,,,,,,,,,,,,,,,,,,,,,,,,,,,,,,,,,,,,,,,,,,,,,,,,,,,,,,,,,,,,
Data,12,record,timestamp,"944864584",s,position_lat,"390323196",semicircles,position_long,"-1398033577",semicircles,distance,"25030.51",m,altitude,"14.799999999999955",m,speed,"1.726",m/s,unknown,"0",,unknown,"100",,heart_rate,"111",bpm,cadence,"0",rpm,fractional_cadence,"0.0",rpm,enhanced_altitude,"14.799999999999955",m,enhanced_speed,"1.726",m/s,,,,,,,,,,,,,,,,,,,,,,,,,,,,,,,,,,,,,,,,,,,,,,,,,,,,,,,,,,,,,,,,,,,,,,,,,,,,,,,,,,,,,,,,,,,,,,,,,,,,,,,,,,,,,,,,,,,,,,,,,,,,,,,,,,,,,,,,,,,,,,,,,,,,,,,,,,,,,,,,,,,
Data,12,record,timestamp,"944864586",s,position_lat,"390322847",semicircles,position_long,"-1398033911",semicircles,distance,"25034.68",m,altitude,"14.799999999999955",m,speed,"2.081",m/s,unknown,"0",,unknown,"100",,heart_rate,"115",bpm,cadence,"0",rpm,fractional_cadence,"0.0",rpm,enhanced_altitude,"14.799999999999955",m,enhanced_speed,"2.081",m/s,,,,,,,,,,,,,,,,,,,,,,,,,,,,,,,,,,,,,,,,,,,,,,,,,,,,,,,,,,,,,,,,,,,,,,,,,,,,,,,,,,,,,,,,,,,,,,,,,,,,,,,,,,,,,,,,,,,,,,,,,,,,,,,,,,,,,,,,,,,,,,,,,,,,,,,,,,,,,,,,,,,
Data,12,record,timestamp,"944864587",s,position_lat,"390322674",semicircles,position_long,"-1398034119",semicircles,distance,"25036.97",m,altitude,"14.799999999999955",m,speed,"2.165",m/s,unknown,"0",,unknown,"100",,heart_rate,"117",bpm,cadence,"0",rpm,fractional_cadence,"0.0",rpm,enhanced_altitude,"14.799999999999955",m,enhanced_speed,"2.165",m/s,,,,,,,,,,,,,,,,,,,,,,,,,,,,,,,,,,,,,,,,,,,,,,,,,,,,,,,,,,,,,,,,,,,,,,,,,,,,,,,,,,,,,,,,,,,,,,,,,,,,,,,,,,,,,,,,,,,,,,,,,,,,,,,,,,,,,,,,,,,,,,,,,,,,,,,,,,,,,,,,,,,
Data,12,record,timestamp,"944864588",s,position_lat,"390322504",semicircles,position_long,"-1398034356",semicircles,distance,"25039.42",m,altitude,"14.799999999999955",m,speed,"2.305",m/s,unknown,"0",,unknown,"100",,heart_rate,"117",bpm,cadence,"0",rpm,fractional_cadence,"0.0",rpm,enhanced_altitude,"14.799999999999955",m,enhanced_speed,"2.305",m/s,,,,,,,,,,,,,,,,,,,,,,,,,,,,,,,,,,,,,,,,,,,,,,,,,,,,,,,,,,,,,,,,,,,,,,,,,,,,,,,,,,,,,,,,,,,,,,,,,,,,,,,,,,,,,,,,,,,,,,,,,,,,,,,,,,,,,,,,,,,,,,,,,,,,,,,,,,,,,,,,,,,
Data,12,record,timestamp,"944864591",s,position_lat,"390321948",semicircles,position_long,"-1398035048",semicircles,distance,"25046.93",m,altitude,"14.799999999999955",m,speed,"2.566",m/s,unknown,"0",,unknown,"100",,heart_rate,"122",bpm,cadence,"0",rpm,fractional_cadence,"0.0",rpm,enhanced_altitude,"14.799999999999955",m,enhanced_speed,"2.566",m/s,,,,,,,,,,,,,,,,,,,,,,,,,,,,,,,,,,,,,,,,,,,,,,,,,,,,,,,,,,,,,,,,,,,,,,,,,,,,,,,,,,,,,,,,,,,,,,,,,,,,,,,,,,,,,,,,,,,,,,,,,,,,,,,,,,,,,,,,,,,,,,,,,,,,,,,,,,,,,,,,,,,
Data,12,record,timestamp,"944864595",s,position_lat,"390321053",semicircles,position_long,"-1398035967",semicircles,distance,"25057.95",m,altitude,"15.0",m,speed,"2.855",m/s,unknown,"0",,unknown,"100",,heart_rate,"119",bpm,cadence,"0",rpm,fractional_cadence,"0.0",rpm,enhanced_altitude,"15.0",m,enhanced_speed,"2.855",m/s,,,,,,,,,,,,,,,,,,,,,,,,,,,,,,,,,,,,,,,,,,,,,,,,,,,,,,,,,,,,,,,,,,,,,,,,,,,,,,,,,,,,,,,,,,,,,,,,,,,,,,,,,,,,,,,,,,,,,,,,,,,,,,,,,,,,,,,,,,,,,,,,,,,,,,,,,,,,,,,,,,,
Data,12,record,timestamp,"944864596",s,position_lat,"390320799",semicircles,position_long,"-1398036204",semicircles,distance,"25060.95",m,altitude,"15.0",m,speed,"3.014",m/s,unknown,"0",,unknown,"100",,heart_rate,"121",bpm,cadence,"0",rpm,fractional_cadence,"0.0",rpm,enhanced_altitude,"15.0",m,enhanced_speed,"3.014",m/s,,,,,,,,,,,,,,,,,,,,,,,,,,,,,,,,,,,,,,,,,,,,,,,,,,,,,,,,,,,,,,,,,,,,,,,,,,,,,,,,,,,,,,,,,,,,,,,,,,,,,,,,,,,,,,,,,,,,,,,,,,,,,,,,,,,,,,,,,,,,,,,,,,,,,,,,,,,,,,,,,,,
Data,12,record,timestamp,"944864605",s,position_lat,"390318115",semicircles,position_long,"-1398037978",semicircles,distance,"25089.56",m,altitude,"15.0",m,speed,"3.051",m/s,unknown,"0",,unknown,"100",,heart_rate,"119",bpm,cadence,"0",rpm,fractional_cadence,"0.0",rpm,enhanced_altitude,"15.0",m,enhanced_speed,"3.051",m/s,,,,,,,,,,,,,,,,,,,,,,,,,,,,,,,,,,,,,,,,,,,,,,,,,,,,,,,,,,,,,,,,,,,,,,,,,,,,,,,,,,,,,,,,,,,,,,,,,,,,,,,,,,,,,,,,,,,,,,,,,,,,,,,,,,,,,,,,,,,,,,,,,,,,,,,,,,,,,,,,,,,
Data,12,record,timestamp,"944864614",s,position_lat,"390315523",semicircles,position_long,"-1398038835",semicircles,distance,"25114.68",m,altitude,"14.799999999999955",m,speed,"2.603",m/s,unknown,"0",,unknown,"100",,heart_rate,"118",bpm,cadence,"0",rpm,fractional_cadence,"0.0",rpm,enhanced_altitude,"14.799999999999955",m,enhanced_speed,"2.603",m/s,,,,,,,,,,,,,,,,,,,,,,,,,,,,,,,,,,,,,,,,,,,,,,,,,,,,,,,,,,,,,,,,,,,,,,,,,,,,,,,,,,,,,,,,,,,,,,,,,,,,,,,,,,,,,,,,,,,,,,,,,,,,,,,,,,,,,,,,,,,,,,,,,,,,,,,,,,,,,,,,,,,
Data,12,record,timestamp,"944864616",s,position_lat,"390314956",semicircles,position_long,"-1398038907",semicircles,distance,"25119.97",m,altitude,"14.799999999999955",m,speed,"2.445",m/s,unknown,"0",,unknown,"100",,heart_rate,"115",bpm,cadence,"0",rpm,fractional_cadence,"0.0",rpm,enhanced_altitude,"14.799999999999955",m,enhanced_speed,"2.445",m/s,,,,,,,,,,,,,,,,,,,,,,,,,,,,,,,,,,,,,,,,,,,,,,,,,,,,,,,,,,,,,,,,,,,,,,,,,,,,,,,,,,,,,,,,,,,,,,,,,,,,,,,,,,,,,,,,,,,,,,,,,,,,,,,,,,,,,,,,,,,,,,,,,,,,,,,,,,,,,,,,,,,
Data,12,record,timestamp,"944864623",s,position_lat,"390313154",semicircles,position_long,"-1398038613",semicircles,distance,"25136.89",m,altitude,"14.799999999999955",m,speed,"2.435",m/s,unknown,"0",,unknown,"100",,heart_rate,"115",bpm,cadence,"0",rpm,fractional_cadence,"0.0",rpm,enhanced_altitude,"14.799999999999955",m,enhanced_speed,"2.435",m/s,,,,,,,,,,,,,,,,,,,,,,,,,,,,,,,,,,,,,,,,,,,,,,,,,,,,,,,,,,,,,,,,,,,,,,,,,,,,,,,,,,,,,,,,,,,,,,,,,,,,,,,,,,,,,,,,,,,,,,,,,,,,,,,,,,,,,,,,,,,,,,,,,,,,,,,,,,,,,,,,,,,
Data,12,record,timestamp,"944864631",s,position_lat,"390311404",semicircles,position_long,"-1398037957",semicircles,distance,"25153.96",m,altitude,"14.600000000000023",m,speed,"1.866",m/s,unknown,"0",,unknown,"100",,heart_rate,"116",bpm,cadence,"0",rpm,fractional_cadence,"0.0",rpm,enhanced_altitude,"14.600000000000023",m,enhanced_speed,"1.866",m/s,,,,,,,,,,,,,,,,,,,,,,,,,,,,,,,,,,,,,,,,,,,,,,,,,,,,,,,,,,,,,,,,,,,,,,,,,,,,,,,,,,,,,,,,,,,,,,,,,,,,,,,,,,,,,,,,,,,,,,,,,,,,,,,,,,,,,,,,,,,,,,,,,,,,,,,,,,,,,,,,,,,
Data,12,record,timestamp,"944864638",s,position_lat,"390310081",semicircles,position_long,"-1398037587",semicircles,distance,"25166.61",m,altitude,"14.600000000000023",m,speed,"2.053",m/s,unknown,"0",,unknown,"100",,heart_rate,"113",bpm,cadence,"0",rpm,fractional_cadence,"0.0",rpm,enhanced_altitude,"14.600000000000023",m,enhanced_speed,"2.053",m/s,,,,,,,,,,,,,,,,,,,,,,,,,,,,,,,,,,,,,,,,,,,,,,,,,,,,,,,,,,,,,,,,,,,,,,,,,,,,,,,,,,,,,,,,,,,,,,,,,,,,,,,,,,,,,,,,,,,,,,,,,,,,,,,,,,,,,,,,,,,,,,,,,,,,,,,,,,,,,,,,,,,
Data,12,record,timestamp,"944864639",s,position_lat,"390309852",semicircles,position_long,"-1398037553",semicircles,distance,"25168.76",m,altitude,"14.600000000000023",m,speed,"2.23",m/s,unknown,"0",,unknown,"100",,heart_rate,"114",bpm,cadence,"0",rpm,fractional_cadence,"0.0",rpm,enhanced_altitude,"14.600000000000023",m,enhanced_speed,"2.23",m/s,,,,,,,,,,,,,,,,,,,,,,,,,,,,,,,,,,,,,,,,,,,,,,,,,,,,,,,,,,,,,,,,,,,,,,,,,,,,,,,,,,,,,,,,,,,,,,,,,,,,,,,,,,,,,,,,,,,,,,,,,,,,,,,,,,,,,,,,,,,,,,,,,,,,,,,,,,,,,,,,,,,
Data,12,record,timestamp,"944864648",s,position_lat,"390308121",semicircles,position_long,"-1398037663",semicircles,distance,"25184.99",m,altitude,"14.600000000000023",m,speed,"1.997",m/s,unknown,"0",,unknown,"100",,heart_rate,"114",bpm,cadence,"0",rpm,fractional_cadence,"0.0",rpm,enhanced_altitude,"14.600000000000023",m,enhanced_speed,"1.997",m/s,,,,,,,,,,,,,,,,,,,,,,,,,,,,,,,,,,,,,,,,,,,,,,,,,,,,,,,,,,,,,,,,,,,,,,,,,,,,,,,,,,,,,,,,,,,,,,,,,,,,,,,,,,,,,,,,,,,,,,,,,,,,,,,,,,,,,,,,,,,,,,,,,,,,,,,,,,,,,,,,,,,
Data,12,record,timestamp,"944864655",s,position_lat,"390306510",semicircles,position_long,"-1398037893",semicircles,distance,"25200.07",m,altitude,"14.600000000000023",m,speed,"2.127",m/s,unknown,"0",,unknown,"100",,heart_rate,"111",bpm,cadence,"0",rpm,fractional_cadence,"0.0",rpm,enhanced_altitude,"14.600000000000023",m,enhanced_speed,"2.127",m/s,,,,,,,,,,,,,,,,,,,,,,,,,,,,,,,,,,,,,,,,,,,,,,,,,,,,,,,,,,,,,,,,,,,,,,,,,,,,,,,,,,,,,,,,,,,,,,,,,,,,,,,,,,,,,,,,,,,,,,,,,,,,,,,,,,,,,,,,,,,,,,,,,,,,,,,,,,,,,,,,,,,
Data,12,record,timestamp,"944864657",s,position_lat,"390306072",semicircles,position_long,"-1398037980",semicircles,distance,"25204.18",m,altitude,"14.600000000000023",m,speed,"2.015",m/s,unknown,"0",,unknown,"100",,heart_rate,"112",bpm,cadence,"0",rpm,fractional_cadence,"0.0",rpm,enhanced_altitude,"14.600000000000023",m,enhanced_speed,"2.015",m/s,,,,,,,,,,,,,,,,,,,,,,,,,,,,,,,,,,,,,,,,,,,,,,,,,,,,,,,,,,,,,,,,,,,,,,,,,,,,,,,,,,,,,,,,,,,,,,,,,,,,,,,,,,,,,,,,,,,,,,,,,,,,,,,,,,,,,,,,,,,,,,,,,,,,,,,,,,,,,,,,,,,
Data,12,record,timestamp,"944864666",s,position_lat,"390303991",semicircles,position_long,"-1398038487",semicircles,distance,"25223.93",m,altitude,"14.600000000000023",m,speed,"2.221",m/s,unknown,"0",,unknown,"100",,heart_rate,"111",bpm,cadence,"0",rpm,fractional_cadence,"0.0",rpm,enhanced_altitude,"14.600000000000023",m,enhanced_speed,"2.221",m/s,,,,,,,,,,,,,,,,,,,,,,,,,,,,,,,,,,,,,,,,,,,,,,,,,,,,,,,,,,,,,,,,,,,,,,,,,,,,,,,,,,,,,,,,,,,,,,,,,,,,,,,,,,,,,,,,,,,,,,,,,,,,,,,,,,,,,,,,,,,,,,,,,,,,,,,,,,,,,,,,,,,
Data,12,record,timestamp,"944864675",s,position_lat,"390301848",semicircles,position_long,"-1398039090",semicircles,distance,"25244.41",m,altitude,"14.799999999999955",m,speed,"2.333",m/s,unknown,"0",,unknown,"100",,heart_rate,"109",bpm,cadence,"0",rpm,fractional_cadence,"0.0",rpm,enhanced_altitude,"14.799999999999955",m,enhanced_speed,"2.333",m/s,,,,,,,,,,,,,,,,,,,,,,,,,,,,,,,,,,,,,,,,,,,,,,,,,,,,,,,,,,,,,,,,,,,,,,,,,,,,,,,,,,,,,,,,,,,,,,,,,,,,,,,,,,,,,,,,,,,,,,,,,,,,,,,,,,,,,,,,,,,,,,,,,,,,,,,,,,,,,,,,,,,
Data,12,record,timestamp,"944864684",s,position_lat,"390299571",semicircles,position_long,"-1398039645",semicircles,distance,"25266.01",m,altitude,"14.799999999999955",m,speed,"2.239",m/s,unknown,"0",,unknown,"100",,heart_rate,"110",bpm,cadence,"0",rpm,fractional_cadence,"0.0",rpm,enhanced_altitude,"14.799999999999955",m,enhanced_speed,"2.239",m/s,,,,,,,,,,,,,,,,,,,,,,,,,,,,,,,,,,,,,,,,,,,,,,,,,,,,,,,,,,,,,,,,,,,,,,,,,,,,,,,,,,,,,,,,,,,,,,,,,,,,,,,,,,,,,,,,,,,,,,,,,,,,,,,,,,,,,,,,,,,,,,,,,,,,,,,,,,,,,,,,,,,
Data,12,record,timestamp,"944864692",s,position_lat,"390297459",semicircles,position_long,"-1398039782",semicircles,distance,"25285.74",m,altitude,"15.0",m,speed,"2.641",m/s,unknown,"0",,unknown,"100",,heart_rate,"109",bpm,cadence,"0",rpm,fractional_cadence,"0.0",rpm,enhanced_altitude,"15.0",m,enhanced_speed,"2.641",m/s,,,,,,,,,,,,,,,,,,,,,,,,,,,,,,,,,,,,,,,,,,,,,,,,,,,,,,,,,,,,,,,,,,,,,,,,,,,,,,,,,,,,,,,,,,,,,,,,,,,,,,,,,,,,,,,,,,,,,,,,,,,,,,,,,,,,,,,,,,,,,,,,,,,,,,,,,,,,,,,,,,,
Data,12,record,timestamp,"944864700",s,position_lat,"390294837",semicircles,position_long,"-1398039854",semicircles,distance,"25310.13",m,altitude,"15.200000000000045",m,speed,"3.238",m/s,unknown,"0",,unknown,"100",,heart_rate,"110",bpm,cadence,"0",rpm,fractional_cadence,"0.0",rpm,enhanced_altitude,"15.200000000000045",m,enhanced_speed,"3.238",m/s,,,,,,,,,,,,,,,,,,,,,,,,,,,,,,,,,,,,,,,,,,,,,,,,,,,,,,,,,,,,,,,,,,,,,,,,,,,,,,,,,,,,,,,,,,,,,,,,,,,,,,,,,,,,,,,,,,,,,,,,,,,,,,,,,,,,,,,,,,,,,,,,,,,,,,,,,,,,,,,,,,,
Data,12,record,timestamp,"944864705",s,position_lat,"390292973",semicircles,position_long,"-1398039795",semicircles,distance,"25327.48",m,altitude,"15.0",m,speed,"3.396",m/s,unknown,"0",,unknown,"100",,heart_rate,"107",bpm,cadence,"0",rpm,fractional_cadence,"0.0",rpm,enhanced_altitude,"15.0",m,enhanced_speed,"3.396",m/s,,,,,,,,,,,,,,,,,,,,,,,,,,,,,,,,,,,,,,,,,,,,,,,,,,,,,,,,,,,,,,,,,,,,,,,,,,,,,,,,,,,,,,,,,,,,,,,,,,,,,,,,,,,,,,,,,,,,,,,,,,,,,,,,,,,,,,,,,,,,,,,,,,,,,,,,,,,,,,,,,,,
Data,12,record,timestamp,"944864707",s,position_lat,"390292255",semicircles,position_long,"-1398039659",semicircles,distance,"25334.23",m,altitude,"15.0",m,speed,"3.303",m/s,unknown,"0",,unknown,"100",,heart_rate,"108",bpm,cadence,"0",rpm,fractional_cadence,"0.0",rpm,enhanced_altitude,"15.0",m,enhanced_speed,"3.303",m/s,,,,,,,,,,,,,,,,,,,,,,,,,,,,,,,,,,,,,,,,,,,,,,,,,,,,,,,,,,,,,,,,,,,,,,,,,,,,,,,,,,,,,,,,,,,,,,,,,,,,,,,,,,,,,,,,,,,,,,,,,,,,,,,,,,,,,,,,,,,,,,,,,,,,,,,,,,,,,,,,,,,
Data,12,record,timestamp,"944864715",s,position_lat,"390289752",semicircles,position_long,"-1398038819",semicircles,distance,"25358.45",m,altitude,"15.0",m,speed,"2.846",m/s,unknown,"0",,unknown,"100",,heart_rate,"108",bpm,cadence,"0",rpm,fractional_cadence,"0.0",rpm,enhanced_altitude,"15.0",m,enhanced_speed,"2.846",m/s,,,,,,,,,,,,,,,,,,,,,,,,,,,,,,,,,,,,,,,,,,,,,,,,,,,,,,,,,,,,,,,,,,,,,,,,,,,,,,,,,,,,,,,,,,,,,,,,,,,,,,,,,,,,,,,,,,,,,,,,,,,,,,,,,,,,,,,,,,,,,,,,,,,,,,,,,,,,,,,,,,,
Data,12,record,timestamp,"944864717",s,position_lat,"390289166",semicircles,position_long,"-1398038588",semicircles,distance,"25364.19",m,altitude,"14.799999999999955",m,speed,"2.948",m/s,unknown,"0",,unknown,"100",,heart_rate,"105",bpm,cadence,"0",rpm,fractional_cadence,"0.0",rpm,enhanced_altitude,"14.799999999999955",m,enhanced_speed,"2.948",m/s,,,,,,,,,,,,,,,,,,,,,,,,,,,,,,,,,,,,,,,,,,,,,,,,,,,,,,,,,,,,,,,,,,,,,,,,,,,,,,,,,,,,,,,,,,,,,,,,,,,,,,,,,,,,,,,,,,,,,,,,,,,,,,,,,,,,,,,,,,,,,,,,,,,,,,,,,,,,,,,,,,,
Data,12,record,timestamp,"944864719",s,position_lat,"390288563",semicircles,position_long,"-1398038382",semicircles,distance,"25370.03",m,altitude,"14.799999999999955",m,speed,"2.79",m/s,unknown,"0",,unknown,"100",,heart_rate,"108",bpm,cadence,"0",rpm,fractional_cadence,"0.0",rpm,enhanced_altitude,"14.799999999999955",m,enhanced_speed,"2.79",m/s,,,,,,,,,,,,,,,,,,,,,,,,,,,,,,,,,,,,,,,,,,,,,,,,,,,,,,,,,,,,,,,,,,,,,,,,,,,,,,,,,,,,,,,,,,,,,,,,,,,,,,,,,,,,,,,,,,,,,,,,,,,,,,,,,,,,,,,,,,,,,,,,,,,,,,,,,,,,,,,,,,,
Data,12,record,timestamp,"944864724",s,position_lat,"390287075",semicircles,position_long,"-1398037906",semicircles,distance,"25384.35",m,altitude,"14.600000000000023",m,speed,"2.809",m/s,unknown,"0",,unknown,"100",,heart_rate,"105",bpm,cadence,"0",rpm,fractional_cadence,"0.0",rpm,enhanced_altitude,"14.600000000000023",m,enhanced_speed,"2.809",m/s,,,,,,,,,,,,,,,,,,,,,,,,,,,,,,,,,,,,,,,,,,,,,,,,,,,,,,,,,,,,,,,,,,,,,,,,,,,,,,,,,,,,,,,,,,,,,,,,,,,,,,,,,,,,,,,,,,,,,,,,,,,,,,,,,,,,,,,,,,,,,,,,,,,,,,,,,,,,,,,,,,,
Data,12,record,timestamp,"944864727",s,position_lat,"390286183",semicircles,position_long,"-1398037635",semicircles,distance,"25392.92",m,altitude,"14.600000000000023",m,speed,"2.827",m/s,unknown,"0",,unknown,"100",,heart_rate,"108",bpm,cadence,"0",rpm,fractional_cadence,"0.0",rpm,enhanced_altitude,"14.600000000000023",m,enhanced_speed,"2.827",m/s,,,,,,,,,,,,,,,,,,,,,,,,,,,,,,,,,,,,,,,,,,,,,,,,,,,,,,,,,,,,,,,,,,,,,,,,,,,,,,,,,,,,,,,,,,,,,,,,,,,,,,,,,,,,,,,,,,,,,,,,,,,,,,,,,,,,,,,,,,,,,,,,,,,,,,,,,,,,,,,,,,,
Data,12,record,timestamp,"944864735",s,position_lat,"390283845",semicircles,position_long,"-1398036801",semicircles,distance,"25415.58",m,altitude,"14.600000000000023",m,speed,"2.715",m/s,unknown,"0",,unknown,"100",,heart_rate,"104",bpm,cadence,"0",rpm,fractional_cadence,"0.0",rpm,enhanced_altitude,"14.600000000000023",m,enhanced_speed,"2.715",m/s,,,,,,,,,,,,,,,,,,,,,,,,,,,,,,,,,,,,,,,,,,,,,,,,,,,,,,,,,,,,,,,,,,,,,,,,,,,,,,,,,,,,,,,,,,,,,,,,,,,,,,,,,,,,,,,,,,,,,,,,,,,,,,,,,,,,,,,,,,,,,,,,,,,,,,,,,,,,,,,,,,,
Data,12,record,timestamp,"944864742",s,position_lat,"390281692",semicircles,position_long,"-1398036166",semicircles,distance,"25436.2",m,altitude,"14.600000000000023",m,speed,"2.659",m/s,unknown,"0",,unknown,"100",,heart_rate,"107",bpm,cadence,"0",rpm,fractional_cadence,"0.0",rpm,enhanced_altitude,"14.600000000000023",m,enhanced_speed,"2.659",m/s,,,,,,,,,,,,,,,,,,,,,,,,,,,,,,,,,,,,,,,,,,,,,,,,,,,,,,,,,,,,,,,,,,,,,,,,,,,,,,,,,,,,,,,,,,,,,,,,,,,,,,,,,,,,,,,,,,,,,,,,,,,,,,,,,,,,,,,,,,,,,,,,,,,,,,,,,,,,,,,,,,,
Data,12,record,timestamp,"944864744",s,position_lat,"390281084",semicircles,position_long,"-1398036111",semicircles,distance,"25441.87",m,altitude,"14.600000000000023",m,speed,"2.809",m/s,unknown,"0",,unknown,"100",,heart_rate,"106",bpm,cadence,"0",rpm,fractional_cadence,"0.0",rpm,enhanced_altitude,"14.600000000000023",m,enhanced_speed,"2.809",m/s,,,,,,,,,,,,,,,,,,,,,,,,,,,,,,,,,,,,,,,,,,,,,,,,,,,,,,,,,,,,,,,,,,,,,,,,,,,,,,,,,,,,,,,,,,,,,,,,,,,,,,,,,,,,,,,,,,,,,,,,,,,,,,,,,,,,,,,,,,,,,,,,,,,,,,,,,,,,,,,,,,,
Data,12,record,timestamp,"944864747",s,position_lat,"390280234",semicircles,position_long,"-1398035886",semicircles,distance,"25449.99",m,altitude,"14.799999999999955",m,speed,"2.659",m/s,unknown,"0",,unknown,"100",,heart_rate,"109",bpm,cadence,"0",rpm,fractional_cadence,"0.0",rpm,enhanced_altitude,"14.799999999999955",m,enhanced_speed,"2.659",m/s,,,,,,,,,,,,,,,,,,,,,,,,,,,,,,,,,,,,,,,,,,,,,,,,,,,,,,,,,,,,,,,,,,,,,,,,,,,,,,,,,,,,,,,,,,,,,,,,,,,,,,,,,,,,,,,,,,,,,,,,,,,,,,,,,,,,,,,,,,,,,,,,,,,,,,,,,,,,,,,,,,,
Data,12,record,timestamp,"944864751",s,position_lat,"390278973",semicircles,position_long,"-1398035588",semicircles,distance,"25461.95",m,altitude,"14.600000000000023",m,speed,"2.865",m/s,unknown,"0",,unknown,"100",,heart_rate,"107",bpm,cadence,"0",rpm,fractional_cadence,"0.0",rpm,enhanced_altitude,"14.600000000000023",m,enhanced_speed,"2.865",m/s,,,,,,,,,,,,,,,,,,,,,,,,,,,,,,,,,,,,,,,,,,,,,,,,,,,,,,,,,,,,,,,,,,,,,,,,,,,,,,,,,,,,,,,,,,,,,,,,,,,,,,,,,,,,,,,,,,,,,,,,,,,,,,,,,,,,,,,,,,,,,,,,,,,,,,,,,,,,,,,,,,,
Data,12,record,timestamp,"944864754",s,position_lat,"390278203",semicircles,position_long,"-1398035361",semicircles,distance,"25469.34",m,altitude,"14.600000000000023",m,speed,"2.445",m/s,unknown,"0",,unknown,"100",,heart_rate,"111",bpm,cadence,"0",rpm,fractional_cadence,"0.0",rpm,enhanced_altitude,"14.600000000000023",m,enhanced_speed,"2.445",m/s,,,,,,,,,,,,,,,,,,,,,,,,,,,,,,,,,,,,,,,,,,,,,,,,,,,,,,,,,,,,,,,,,,,,,,,,,,,,,,,,,,,,,,,,,,,,,,,,,,,,,,,,,,,,,,,,,,,,,,,,,,,,,,,,,,,,,,,,,,,,,,,,,,,,,,,,,,,,,,,,,,,
Data,12,record,timestamp,"944864757",s,position_lat,"390277434",semicircles,position_long,"-1398035061",semicircles,distance,"25476.87",m,altitude,"14.600000000000023",m,speed,"2.631",m/s,unknown,"0",,unknown,"100",,heart_rate,"117",bpm,cadence,"0",rpm,fractional_cadence,"0.0",rpm,enhanced_altitude,"14.600000000000023",m,enhanced_speed,"2.631",m/s,,,,,,,,,,,,,,,,,,,,,,,,,,,,,,,,,,,,,,,,,,,,,,,,,,,,,,,,,,,,,,,,,,,,,,,,,,,,,,,,,,,,,,,,,,,,,,,,,,,,,,,,,,,,,,,,,,,,,,,,,,,,,,,,,,,,,,,,,,,,,,,,,,,,,,,,,,,,,,,,,,,
Data,12,record,timestamp,"944864758",s,position_lat,"390277169",semicircles,position_long,"-1398035017",semicircles,distance,"25479.35",m,altitude,"14.600000000000023",m,speed,"2.407",m/s,unknown,"0",,unknown,"100",,heart_rate,"117",bpm,cadence,"0",rpm,fractional_cadence,"0.0",rpm,enhanced_altitude,"14.600000000000023",m,enhanced_speed,"2.407",m/s,,,,,,,,,,,,,,,,,,,,,,,,,,,,,,,,,,,,,,,,,,,,,,,,,,,,,,,,,,,,,,,,,,,,,,,,,,,,,,,,,,,,,,,,,,,,,,,,,,,,,,,,,,,,,,,,,,,,,,,,,,,,,,,,,,,,,,,,,,,,,,,,,,,,,,,,,,,,,,,,,,,
Data,12,record,timestamp,"944864759",s,position_lat,"390276907",semicircles,position_long,"-1398034948",semicircles,distance,"25481.85",m,altitude,"14.600000000000023",m,speed,"2.51",m/s,unknown,"0",,unknown,"100",,heart_rate,"119",bpm,cadence,"0",rpm,fractional_cadence,"0.0",rpm,enhanced_altitude,"14.600000000000023",m,enhanced_speed,"2.51",m/s,,,,,,,,,,,,,,,,,,,,,,,,,,,,,,,,,,,,,,,,,,,,,,,,,,,,,,,,,,,,,,,,,,,,,,,,,,,,,,,,,,,,,,,,,,,,,,,,,,,,,,,,,,,,,,,,,,,,,,,,,,,,,,,,,,,,,,,,,,,,,,,,,,,,,,,,,,,,,,,,,,,
Data,12,record,timestamp,"944864765",s,position_lat,"390275288",semicircles,position_long,"-1398034478",semicircles,distance,"25497.33",m,altitude,"14.399999999999977",m,speed,"2.342",m/s,unknown,"0",,unknown,"100",,heart_rate,"116",bpm,cadence,"0",rpm,fractional_cadence,"0.0",rpm,enhanced_altitude,"14.399999999999977",m,enhanced_speed,"2.342",m/s,,,,,,,,,,,,,,,,,,,,,,,,,,,,,,,,,,,,,,,,,,,,,,,,,,,,,,,,,,,,,,,,,,,,,,,,,,,,,,,,,,,,,,,,,,,,,,,,,,,,,,,,,,,,,,,,,,,,,,,,,,,,,,,,,,,,,,,,,,,,,,,,,,,,,,,,,,,,,,,,,,,
Data,12,record,timestamp,"944864767",s,position_lat,"390274751",semicircles,position_long,"-1398034334",semicircles,distance,"25502.45",m,altitude,"14.399999999999977",m,speed,"2.482",m/s,unknown,"0",,unknown,"100",,heart_rate,"116",bpm,cadence,"0",rpm,fractional_cadence,"0.0",rpm,enhanced_altitude,"14.399999999999977",m,enhanced_speed,"2.482",m/s,,,,,,,,,,,,,,,,,,,,,,,,,,,,,,,,,,,,,,,,,,,,,,,,,,,,,,,,,,,,,,,,,,,,,,,,,,,,,,,,,,,,,,,,,,,,,,,,,,,,,,,,,,,,,,,,,,,,,,,,,,,,,,,,,,,,,,,,,,,,,,,,,,,,,,,,,,,,,,,,,,,
Data,12,record,timestamp,"944864776",s,position_lat,"390272463",semicircles,position_long,"-1398033700",semicircles,distance,"25524.32",m,altitude,"14.399999999999977",m,speed,"2.445",m/s,unknown,"0",,unknown,"300",,heart_rate,"118",bpm,cadence,"0",rpm,fractional_cadence,"0.0",rpm,enhanced_altitude,"14.399999999999977",m,enhanced_speed,"2.445",m/s,,,,,,,,,,,,,,,,,,,,,,,,,,,,,,,,,,,,,,,,,,,,,,,,,,,,,,,,,,,,,,,,,,,,,,,,,,,,,,,,,,,,,,,,,,,,,,,,,,,,,,,,,,,,,,,,,,,,,,,,,,,,,,,,,,,,,,,,,,,,,,,,,,,,,,,,,,,,,,,,,,,
Data,12,record,timestamp,"944864780",s,position_lat,"390271493",semicircles,position_long,"-1398033461",semicircles,distance,"25533.52",m,altitude,"14.399999999999977",m,speed,"2.407",m/s,unknown,"0",,unknown,"300",,heart_rate,"121",bpm,cadence,"0",rpm,fractional_cadence,"0.0",rpm,enhanced_altitude,"14.399999999999977",m,enhanced_speed,"2.407",m/s,,,,,,,,,,,,,,,,,,,,,,,,,,,,,,,,,,,,,,,,,,,,,,,,,,,,,,,,,,,,,,,,,,,,,,,,,,,,,,,,,,,,,,,,,,,,,,,,,,,,,,,,,,,,,,,,,,,,,,,,,,,,,,,,,,,,,,,,,,,,,,,,,,,,,,,,,,,,,,,,,,,
Data,12,record,timestamp,"944864784",s,position_lat,"390270539",semicircles,position_long,"-1398033307",semicircles,distance,"25542.45",m,altitude,"14.399999999999977",m,speed,"2.426",m/s,unknown,"0",,unknown,"300",,heart_rate,"124",bpm,cadence,"0",rpm,fractional_cadence,"0.0",rpm,enhanced_altitude,"14.399999999999977",m,enhanced_speed,"2.426",m/s,,,,,,,,,,,,,,,,,,,,,,,,,,,,,,,,,,,,,,,,,,,,,,,,,,,,,,,,,,,,,,,,,,,,,,,,,,,,,,,,,,,,,,,,,,,,,,,,,,,,,,,,,,,,,,,,,,,,,,,,,,,,,,,,,,,,,,,,,,,,,,,,,,,,,,,,,,,,,,,,,,,
Data,12,record,timestamp,"944864785",s,position_lat,"390270293",semicircles,position_long,"-1398033255",semicircles,distance,"25544.76",m,altitude,"14.399999999999977",m,speed,"2.267",m/s,unknown,"0",,unknown,"300",,heart_rate,"125",bpm,cadence,"0",rpm,fractional_cadence,"0.0",rpm,enhanced_altitude,"14.399999999999977",m,enhanced_speed,"2.267",m/s,,,,,,,,,,,,,,,,,,,,,,,,,,,,,,,,,,,,,,,,,,,,,,,,,,,,,,,,,,,,,,,,,,,,,,,,,,,,,,,,,,,,,,,,,,,,,,,,,,,,,,,,,,,,,,,,,,,,,,,,,,,,,,,,,,,,,,,,,,,,,,,,,,,,,,,,,,,,,,,,,,,
Data,12,record,timestamp,"944864792",s,position_lat,"390268578",semicircles,position_long,"-1398033162",semicircles,distance,"25560.73",m,altitude,"14.600000000000023",m,speed,"2.174",m/s,unknown,"0",,unknown,"100",,heart_rate,"124",bpm,cadence,"0",rpm,fractional_cadence,"0.0",rpm,enhanced_altitude,"14.600000000000023",m,enhanced_speed,"2.174",m/s,,,,,,,,,,,,,,,,,,,,,,,,,,,,,,,,,,,,,,,,,,,,,,,,,,,,,,,,,,,,,,,,,,,,,,,,,,,,,,,,,,,,,,,,,,,,,,,,,,,,,,,,,,,,,,,,,,,,,,,,,,,,,,,,,,,,,,,,,,,,,,,,,,,,,,,,,,,,,,,,,,,
Data,12,record,timestamp,"944864799",s,position_lat,"390266892",semicircles,position_long,"-1398033580",semicircles,distance,"25576.81",m,altitude,"14.600000000000023",m,speed,"2.323",m/s,unknown,"0",,unknown,"100",,heart_rate,"123",bpm,cadence,"0",rpm,fractional_cadence,"0.0",rpm,enhanced_altitude,"14.600000000000023",m,enhanced_speed,"2.323",m/s,,,,,,,,,,,,,,,,,,,,,,,,,,,,,,,,,,,,,,,,,,,,,,,,,,,,,,,,,,,,,,,,,,,,,,,,,,,,,,,,,,,,,,,,,,,,,,,,,,,,,,,,,,,,,,,,,,,,,,,,,,,,,,,,,,,,,,,,,,,,,,,,,,,,,,,,,,,,,,,,,,,
Data,12,record,timestamp,"944864805",s,position_lat,"390265349",semicircles,position_long,"-1398033519",semicircles,distance,"25591.18",m,altitude,"14.600000000000023",m,speed,"2.613",m/s,unknown,"0",,unknown,"100",,heart_rate,"124",bpm,cadence,"0",rpm,fractional_cadence,"0.0",rpm,enhanced_altitude,"14.600000000000023",m,enhanced_speed,"2.613",m/s,,,,,,,,,,,,,,,,,,,,,,,,,,,,,,,,,,,,,,,,,,,,,,,,,,,,,,,,,,,,,,,,,,,,,,,,,,,,,,,,,,,,,,,,,,,,,,,,,,,,,,,,,,,,,,,,,,,,,,,,,,,,,,,,,,,,,,,,,,,,,,,,,,,,,,,,,,,,,,,,,,,
Data,12,record,timestamp,"944864814",s,position_lat,"390262802",semicircles,position_long,"-1398033476",semicircles,distance,"25614.85",m,altitude,"14.600000000000023",m,speed,"2.631",m/s,unknown,"0",,unknown,"100",,heart_rate,"124",bpm,cadence,"0",rpm,fractional_cadence,"0.0",rpm,enhanced_altitude,"14.600000000000023",m,enhanced_speed,"2.631",m/s,,,,,,,,,,,,,,,,,,,,,,,,,,,,,,,,,,,,,,,,,,,,,,,,,,,,,,,,,,,,,,,,,,,,,,,,,,,,,,,,,,,,,,,,,,,,,,,,,,,,,,,,,,,,,,,,,,,,,,,,,,,,,,,,,,,,,,,,,,,,,,,,,,,,,,,,,,,,,,,,,,,
Data,12,record,timestamp,"944864821",s,position_lat,"390260856",semicircles,position_long,"-1398033625",semicircles,distance,"25632.99",m,altitude,"14.600000000000023",m,speed,"2.678",m/s,unknown,"0",,unknown,"100",,heart_rate,"121",bpm,cadence,"0",rpm,fractional_cadence,"0.0",rpm,enhanced_altitude,"14.600000000000023",m,enhanced_speed,"2.678",m/s,,,,,,,,,,,,,,,,,,,,,,,,,,,,,,,,,,,,,,,,,,,,,,,,,,,,,,,,,,,,,,,,,,,,,,,,,,,,,,,,,,,,,,,,,,,,,,,,,,,,,,,,,,,,,,,,,,,,,,,,,,,,,,,,,,,,,,,,,,,,,,,,,,,,,,,,,,,,,,,,,,,
Data,12,record,timestamp,"944864823",s,position_lat,"390260268",semicircles,position_long,"-1398033631",semicircles,distance,"25638.45",m,altitude,"14.600000000000023",m,speed,"2.743",m/s,unknown,"0",,unknown,"100",,heart_rate,"122",bpm,cadence,"0",rpm,fractional_cadence,"0.0",rpm,enhanced_altitude,"14.600000000000023",m,enhanced_speed,"2.743",m/s,,,,,,,,,,,,,,,,,,,,,,,,,,,,,,,,,,,,,,,,,,,,,,,,,,,,,,,,,,,,,,,,,,,,,,,,,,,,,,,,,,,,,,,,,,,,,,,,,,,,,,,,,,,,,,,,,,,,,,,,,,,,,,,,,,,,,,,,,,,,,,,,,,,,,,,,,,,,,,,,,,,
Data,12,record,timestamp,"944864832",s,position_lat,"390257628",semicircles,position_long,"-1398033700",semicircles,distance,"25663.01",m,altitude,"14.600000000000023",m,speed,"2.753",m/s,unknown,"0",,unknown,"100",,heart_rate,"122",bpm,cadence,"0",rpm,fractional_cadence,"0.0",rpm,enhanced_altitude,"14.600000000000023",m,enhanced_speed,"2.753",m/s,,,,,,,,,,,,,,,,,,,,,,,,,,,,,,,,,,,,,,,,,,,,,,,,,,,,,,,,,,,,,,,,,,,,,,,,,,,,,,,,,,,,,,,,,,,,,,,,,,,,,,,,,,,,,,,,,,,,,,,,,,,,,,,,,,,,,,,,,,,,,,,,,,,,,,,,,,,,,,,,,,,
Data,12,record,timestamp,"944864837",s,position_lat,"390256125",semicircles,position_long,"-1398033904",semicircles,distance,"25677.08",m,altitude,"14.600000000000023",m,speed,"2.753",m/s,unknown,"0",,unknown,"100",,heart_rate,"119",bpm,cadence,"0",rpm,fractional_cadence,"0.0",rpm,enhanced_altitude,"14.600000000000023",m,enhanced_speed,"2.753",m/s,,,,,,,,,,,,,,,,,,,,,,,,,,,,,,,,,,,,,,,,,,,,,,,,,,,,,,,,,,,,,,,,,,,,,,,,,,,,,,,,,,,,,,,,,,,,,,,,,,,,,,,,,,,,,,,,,,,,,,,,,,,,,,,,,,,,,,,,,,,,,,,,,,,,,,,,,,,,,,,,,,,
Data,12,record,timestamp,"944864841",s,position_lat,"390254908",semicircles,position_long,"-1398034109",semicircles,distance,"25688.47",m,altitude,"14.600000000000023",m,speed,"2.641",m/s,unknown,"0",,unknown,"100",,heart_rate,"122",bpm,cadence,"0",rpm,fractional_cadence,"0.0",rpm,enhanced_altitude,"14.600000000000023",m,enhanced_speed,"2.641",m/s,,,,,,,,,,,,,,,,,,,,,,,,,,,,,,,,,,,,,,,,,,,,,,,,,,,,,,,,,,,,,,,,,,,,,,,,,,,,,,,,,,,,,,,,,,,,,,,,,,,,,,,,,,,,,,,,,,,,,,,,,,,,,,,,,,,,,,,,,,,,,,,,,,,,,,,,,,,,,,,,,,,
Data,12,record,timestamp,"944864843",s,position_lat,"390254387",semicircles,position_long,"-1398034136",semicircles,distance,"25693.34",m,altitude,"14.600000000000023",m,speed,"2.519",m/s,unknown,"0",,unknown,"100",,heart_rate,"119",bpm,cadence,"0",rpm,fractional_cadence,"0.0",rpm,enhanced_altitude,"14.600000000000023",m,enhanced_speed,"2.519",m/s,,,,,,,,,,,,,,,,,,,,,,,,,,,,,,,,,,,,,,,,,,,,,,,,,,,,,,,,,,,,,,,,,,,,,,,,,,,,,,,,,,,,,,,,,,,,,,,,,,,,,,,,,,,,,,,,,,,,,,,,,,,,,,,,,,,,,,,,,,,,,,,,,,,,,,,,,,,,,,,,,,,
Data,12,record,timestamp,"944864850",s,position_lat,"390252388",semicircles,position_long,"-1398034193",semicircles,distance,"25711.9",m,altitude,"14.799999999999955",m,speed,"2.715",m/s,unknown,"0",,unknown,"100",,heart_rate,"119",bpm,cadence,"0",rpm,fractional_cadence,"0.0",rpm,enhanced_altitude,"14.799999999999955",m,enhanced_speed,"2.715",m/s,,,,,,,,,,,,,,,,,,,,,,,,,,,,,,,,,,,,,,,,,,,,,,,,,,,,,,,,,,,,,,,,,,,,,,,,,,,,,,,,,,,,,,,,,,,,,,,,,,,,,,,,,,,,,,,,,,,,,,,,,,,,,,,,,,,,,,,,,,,,,,,,,,,,,,,,,,,,,,,,,,,
Data,12,record,timestamp,"944864861",s,position_lat,"390249073",semicircles,position_long,"-1398034245",semicircles,distance,"25742.76",m,altitude,"14.600000000000023",m,speed,"2.948",m/s,unknown,"0",,unknown,"100",,heart_rate,"119",bpm,cadence,"0",rpm,fractional_cadence,"0.0",rpm,enhanced_altitude,"14.600000000000023",m,enhanced_speed,"2.948",m/s,,,,,,,,,,,,,,,,,,,,,,,,,,,,,,,,,,,,,,,,,,,,,,,,,,,,,,,,,,,,,,,,,,,,,,,,,,,,,,,,,,,,,,,,,,,,,,,,,,,,,,,,,,,,,,,,,,,,,,,,,,,,,,,,,,,,,,,,,,,,,,,,,,,,,,,,,,,,,,,,,,,
Data,12,record,timestamp,"944864870",s,position_lat,"390246415",semicircles,position_long,"-1398034212",semicircles,distance,"25767.48",m,altitude,"14.399999999999977",m,speed,"2.725",m/s,unknown,"0",,unknown,"100",,heart_rate,"116",bpm,cadence,"0",rpm,fractional_cadence,"0.0",rpm,enhanced_altitude,"14.399999999999977",m,enhanced_speed,"2.725",m/s,,,,,,,,,,,,,,,,,,,,,,,,,,,,,,,,,,,,,,,,,,,,,,,,,,,,,,,,,,,,,,,,,,,,,,,,,,,,,,,,,,,,,,,,,,,,,,,,,,,,,,,,,,,,,,,,,,,,,,,,,,,,,,,,,,,,,,,,,,,,,,,,,,,,,,,,,,,,,,,,,,,
Data,12,record,timestamp,"944864871",s,position_lat,"390246132",semicircles,position_long,"-1398034175",semicircles,distance,"25770.13",m,altitude,"14.399999999999977",m,speed,"2.631",m/s,unknown,"0",,unknown,"100",,heart_rate,"117",bpm,cadence,"0",rpm,fractional_cadence,"0.0",rpm,enhanced_altitude,"14.399999999999977",m,enhanced_speed,"2.631",m/s,,,,,,,,,,,,,,,,,,,,,,,,,,,,,,,,,,,,,,,,,,,,,,,,,,,,,,,,,,,,,,,,,,,,,,,,,,,,,,,,,,,,,,,,,,,,,,,,,,,,,,,,,,,,,,,,,,,,,,,,,,,,,,,,,,,,,,,,,,,,,,,,,,,,,,,,,,,,,,,,,,,
Data,12,record,timestamp,"944864880",s,position_lat,"390243875",semicircles,position_long,"-1398034206",semicircles,distance,"25791.1",m,altitude,"14.399999999999977",m,speed,"2.295",m/s,unknown,"0",,unknown,"100",,heart_rate,"117",bpm,cadence,"0",rpm,fractional_cadence,"0.0",rpm,enhanced_altitude,"14.399999999999977",m,enhanced_speed,"2.295",m/s,,,,,,,,,,,,,,,,,,,,,,,,,,,,,,,,,,,,,,,,,,,,,,,,,,,,,,,,,,,,,,,,,,,,,,,,,,,,,,,,,,,,,,,,,,,,,,,,,,,,,,,,,,,,,,,,,,,,,,,,,,,,,,,,,,,,,,,,,,,,,,,,,,,,,,,,,,,,,,,,,,,
Data,12,record,timestamp,"944864888",s,position_lat,"390241858",semicircles,position_long,"-1398034465",semicircles,distance,"25809.96",m,altitude,"14.600000000000023",m,speed,"2.519",m/s,unknown,"0",,unknown,"100",,heart_rate,"118",bpm,cadence,"0",rpm,fractional_cadence,"0.0",rpm,enhanced_altitude,"14.600000000000023",m,enhanced_speed,"2.519",m/s,,,,,,,,,,,,,,,,,,,,,,,,,,,,,,,,,,,,,,,,,,,,,,,,,,,,,,,,,,,,,,,,,,,,,,,,,,,,,,,,,,,,,,,,,,,,,,,,,,,,,,,,,,,,,,,,,,,,,,,,,,,,,,,,,,,,,,,,,,,,,,,,,,,,,,,,,,,,,,,,,,,
Data,12,record,timestamp,"944864896",s,position_lat,"390239777",semicircles,position_long,"-1398034687",semicircles,distance,"25829.38",m,altitude,"14.799999999999955",m,speed,"2.295",m/s,unknown,"0",,unknown,"100",,heart_rate,"116",bpm,cadence,"0",rpm,fractional_cadence,"0.0",rpm,enhanced_altitude,"14.799999999999955",m,enhanced_speed,"2.295",m/s,,,,,,,,,,,,,,,,,,,,,,,,,,,,,,,,,,,,,,,,,,,,,,,,,,,,,,,,,,,,,,,,,,,,,,,,,,,,,,,,,,,,,,,,,,,,,,,,,,,,,,,,,,,,,,,,,,,,,,,,,,,,,,,,,,,,,,,,,,,,,,,,,,,,,,,,,,,,,,,,,,,
Data,12,record,timestamp,"944864904",s,position_lat,"390238022",semicircles,position_long,"-1398033809",semicircles,distance,"25847.3",m,altitude,"14.799999999999955",m,speed,"2.165",m/s,unknown,"0",,unknown,"100",,heart_rate,"115",bpm,cadence,"0",rpm,fractional_cadence,"0.0",rpm,enhanced_altitude,"14.799999999999955",m,enhanced_speed,"2.165",m/s,,,,,,,,,,,,,,,,,,,,,,,,,,,,,,,,,,,,,,,,,,,,,,,,,,,,,,,,,,,,,,,,,,,,,,,,,,,,,,,,,,,,,,,,,,,,,,,,,,,,,,,,,,,,,,,,,,,,,,,,,,,,,,,,,,,,,,,,,,,,,,,,,,,,,,,,,,,,,,,,,,,
Data,12,record,timestamp,"944864912",s,position_lat,"390236923",semicircles,position_long,"-1398032363",semicircles,distance,"25862.65",m,altitude,"14.799999999999955",m,speed,"2.053",m/s,unknown,"0",,unknown,"100",,heart_rate,"116",bpm,cadence,"0",rpm,fractional_cadence,"0.0",rpm,enhanced_altitude,"14.799999999999955",m,enhanced_speed,"2.053",m/s,,,,,,,,,,,,,,,,,,,,,,,,,,,,,,,,,,,,,,,,,,,,,,,,,,,,,,,,,,,,,,,,,,,,,,,,,,,,,,,,,,,,,,,,,,,,,,,,,,,,,,,,,,,,,,,,,,,,,,,,,,,,,,,,,,,,,,,,,,,,,,,,,,,,,,,,,,,,,,,,,,,
Data,12,record,timestamp,"944864920",s,position_lat,"390236132",semicircles,position_long,"-1398031035",semicircles,distance,"25875.45",m,altitude,"14.799999999999955",m,speed,"1.54",m/s,unknown,"0",,unknown,"100",,heart_rate,"114",bpm,cadence,"0",rpm,fractional_cadence,"0.0",rpm,enhanced_altitude,"14.799999999999955",m,enhanced_speed,"1.54",m/s,,,,,,,,,,,,,,,,,,,,,,,,,,,,,,,,,,,,,,,,,,,,,,,,,,,,,,,,,,,,,,,,,,,,,,,,,,,,,,,,,,,,,,,,,,,,,,,,,,,,,,,,,,,,,,,,,,,,,,,,,,,,,,,,,,,,,,,,,,,,,,,,,,,,,,,,,,,,,,,,,,,
Data,12,record,timestamp,"944864930",s,position_lat,"390235607",semicircles,position_long,"-1398029329",semicircles,distance,"25889.78",m,altitude,"14.799999999999955",m,speed,"1.558",m/s,unknown,"0",,unknown,"100",,heart_rate,"114",bpm,cadence,"0",rpm,fractional_cadence,"0.0",rpm,enhanced_altitude,"14.799999999999955",m,enhanced_speed,"1.558",m/s,,,,,,,,,,,,,,,,,,,,,,,,,,,,,,,,,,,,,,,,,,,,,,,,,,,,,,,,,,,,,,,,,,,,,,,,,,,,,,,,,,,,,,,,,,,,,,,,,,,,,,,,,,,,,,,,,,,,,,,,,,,,,,,,,,,,,,,,,,,,,,,,,,,,,,,,,,,,,,,,,,,
Data,12,record,timestamp,"944864937",s,position_lat,"390235166",semicircles,position_long,"-1398028160",semicircles,distance,"25899.89",m,altitude,"14.600000000000023",m,speed,"1.344",m/s,unknown,"0",,unknown,"100",,heart_rate,"114",bpm,cadence,"0",rpm,fractional_cadence,"0.0",rpm,enhanced_altitude,"14.600000000000023",m,enhanced_speed,"1.344",m/s,,,,,,,,,,,,,,,,,,,,,,,,,,,,,,,,,,,,,,,,,,,,,,,,,,,,,,,,,,,,,,,,,,,,,,,,,,,,,,,,,,,,,,,,,,,,,,,,,,,,,,,,,,,,,,,,,,,,,,,,,,,,,,,,,,,,,,,,,,,,,,,,,,,,,,,,,,,,,,,,,,,
Data,12,record,timestamp,"944864945",s,position_lat,"390235056",semicircles,position_long,"-1398026598",semicircles,distance,"25912.17",m,altitude,"14.600000000000023",m,speed,"1.726",m/s,unknown,"0",,unknown,"100",,heart_rate,"117",bpm,cadence,"0",rpm,fractional_cadence,"0.0",rpm,enhanced_altitude,"14.600000000000023",m,enhanced_speed,"1.726",m/s,,,,,,,,,,,,,,,,,,,,,,,,,,,,,,,,,,,,,,,,,,,,,,,,,,,,,,,,,,,,,,,,,,,,,,,,,,,,,,,,,,,,,,,,,,,,,,,,,,,,,,,,,,,,,,,,,,,,,,,,,,,,,,,,,,,,,,,,,,,,,,,,,,,,,,,,,,,,,,,,,,,
Data,12,record,timestamp,"944864947",s,position_lat,"390235011",semicircles,position_long,"-1398026111",semicircles,distance,"25916.03",m,altitude,"14.600000000000023",m,speed,"1.922",m/s,unknown,"0",,unknown,"100",,heart_rate,"118",bpm,cadence,"0",rpm,fractional_cadence,"0.0",rpm,enhanced_altitude,"14.600000000000023",m,enhanced_speed,"1.922",m/s,,,,,,,,,,,,,,,,,,,,,,,,,,,,,,,,,,,,,,,,,,,,,,,,,,,,,,,,,,,,,,,,,,,,,,,,,,,,,,,,,,,,,,,,,,,,,,,,,,,,,,,,,,,,,,,,,,,,,,,,,,,,,,,,,,,,,,,,,,,,,,,,,,,,,,,,,,,,,,,,,,,
Data,12,record,timestamp,"944864956",s,position_lat,"390234867",semicircles,position_long,"-1398023725",semicircles,distance,"25934.87",m,altitude,"14.600000000000023",m,speed,"2.099",m/s,unknown,"0",,unknown,"100",,heart_rate,"118",bpm,cadence,"0",rpm,fractional_cadence,"0.0",rpm,enhanced_altitude,"14.600000000000023",m,enhanced_speed,"2.099",m/s,,,,,,,,,,,,,,,,,,,,,,,,,,,,,,,,,,,,,,,,,,,,,,,,,,,,,,,,,,,,,,,,,,,,,,,,,,,,,,,,,,,,,,,,,,,,,,,,,,,,,,,,,,,,,,,,,,,,,,,,,,,,,,,,,,,,,,,,,,,,,,,,,,,,,,,,,,,,,,,,,,,
Data,12,record,timestamp,"944864965",s,position_lat,"390234671",semicircles,position_long,"-1398021094",semicircles,distance,"25955.68",m,altitude,"14.600000000000023",m,speed,"2.109",m/s,unknown,"0",,unknown,"100",,heart_rate,"119",bpm,cadence,"0",rpm,fractional_cadence,"0.0",rpm,enhanced_altitude,"14.600000000000023",m,enhanced_speed,"2.109",m/s,,,,,,,,,,,,,,,,,,,,,,,,,,,,,,,,,,,,,,,,,,,,,,,,,,,,,,,,,,,,,,,,,,,,,,,,,,,,,,,,,,,,,,,,,,,,,,,,,,,,,,,,,,,,,,,,,,,,,,,,,,,,,,,,,,,,,,,,,,,,,,,,,,,,,,,,,,,,,,,,,,,
Data,12,record,timestamp,"944864973",s,position_lat,"390234297",semicircles,position_long,"-1398018758",semicircles,distance,"25974.37",m,altitude,"14.399999999999977",m,speed,"2.258",m/s,unknown,"0",,unknown,"100",,heart_rate,"119",bpm,cadence,"0",rpm,fractional_cadence,"0.0",rpm,enhanced_altitude,"14.399999999999977",m,enhanced_speed,"2.258",m/s,,,,,,,,,,,,,,,,,,,,,,,,,,,,,,,,,,,,,,,,,,,,,,,,,,,,,,,,,,,,,,,,,,,,,,,,,,,,,,,,,,,,,,,,,,,,,,,,,,,,,,,,,,,,,,,,,,,,,,,,,,,,,,,,,,,,,,,,,,,,,,,,,,,,,,,,,,,,,,,,,,,
Data,12,record,timestamp,"944864979",s,position_lat,"390234022",semicircles,position_long,"-1398017051",semicircles,distance,"25988.1",m,altitude,"14.200000000000045",m,speed,"2.445",m/s,unknown,"0",,unknown,"100",,heart_rate,"122",bpm,cadence,"0",rpm,fractional_cadence,"0.0",rpm,enhanced_altitude,"14.200000000000045",m,enhanced_speed,"2.445",m/s,,,,,,,,,,,,,,,,,,,,,,,,,,,,,,,,,,,,,,,,,,,,,,,,,,,,,,,,,,,,,,,,,,,,,,,,,,,,,,,,,,,,,,,,,,,,,,,,,,,,,,,,,,,,,,,,,,,,,,,,,,,,,,,,,,,,,,,,,,,,,,,,,,,,,,,,,,,,,,,,,,,
Data,12,record,timestamp,"944864981",s,position_lat,"390233874",semicircles,position_long,"-1398016533",semicircles,distance,"25992.39",m,altitude,"14.200000000000045",m,speed,"2.211",m/s,unknown,"0",,unknown,"100",,heart_rate,"120",bpm,cadence,"0",rpm,fractional_cadence,"0.0",rpm,enhanced_altitude,"14.200000000000045",m,enhanced_speed,"2.211",m/s,,,,,,,,,,,,,,,,,,,,,,,,,,,,,,,,,,,,,,,,,,,,,,,,,,,,,,,,,,,,,,,,,,,,,,,,,,,,,,,,,,,,,,,,,,,,,,,,,,,,,,,,,,,,,,,,,,,,,,,,,,,,,,,,,,,,,,,,,,,,,,,,,,,,,,,,,,,,,,,,,,,
Data,12,record,timestamp,"944864990",s,position_lat,"390233475",semicircles,position_long,"-1398014223",semicircles,distance,"26010.76",m,altitude,"14.399999999999977",m,speed,"2.258",m/s,unknown,"0",,unknown,"100",,heart_rate,"120",bpm,cadence,"0",rpm,fractional_cadence,"0.0",rpm,enhanced_altitude,"14.399999999999977",m,enhanced_speed,"2.258",m/s,,,,,,,,,,,,,,,,,,,,,,,,,,,,,,,,,,,,,,,,,,,,,,,,,,,,,,,,,,,,,,,,,,,,,,,,,,,,,,,,,,,,,,,,,,,,,,,,,,,,,,,,,,,,,,,,,,,,,,,,,,,,,,,,,,,,,,,,,,,,,,,,,,,,,,,,,,,,,,,,,,,
Data,12,record,timestamp,"944864994",s,position_lat,"390233306",semicircles,position_long,"-1398013212",semicircles,distance,"26018.76",m,altitude,"14.600000000000023",m,speed,"2.071",m/s,unknown,"0",,unknown,"100",,heart_rate,"116",bpm,cadence,"0",rpm,fractional_cadence,"0.0",rpm,enhanced_altitude,"14.600000000000023",m,enhanced_speed,"2.071",m/s,,,,,,,,,,,,,,,,,,,,,,,,,,,,,,,,,,,,,,,,,,,,,,,,,,,,,,,,,,,,,,,,,,,,,,,,,,,,,,,,,,,,,,,,,,,,,,,,,,,,,,,,,,,,,,,,,,,,,,,,,,,,,,,,,,,,,,,,,,,,,,,,,,,,,,,,,,,,,,,,,,,
Data,12,record,timestamp,"944864995",s,position_lat,"390233260",semicircles,position_long,"-1398012950",semicircles,distance,"26020.83",m,altitude,"14.600000000000023",m,speed,"2.071",m/s,unknown,"0",,unknown,"100",,heart_rate,"119",bpm,cadence,"0",rpm,fractional_cadence,"0.0",rpm,enhanced_altitude,"14.600000000000023",m,enhanced_speed,"2.071",m/s,,,,,,,,,,,,,,,,,,,,,,,,,,,,,,,,,,,,,,,,,,,,,,,,,,,,,,,,,,,,,,,,,,,,,,,,,,,,,,,,,,,,,,,,,,,,,,,,,,,,,,,,,,,,,,,,,,,,,,,,,,,,,,,,,,,,,,,,,,,,,,,,,,,,,,,,,,,,,,,,,,,
Data,12,record,timestamp,"944864999",s,position_lat,"390233096",semicircles,position_long,"-1398012000",semicircles,distance,"26028.42",m,altitude,"14.600000000000023",m,speed,"1.997",m/s,unknown,"0",,unknown,"100",,heart_rate,"118",bpm,cadence,"0",rpm,fractional_cadence,"0.0",rpm,enhanced_altitude,"14.600000000000023",m,enhanced_speed,"1.997",m/s,,,,,,,,,,,,,,,,,,,,,,,,,,,,,,,,,,,,,,,,,,,,,,,,,,,,,,,,,,,,,,,,,,,,,,,,,,,,,,,,,,,,,,,,,,,,,,,,,,,,,,,,,,,,,,,,,,,,,,,,,,,,,,,,,,,,,,,,,,,,,,,,,,,,,,,,,,,,,,,,,,,
Data,12,record,timestamp,"944865009",s,position_lat,"390232462",semicircles,position_long,"-1398009707",semicircles,distance,"26047.43",m,altitude,"14.799999999999955",m,speed,"1.969",m/s,unknown,"0",,unknown,"100",,heart_rate,"114",bpm,cadence,"0",rpm,fractional_cadence,"0.0",rpm,enhanced_altitude,"14.799999999999955",m,enhanced_speed,"1.969",m/s,,,,,,,,,,,,,,,,,,,,,,,,,,,,,,,,,,,,,,,,,,,,,,,,,,,,,,,,,,,,,,,,,,,,,,,,,,,,,,,,,,,,,,,,,,,,,,,,,,,,,,,,,,,,,,,,,,,,,,,,,,,,,,,,,,,,,,,,,,,,,,,,,,,,,,,,,,,,,,,,,,,
Data,12,record,timestamp,"944865011",s,position_lat,"390232345",semicircles,position_long,"-1398009159",semicircles,distance,"26051.87",m,altitude,"14.799999999999955",m,speed,"2.239",m/s,unknown,"0",,unknown,"100",,heart_rate,"117",bpm,cadence,"0",rpm,fractional_cadence,"0.0",rpm,enhanced_altitude,"14.799999999999955",m,enhanced_speed,"2.239",m/s,,,,,,,,,,,,,,,,,,,,,,,,,,,,,,,,,,,,,,,,,,,,,,,,,,,,,,,,,,,,,,,,,,,,,,,,,,,,,,,,,,,,,,,,,,,,,,,,,,,,,,,,,,,,,,,,,,,,,,,,,,,,,,,,,,,,,,,,,,,,,,,,,,,,,,,,,,,,,,,,,,,
Data,12,record,timestamp,"944865016",s,position_lat,"390231927",semicircles,position_long,"-1398007904",semicircles,distance,"26062.49",m,altitude,"14.799999999999955",m,speed,"2.043",m/s,unknown,"0",,unknown,"100",,heart_rate,"116",bpm,cadence,"0",rpm,fractional_cadence,"0.0",rpm,enhanced_altitude,"14.799999999999955",m,enhanced_speed,"2.043",m/s,,,,,,,,,,,,,,,,,,,,,,,,,,,,,,,,,,,,,,,,,,,,,,,,,,,,,,,,,,,,,,,,,,,,,,,,,,,,,,,,,,,,,,,,,,,,,,,,,,,,,,,,,,,,,,,,,,,,,,,,,,,,,,,,,,,,,,,,,,,,,,,,,,,,,,,,,,,,,,,,,,,
Data,12,record,timestamp,"944865022",s,position_lat,"390231211",semicircles,position_long,"-1398006255",semicircles,distance,"26077.06",m,altitude,"14.799999999999955",m,speed,"2.174",m/s,unknown,"0",,unknown,"100",,heart_rate,"114",bpm,cadence,"0",rpm,fractional_cadence,"0.0",rpm,enhanced_altitude,"14.799999999999955",m,enhanced_speed,"2.174",m/s,,,,,,,,,,,,,,,,,,,,,,,,,,,,,,,,,,,,,,,,,,,,,,,,,,,,,,,,,,,,,,,,,,,,,,,,,,,,,,,,,,,,,,,,,,,,,,,,,,,,,,,,,,,,,,,,,,,,,,,,,,,,,,,,,,,,,,,,,,,,,,,,,,,,,,,,,,,,,,,,,,,
Data,12,record,timestamp,"944865023",s,position_lat,"390231115",semicircles,position_long,"-1398006028",semicircles,distance,"26079.05",m,altitude,"14.799999999999955",m,speed,"1.941",m/s,unknown,"0",,unknown,"100",,heart_rate,"117",bpm,cadence,"0",rpm,fractional_cadence,"0.0",rpm,enhanced_altitude,"14.799999999999955",m,enhanced_speed,"1.941",m/s,,,,,,,,,,,,,,,,,,,,,,,,,,,,,,,,,,,,,,,,,,,,,,,,,,,,,,,,,,,,,,,,,,,,,,,,,,,,,,,,,,,,,,,,,,,,,,,,,,,,,,,,,,,,,,,,,,,,,,,,,,,,,,,,,,,,,,,,,,,,,,,,,,,,,,,,,,,,,,,,,,,
Data,12,record,timestamp,"944865029",s,position_lat,"390230726",semicircles,position_long,"-1398004621",semicircles,distance,"26090.69",m,altitude,"14.799999999999955",m,speed,"1.922",m/s,unknown,"0",,unknown,"100",,heart_rate,"120",bpm,cadence,"0",rpm,fractional_cadence,"0.0",rpm,enhanced_altitude,"14.799999999999955",m,enhanced_speed,"1.922",m/s,,,,,,,,,,,,,,,,,,,,,,,,,,,,,,,,,,,,,,,,,,,,,,,,,,,,,,,,,,,,,,,,,,,,,,,,,,,,,,,,,,,,,,,,,,,,,,,,,,,,,,,,,,,,,,,,,,,,,,,,,,,,,,,,,,,,,,,,,,,,,,,,,,,,,,,,,,,,,,,,,,,
Data,12,record,timestamp,"944865031",s,position_lat,"390230549",semicircles,position_long,"-1398004169",semicircles,distance,"26094.6",m,altitude,"14.799999999999955",m,speed,"1.959",m/s,unknown,"0",,unknown,"100",,heart_rate,"122",bpm,cadence,"0",rpm,fractional_cadence,"0.0",rpm,enhanced_altitude,"14.799999999999955",m,enhanced_speed,"1.959",m/s,,,,,,,,,,,,,,,,,,,,,,,,,,,,,,,,,,,,,,,,,,,,,,,,,,,,,,,,,,,,,,,,,,,,,,,,,,,,,,,,,,,,,,,,,,,,,,,,,,,,,,,,,,,,,,,,,,,,,,,,,,,,,,,,,,,,,,,,,,,,,,,,,,,,,,,,,,,,,,,,,,,
Data,12,record,timestamp,"944865032",s,position_lat,"390230490",semicircles,position_long,"-1398003963",semicircles,distance,"26096.27",m,altitude,"14.799999999999955",m,speed,"1.838",m/s,unknown,"0",,unknown,"100",,heart_rate,"125",bpm,cadence,"0",rpm,fractional_cadence,"0.0",rpm,enhanced_altitude,"14.799999999999955",m,enhanced_speed,"1.838",m/s,,,,,,,,,,,,,,,,,,,,,,,,,,,,,,,,,,,,,,,,,,,,,,,,,,,,,,,,,,,,,,,,,,,,,,,,,,,,,,,,,,,,,,,,,,,,,,,,,,,,,,,,,,,,,,,,,,,,,,,,,,,,,,,,,,,,,,,,,,,,,,,,,,,,,,,,,,,,,,,,,,,
Data,12,record,timestamp,"944865033",s,position_lat,"390230401",semicircles,position_long,"-1398003761",semicircles,distance,"26098.05",m,altitude,"14.799999999999955",m,speed,"1.782",m/s,unknown,"0",,unknown,"100",,heart_rate,"130",bpm,cadence,"0",rpm,fractional_cadence,"0.0",rpm,enhanced_altitude,"14.799999999999955",m,enhanced_speed,"1.782",m/s,,,,,,,,,,,,,,,,,,,,,,,,,,,,,,,,,,,,,,,,,,,,,,,,,,,,,,,,,,,,,,,,,,,,,,,,,,,,,,,,,,,,,,,,,,,,,,,,,,,,,,,,,,,,,,,,,,,,,,,,,,,,,,,,,,,,,,,,,,,,,,,,,,,,,,,,,,,,,,,,,,,
Data,12,record,timestamp,"944865034",s,position_lat,"390230297",semicircles,position_long,"-1398003569",semicircles,distance,"26099.84",m,altitude,"14.799999999999955",m,speed,"1.819",m/s,unknown,"0",,unknown,"100",,heart_rate,"129",bpm,cadence,"0",rpm,fractional_cadence,"0.0",rpm,enhanced_altitude,"14.799999999999955",m,enhanced_speed,"1.819",m/s,,,,,,,,,,,,,,,,,,,,,,,,,,,,,,,,,,,,,,,,,,,,,,,,,,,,,,,,,,,,,,,,,,,,,,,,,,,,,,,,,,,,,,,,,,,,,,,,,,,,,,,,,,,,,,,,,,,,,,,,,,,,,,,,,,,,,,,,,,,,,,,,,,,,,,,,,,,,,,,,,,,
Data,12,record,timestamp,"944865037",s,position_lat,"390230091",semicircles,position_long,"-1398002999",semicircles,distance,"26104.7",m,altitude,"14.799999999999955",m,speed,"1.791",m/s,unknown,"0",,unknown,"100",,heart_rate,"132",bpm,cadence,"0",rpm,fractional_cadence,"0.0",rpm,enhanced_altitude,"14.799999999999955",m,enhanced_speed,"1.791",m/s,,,,,,,,,,,,,,,,,,,,,,,,,,,,,,,,,,,,,,,,,,,,,,,,,,,,,,,,,,,,,,,,,,,,,,,,,,,,,,,,,,,,,,,,,,,,,,,,,,,,,,,,,,,,,,,,,,,,,,,,,,,,,,,,,,,,,,,,,,,,,,,,,,,,,,,,,,,,,,,,,,,
Data,12,record,timestamp,"944865039",s,position_lat,"390229987",semicircles,position_long,"-1398002538",semicircles,distance,"26108.44",m,altitude,"14.799999999999955",m,speed,"1.829",m/s,unknown,"0",,unknown,"100",,heart_rate,"131",bpm,cadence,"0",rpm,fractional_cadence,"0.0",rpm,enhanced_altitude,"14.799999999999955",m,enhanced_speed,"1.829",m/s,,,,,,,,,,,,,,,,,,,,,,,,,,,,,,,,,,,,,,,,,,,,,,,,,,,,,,,,,,,,,,,,,,,,,,,,,,,,,,,,,,,,,,,,,,,,,,,,,,,,,,,,,,,,,,,,,,,,,,,,,,,,,,,,,,,,,,,,,,,,,,,,,,,,,,,,,,,,,,,,,,,
Data,12,record,timestamp,"944865042",s,position_lat,"390229765",semicircles,position_long,"-1398001734",semicircles,distance,"26115.07",m,altitude,"14.799999999999955",m,speed,"2.081",m/s,unknown,"0",,unknown,"100",,heart_rate,"135",bpm,cadence,"0",rpm,fractional_cadence,"0.0",rpm,enhanced_altitude,"14.799999999999955",m,enhanced_speed,"2.081",m/s,,,,,,,,,,,,,,,,,,,,,,,,,,,,,,,,,,,,,,,,,,,,,,,,,,,,,,,,,,,,,,,,,,,,,,,,,,,,,,,,,,,,,,,,,,,,,,,,,,,,,,,,,,,,,,,,,,,,,,,,,,,,,,,,,,,,,,,,,,,,,,,,,,,,,,,,,,,,,,,,,,,
Data,12,record,timestamp,"944865046",s,position_lat,"390229447",semicircles,position_long,"-1398000886",semicircles,distance,"26122.37",m,altitude,"14.799999999999955",m,speed,"1.726",m/s,unknown,"0",,unknown,"100",,heart_rate,"138",bpm,cadence,"0",rpm,fractional_cadence,"0.0",rpm,enhanced_altitude,"14.799999999999955",m,enhanced_speed,"1.726",m/s,,,,,,,,,,,,,,,,,,,,,,,,,,,,,,,,,,,,,,,,,,,,,,,,,,,,,,,,,,,,,,,,,,,,,,,,,,,,,,,,,,,,,,,,,,,,,,,,,,,,,,,,,,,,,,,,,,,,,,,,,,,,,,,,,,,,,,,,,,,,,,,,,,,,,,,,,,,,,,,,,,,
Data,12,record,timestamp,"944865048",s,position_lat,"390229362",semicircles,position_long,"-1398000498",semicircles,distance,"26125.51",m,altitude,"14.799999999999955",m,speed,"1.866",m/s,unknown,"0",,unknown,"100",,heart_rate,"137",bpm,cadence,"0",rpm,fractional_cadence,"0.0",rpm,enhanced_altitude,"14.799999999999955",m,enhanced_speed,"1.866",m/s,,,,,,,,,,,,,,,,,,,,,,,,,,,,,,,,,,,,,,,,,,,,,,,,,,,,,,,,,,,,,,,,,,,,,,,,,,,,,,,,,,,,,,,,,,,,,,,,,,,,,,,,,,,,,,,,,,,,,,,,,,,,,,,,,,,,,,,,,,,,,,,,,,,,,,,,,,,,,,,,,,,
Data,12,record,timestamp,"944865055",s,position_lat,"390228917",semicircles,position_long,"-1397999288",semicircles,distance,"26135.89",m,altitude,"14.600000000000023",m,speed,"1.4",m/s,unknown,"0",,unknown,"100",,heart_rate,"138",bpm,cadence,"0",rpm,fractional_cadence,"0.0",rpm,enhanced_altitude,"14.600000000000023",m,enhanced_speed,"1.4",m/s,,,,,,,,,,,,,,,,,,,,,,,,,,,,,,,,,,,,,,,,,,,,,,,,,,,,,,,,,,,,,,,,,,,,,,,,,,,,,,,,,,,,,,,,,,,,,,,,,,,,,,,,,,,,,,,,,,,,,,,,,,,,,,,,,,,,,,,,,,,,,,,,,,,,,,,,,,,,,,,,,,,
Data,12,record,timestamp,"944865061",s,position_lat,"390228479",semicircles,position_long,"-1397998390",semicircles,distance,"26144.11",m,altitude,"14.799999999999955",m,speed,"1.446",m/s,unknown,"0",,unknown,"300",,heart_rate,"135",bpm,cadence,"0",rpm,fractional_cadence,"0.0",rpm,enhanced_altitude,"14.799999999999955",m,enhanced_speed,"1.446",m/s,,,,,,,,,,,,,,,,,,,,,,,,,,,,,,,,,,,,,,,,,,,,,,,,,,,,,,,,,,,,,,,,,,,,,,,,,,,,,,,,,,,,,,,,,,,,,,,,,,,,,,,,,,,,,,,,,,,,,,,,,,,,,,,,,,,,,,,,,,,,,,,,,,,,,,,,,,,,,,,,,,,
Data,12,record,timestamp,"944865063",s,position_lat,"390228379",semicircles,position_long,"-1397998046",semicircles,distance,"26146.97",m,altitude,"14.799999999999955",m,speed,"1.558",m/s,unknown,"0",,unknown,"300",,heart_rate,"134",bpm,cadence,"0",rpm,fractional_cadence,"0.0",rpm,enhanced_altitude,"14.799999999999955",m,enhanced_speed,"1.558",m/s,,,,,,,,,,,,,,,,,,,,,,,,,,,,,,,,,,,,,,,,,,,,,,,,,,,,,,,,,,,,,,,,,,,,,,,,,,,,,,,,,,,,,,,,,,,,,,,,,,,,,,,,,,,,,,,,,,,,,,,,,,,,,,,,,,,,,,,,,,,,,,,,,,,,,,,,,,,,,,,,,,,
Data,12,record,timestamp,"944865069",s,position_lat,"390227985",semicircles,position_long,"-1397996851",semicircles,distance,"26157.02",m,altitude,"14.799999999999955",m,speed,"1.661",m/s,unknown,"0",,unknown,"100",,heart_rate,"131",bpm,cadence,"0",rpm,fractional_cadence,"0.0",rpm,enhanced_altitude,"14.799999999999955",m,enhanced_speed,"1.661",m/s,,,,,,,,,,,,,,,,,,,,,,,,,,,,,,,,,,,,,,,,,,,,,,,,,,,,,,,,,,,,,,,,,,,,,,,,,,,,,,,,,,,,,,,,,,,,,,,,,,,,,,,,,,,,,,,,,,,,,,,,,,,,,,,,,,,,,,,,,,,,,,,,,,,,,,,,,,,,,,,,,,,
Data,12,record,timestamp,"944865071",s,position_lat,"390227831",semicircles,position_long,"-1397996508",semicircles,distance,"26160.07",m,altitude,"14.799999999999955",m,speed,"1.624",m/s,unknown,"0",,unknown,"100",,heart_rate,"130",bpm,cadence,"0",rpm,fractional_cadence,"0.0",rpm,enhanced_altitude,"14.799999999999955",m,enhanced_speed,"1.624",m/s,,,,,,,,,,,,,,,,,,,,,,,,,,,,,,,,,,,,,,,,,,,,,,,,,,,,,,,,,,,,,,,,,,,,,,,,,,,,,,,,,,,,,,,,,,,,,,,,,,,,,,,,,,,,,,,,,,,,,,,,,,,,,,,,,,,,,,,,,,,,,,,,,,,,,,,,,,,,,,,,,,,
Data,12,record,timestamp,"944865080",s,position_lat,"390227303",semicircles,position_long,"-1397994879",semicircles,distance,"26173.8",m,altitude,"14.799999999999955",m,speed,"1.624",m/s,unknown,"0",,unknown,"100",,heart_rate,"129",bpm,cadence,"0",rpm,fractional_cadence,"0.0",rpm,enhanced_altitude,"14.799999999999955",m,enhanced_speed,"1.624",m/s,,,,,,,,,,,,,,,,,,,,,,,,,,,,,,,,,,,,,,,,,,,,,,,,,,,,,,,,,,,,,,,,,,,,,,,,,,,,,,,,,,,,,,,,,,,,,,,,,,,,,,,,,,,,,,,,,,,,,,,,,,,,,,,,,,,,,,,,,,,,,,,,,,,,,,,,,,,,,,,,,,,
Data,12,record,timestamp,"944865085",s,position_lat,"390226870",semicircles,position_long,"-1397994080",semicircles,distance,"26181.25",m,altitude,"14.600000000000023",m,speed,"1.54",m/s,unknown,"0",,unknown,"100",,heart_rate,"126",bpm,cadence,"56",rpm,fractional_cadence,"0.5",rpm,enhanced_altitude,"14.600000000000023",m,enhanced_speed,"1.54",m/s,,,,,,,,,,,,,,,,,,,,,,,,,,,,,,,,,,,,,,,,,,,,,,,,,,,,,,,,,,,,,,,,,,,,,,,,,,,,,,,,,,,,,,,,,,,,,,,,,,,,,,,,,,,,,,,,,,,,,,,,,,,,,,,,,,,,,,,,,,,,,,,,,,,,,,,,,,,,,,,,,,,
Data,12,record,timestamp,"944865088",s,position_lat,"390226732",semicircles,position_long,"-1397993506",semicircles,distance,"26185.93",m,altitude,"14.799999999999955",m,speed,"1.838",m/s,unknown,"0",,unknown,"100",,heart_rate,"126",bpm,cadence,"0",rpm,fractional_cadence,"0.0",rpm,enhanced_altitude,"14.799999999999955",m,enhanced_speed,"1.838",m/s,,,,,,,,,,,,,,,,,,,,,,,,,,,,,,,,,,,,,,,,,,,,,,,,,,,,,,,,,,,,,,,,,,,,,,,,,,,,,,,,,,,,,,,,,,,,,,,,,,,,,,,,,,,,,,,,,,,,,,,,,,,,,,,,,,,,,,,,,,,,,,,,,,,,,,,,,,,,,,,,,,,
Data,12,record,timestamp,"944865094",s,position_lat,"390226509",semicircles,position_long,"-1397992328",semicircles,distance,"26195.43",m,altitude,"14.600000000000023",m,speed,"1.484",m/s,unknown,"0",,unknown,"100",,heart_rate,"124",bpm,cadence,"0",rpm,fractional_cadence,"0.0",rpm,enhanced_altitude,"14.600000000000023",m,enhanced_speed,"1.484",m/s,,,,,,,,,,,,,,,,,,,,,,,,,,,,,,,,,,,,,,,,,,,,,,,,,,,,,,,,,,,,,,,,,,,,,,,,,,,,,,,,,,,,,,,,,,,,,,,,,,,,,,,,,,,,,,,,,,,,,,,,,,,,,,,,,,,,,,,,,,,,,,,,,,,,,,,,,,,,,,,,,,,
Data,12,record,timestamp,"944865095",s,position_lat,"390226516",semicircles,position_long,"-1397992127",semicircles,distance,"26197.02",m,altitude,"14.600000000000023",m,speed,"1.624",m/s,unknown,"0",,unknown,"300",,heart_rate,"128",bpm,cadence,"0",rpm,fractional_cadence,"0.0",rpm,enhanced_altitude,"14.600000000000023",m,enhanced_speed,"1.624",m/s,,,,,,,,,,,,,,,,,,,,,,,,,,,,,,,,,,,,,,,,,,,,,,,,,,,,,,,,,,,,,,,,,,,,,,,,,,,,,,,,,,,,,,,,,,,,,,,,,,,,,,,,,,,,,,,,,,,,,,,,,,,,,,,,,,,,,,,,,,,,,,,,,,,,,,,,,,,,,,,,,,,
Data,12,record,timestamp,"944865102",s,position_lat,"390226867",semicircles,position_long,"-1397990785",semicircles,distance,"26208.58",m,altitude,"15.0",m,speed,"1.736",m/s,unknown,"0",,unknown,"100",,heart_rate,"131",bpm,cadence,"0",rpm,fractional_cadence,"0.0",rpm,enhanced_altitude,"15.0",m,enhanced_speed,"1.736",m/s,,,,,,,,,,,,,,,,,,,,,,,,,,,,,,,,,,,,,,,,,,,,,,,,,,,,,,,,,,,,,,,,,,,,,,,,,,,,,,,,,,,,,,,,,,,,,,,,,,,,,,,,,,,,,,,,,,,,,,,,,,,,,,,,,,,,,,,,,,,,,,,,,,,,,,,,,,,,,,,,,,,
Data,12,record,timestamp,"944865108",s,position_lat,"390227645",semicircles,position_long,"-1397989785",semicircles,distance,"26219.24",m,altitude,"15.0",m,speed,"1.931",m/s,unknown,"0",,unknown,"100",,heart_rate,"132",bpm,cadence,"66",rpm,fractional_cadence,"0.5",rpm,enhanced_altitude,"15.0",m,enhanced_speed,"1.931",m/s,,,,,,,,,,,,,,,,,,,,,,,,,,,,,,,,,,,,,,,,,,,,,,,,,,,,,,,,,,,,,,,,,,,,,,,,,,,,,,,,,,,,,,,,,,,,,,,,,,,,,,,,,,,,,,,,,,,,,,,,,,,,,,,,,,,,,,,,,,,,,,,,,,,,,,,,,,,,,,,,,,,
Data,12,record,timestamp,"944865114",s,position_lat,"390228228",semicircles,position_long,"-1397988905",semicircles,distance,"26228.08",m,altitude,"15.0",m,speed,"1.484",m/s,unknown,"0",,unknown,"100",,heart_rate,"132",bpm,cadence,"0",rpm,fractional_cadence,"0.0",rpm,enhanced_altitude,"15.0",m,enhanced_speed,"1.484",m/s,,,,,,,,,,,,,,,,,,,,,,,,,,,,,,,,,,,,,,,,,,,,,,,,,,,,,,,,,,,,,,,,,,,,,,,,,,,,,,,,,,,,,,,,,,,,,,,,,,,,,,,,,,,,,,,,,,,,,,,,,,,,,,,,,,,,,,,,,,,,,,,,,,,,,,,,,,,,,,,,,,,
Data,12,record,timestamp,"944865122",s,position_lat,"390229260",semicircles,position_long,"-1397988178",semicircles,distance,"26239.21",m,altitude,"14.399999999999977",m,speed,"1.847",m/s,unknown,"0",,unknown,"100",,heart_rate,"133",bpm,cadence,"0",rpm,fractional_cadence,"0.0",rpm,enhanced_altitude,"14.399999999999977",m,enhanced_speed,"1.847",m/s,,,,,,,,,,,,,,,,,,,,,,,,,,,,,,,,,,,,,,,,,,,,,,,,,,,,,,,,,,,,,,,,,,,,,,,,,,,,,,,,,,,,,,,,,,,,,,,,,,,,,,,,,,,,,,,,,,,,,,,,,,,,,,,,,,,,,,,,,,,,,,,,,,,,,,,,,,,,,,,,,,,
Data,12,record,timestamp,"944865129",s,position_lat,"390230673",semicircles,position_long,"-1397987530",semicircles,distance,"26253.29",m,altitude,"14.200000000000045",m,speed,"1.978",m/s,unknown,"0",,unknown,"100",,heart_rate,"129",bpm,cadence,"0",rpm,fractional_cadence,"0.0",rpm,enhanced_altitude,"14.200000000000045",m,enhanced_speed,"1.978",m/s,,,,,,,,,,,,,,,,,,,,,,,,,,,,,,,,,,,,,,,,,,,,,,,,,,,,,,,,,,,,,,,,,,,,,,,,,,,,,,,,,,,,,,,,,,,,,,,,,,,,,,,,,,,,,,,,,,,,,,,,,,,,,,,,,,,,,,,,,,,,,,,,,,,,,,,,,,,,,,,,,,,
Data,12,record,timestamp,"944865131",s,position_lat,"390231170",semicircles,position_long,"-1397987349",semicircles,distance,"26258.13",m,altitude,"14.200000000000045",m,speed,"2.146",m/s,unknown,"0",,unknown,"100",,heart_rate,"129",bpm,cadence,"0",rpm,fractional_cadence,"0.0",rpm,enhanced_altitude,"14.200000000000045",m,enhanced_speed,"2.146",m/s,,,,,,,,,,,,,,,,,,,,,,,,,,,,,,,,,,,,,,,,,,,,,,,,,,,,,,,,,,,,,,,,,,,,,,,,,,,,,,,,,,,,,,,,,,,,,,,,,,,,,,,,,,,,,,,,,,,,,,,,,,,,,,,,,,,,,,,,,,,,,,,,,,,,,,,,,,,,,,,,,,,
Data,12,record,timestamp,"944865135",s,position_lat,"390232011",semicircles,position_long,"-1397987242",semicircles,distance,"26265.99",m,altitude,"14.200000000000045",m,speed,"1.978",m/s,unknown,"0",,unknown,"100",,heart_rate,"129",bpm,cadence,"0",rpm,fractional_cadence,"0.0",rpm,enhanced_altitude,"14.200000000000045",m,enhanced_speed,"1.978",m/s,,,,,,,,,,,,,,,,,,,,,,,,,,,,,,,,,,,,,,,,,,,,,,,,,,,,,,,,,,,,,,,,,,,,,,,,,,,,,,,,,,,,,,,,,,,,,,,,,,,,,,,,,,,,,,,,,,,,,,,,,,,,,,,,,,,,,,,,,,,,,,,,,,,,,,,,,,,,,,,,,,,
Data,12,record,timestamp,"944865138",s,position_lat,"390232701",semicircles,position_long,"-1397987313",semicircles,distance,"26272.19",m,altitude,"14.399999999999977",m,speed,"1.53",m/s,unknown,"0",,unknown,"100",,heart_rate,"129",bpm,cadence,"64",rpm,fractional_cadence,"0.0",rpm,enhanced_altitude,"14.399999999999977",m,enhanced_speed,"1.53",m/s,,,,,,,,,,,,,,,,,,,,,,,,,,,,,,,,,,,,,,,,,,,,,,,,,,,,,,,,,,,,,,,,,,,,,,,,,,,,,,,,,,,,,,,,,,,,,,,,,,,,,,,,,,,,,,,,,,,,,,,,,,,,,,,,,,,,,,,,,,,,,,,,,,,,,,,,,,,,,,,,,,,
Data,12,record,timestamp,"944865143",s,position_lat,"390233705",semicircles,position_long,"-1397987530",semicircles,distance,"26281.68",m,altitude,"14.600000000000023",m,speed,"1.903",m/s,unknown,"0",,unknown,"100",,heart_rate,"128",bpm,cadence,"0",rpm,fractional_cadence,"0.0",rpm,enhanced_altitude,"14.600000000000023",m,enhanced_speed,"1.903",m/s,,,,,,,,,,,,,,,,,,,,,,,,,,,,,,,,,,,,,,,,,,,,,,,,,,,,,,,,,,,,,,,,,,,,,,,,,,,,,,,,,,,,,,,,,,,,,,,,,,,,,,,,,,,,,,,,,,,,,,,,,,,,,,,,,,,,,,,,,,,,,,,,,,,,,,,,,,,,,,,,,,,
Data,12,record,timestamp,"944865149",s,position_lat,"390234717",semicircles,position_long,"-1397987419",semicircles,distance,"26291.25",m,altitude,"14.600000000000023",m,speed,"1.782",m/s,unknown,"0",,unknown,"100",,heart_rate,"130",bpm,cadence,"0",rpm,fractional_cadence,"0.0",rpm,enhanced_altitude,"14.600000000000023",m,enhanced_speed,"1.782",m/s,,,,,,,,,,,,,,,,,,,,,,,,,,,,,,,,,,,,,,,,,,,,,,,,,,,,,,,,,,,,,,,,,,,,,,,,,,,,,,,,,,,,,,,,,,,,,,,,,,,,,,,,,,,,,,,,,,,,,,,,,,,,,,,,,,,,,,,,,,,,,,,,,,,,,,,,,,,,,,,,,,,
Data,12,record,timestamp,"944865151",s,position_lat,"390235059",semicircles,position_long,"-1397987432",semicircles,distance,"26294.43",m,altitude,"14.600000000000023",m,speed,"1.698",m/s,unknown,"0",,unknown,"100",,heart_rate,"133",bpm,cadence,"0",rpm,fractional_cadence,"0.0",rpm,enhanced_altitude,"14.600000000000023",m,enhanced_speed,"1.698",m/s,,,,,,,,,,,,,,,,,,,,,,,,,,,,,,,,,,,,,,,,,,,,,,,,,,,,,,,,,,,,,,,,,,,,,,,,,,,,,,,,,,,,,,,,,,,,,,,,,,,,,,,,,,,,,,,,,,,,,,,,,,,,,,,,,,,,,,,,,,,,,,,,,,,,,,,,,,,,,,,,,,,
Data,12,record,timestamp,"944865152",s,position_lat,"390235264",semicircles,position_long,"-1397987422",semicircles,distance,"26296.34",m,altitude,"14.600000000000023",m,speed,"2.015",m/s,unknown,"0",,unknown,"100",,heart_rate,"130",bpm,cadence,"0",rpm,fractional_cadence,"0.0",rpm,enhanced_altitude,"14.600000000000023",m,enhanced_speed,"2.015",m/s,,,,,,,,,,,,,,,,,,,,,,,,,,,,,,,,,,,,,,,,,,,,,,,,,,,,,,,,,,,,,,,,,,,,,,,,,,,,,,,,,,,,,,,,,,,,,,,,,,,,,,,,,,,,,,,,,,,,,,,,,,,,,,,,,,,,,,,,,,,,,,,,,,,,,,,,,,,,,,,,,,,
Data,12,record,timestamp,"944865155",s,position_lat,"390235865",semicircles,position_long,"-1397987417",semicircles,distance,"26301.93",m,altitude,"14.399999999999977",m,speed,"2.043",m/s,unknown,"0",,unknown,"100",,heart_rate,"132",bpm,cadence,"0",rpm,fractional_cadence,"0.0",rpm,enhanced_altitude,"14.399999999999977",m,enhanced_speed,"2.043",m/s,,,,,,,,,,,,,,,,,,,,,,,,,,,,,,,,,,,,,,,,,,,,,,,,,,,,,,,,,,,,,,,,,,,,,,,,,,,,,,,,,,,,,,,,,,,,,,,,,,,,,,,,,,,,,,,,,,,,,,,,,,,,,,,,,,,,,,,,,,,,,,,,,,,,,,,,,,,,,,,,,,,
Data,12,record,timestamp,"944865163",s,position_lat,"390237904",semicircles,position_long,"-1397987276",semicircles,distance,"26320.93",m,altitude,"14.799999999999955",m,speed,"2.081",m/s,unknown,"0",,unknown,"100",,heart_rate,"131",bpm,cadence,"0",rpm,fractional_cadence,"0.0",rpm,enhanced_altitude,"14.799999999999955",m,enhanced_speed,"2.081",m/s,,,,,,,,,,,,,,,,,,,,,,,,,,,,,,,,,,,,,,,,,,,,,,,,,,,,,,,,,,,,,,,,,,,,,,,,,,,,,,,,,,,,,,,,,,,,,,,,,,,,,,,,,,,,,,,,,,,,,,,,,,,,,,,,,,,,,,,,,,,,,,,,,,,,,,,,,,,,,,,,,,,
Data,12,record,timestamp,"944865171",s,position_lat,"390239705",semicircles,position_long,"-1397987233",semicircles,distance,"26337.73",m,altitude,"15.399999999999977",m,speed,"2.155",m/s,unknown,"0",,unknown,"100",,heart_rate,"131",bpm,cadence,"64",rpm,fractional_cadence,"0.0",rpm,enhanced_altitude,"15.399999999999977",m,enhanced_speed,"2.155",m/s,,,,,,,,,,,,,,,,,,,,,,,,,,,,,,,,,,,,,,,,,,,,,,,,,,,,,,,,,,,,,,,,,,,,,,,,,,,,,,,,,,,,,,,,,,,,,,,,,,,,,,,,,,,,,,,,,,,,,,,,,,,,,,,,,,,,,,,,,,,,,,,,,,,,,,,,,,,,,,,,,,,
Data,12,record,timestamp,"944865179",s,position_lat,"390241581",semicircles,position_long,"-1397987494",semicircles,distance,"26355.28",m,altitude,"15.600000000000023",m,speed,"2.221",m/s,unknown,"0",,unknown,"100",,heart_rate,"131",bpm,cadence,"0",rpm,fractional_cadence,"0.0",rpm,enhanced_altitude,"15.600000000000023",m,enhanced_speed,"2.221",m/s,,,,,,,,,,,,,,,,,,,,,,,,,,,,,,,,,,,,,,,,,,,,,,,,,,,,,,,,,,,,,,,,,,,,,,,,,,,,,,,,,,,,,,,,,,,,,,,,,,,,,,,,,,,,,,,,,,,,,,,,,,,,,,,,,,,,,,,,,,,,,,,,,,,,,,,,,,,,,,,,,,,
Data,12,record,timestamp,"944865186",s,position_lat,"390243214",semicircles,position_long,"-1397987969",semicircles,distance,"26370.9",m,altitude,"15.399999999999977",m,speed,"1.875",m/s,unknown,"0",,unknown,"100",,heart_rate,"131",bpm,cadence,"0",rpm,fractional_cadence,"0.0",rpm,enhanced_altitude,"15.399999999999977",m,enhanced_speed,"1.875",m/s,,,,,,,,,,,,,,,,,,,,,,,,,,,,,,,,,,,,,,,,,,,,,,,,,,,,,,,,,,,,,,,,,,,,,,,,,,,,,,,,,,,,,,,,,,,,,,,,,,,,,,,,,,,,,,,,,,,,,,,,,,,,,,,,,,,,,,,,,,,,,,,,,,,,,,,,,,,,,,,,,,,
Data,12,record,timestamp,"944865191",s,position_lat,"390244095",semicircles,position_long,"-1397988343",semicircles,distance,"26379.56",m,altitude,"15.600000000000023",m,speed,"1.577",m/s,unknown,"0",,unknown,"100",,heart_rate,"134",bpm,cadence,"62",rpm,fractional_cadence,"0.5",rpm,enhanced_altitude,"15.600000000000023",m,enhanced_speed,"1.577",m/s,,,,,,,,,,,,,,,,,,,,,,,,,,,,,,,,,,,,,,,,,,,,,,,,,,,,,,,,,,,,,,,,,,,,,,,,,,,,,,,,,,,,,,,,,,,,,,,,,,,,,,,,,,,,,,,,,,,,,,,,,,,,,,,,,,,,,,,,,,,,,,,,,,,,,,,,,,,,,,,,,,,
Data,12,record,timestamp,"944865201",s,position_lat,"390245920",semicircles,position_long,"-1397988921",semicircles,distance,"26397.11",m,altitude,"15.799999999999955",m,speed,"1.437",m/s,unknown,"0",,unknown,"100",,heart_rate,"135",bpm,cadence,"0",rpm,fractional_cadence,"0.0",rpm,enhanced_altitude,"15.799999999999955",m,enhanced_speed,"1.437",m/s,,,,,,,,,,,,,,,,,,,,,,,,,,,,,,,,,,,,,,,,,,,,,,,,,,,,,,,,,,,,,,,,,,,,,,,,,,,,,,,,,,,,,,,,,,,,,,,,,,,,,,,,,,,,,,,,,,,,,,,,,,,,,,,,,,,,,,,,,,,,,,,,,,,,,,,,,,,,,,,,,,,
Data,12,record,timestamp,"944865202",s,position_lat,"390246083",semicircles,position_long,"-1397989006",semicircles,distance,"26398.75",m,altitude,"16.0",m,speed,"1.605",m/s,unknown,"0",,unknown,"100",,heart_rate,"132",bpm,cadence,"0",rpm,fractional_cadence,"0.0",rpm,enhanced_altitude,"16.0",m,enhanced_speed,"1.605",m/s,,,,,,,,,,,,,,,,,,,,,,,,,,,,,,,,,,,,,,,,,,,,,,,,,,,,,,,,,,,,,,,,,,,,,,,,,,,,,,,,,,,,,,,,,,,,,,,,,,,,,,,,,,,,,,,,,,,,,,,,,,,,,,,,,,,,,,,,,,,,,,,,,,,,,,,,,,,,,,,,,,,
Data,12,record,timestamp,"944865208",s,position_lat,"390247178",semicircles,position_long,"-1397989274",semicircles,distance,"26409.09",m,altitude,"16.0",m,speed,"1.39",m/s,unknown,"0",,unknown,"100",,heart_rate,"131",bpm,cadence,"0",rpm,fractional_cadence,"0.0",rpm,enhanced_altitude,"16.0",m,enhanced_speed,"1.39",m/s,,,,,,,,,,,,,,,,,,,,,,,,,,,,,,,,,,,,,,,,,,,,,,,,,,,,,,,,,,,,,,,,,,,,,,,,,,,,,,,,,,,,,,,,,,,,,,,,,,,,,,,,,,,,,,,,,,,,,,,,,,,,,,,,,,,,,,,,,,,,,,,,,,,,,,,,,,,,,,,,,,,
Data,12,record,timestamp,"944865213",s,position_lat,"390248009",semicircles,position_long,"-1397989541",semicircles,distance,"26417.12",m,altitude,"15.799999999999955",m,speed,"1.288",m/s,unknown,"0",,unknown,"100",,heart_rate,"128",bpm,cadence,"76",rpm,fractional_cadence,"0.0",rpm,enhanced_altitude,"15.799999999999955",m,enhanced_speed,"1.288",m/s,,,,,,,,,,,,,,,,,,,,,,,,,,,,,,,,,,,,,,,,,,,,,,,,,,,,,,,,,,,,,,,,,,,,,,,,,,,,,,,,,,,,,,,,,,,,,,,,,,,,,,,,,,,,,,,,,,,,,,,,,,,,,,,,,,,,,,,,,,,,,,,,,,,,,,,,,,,,,,,,,,,
Data,12,record,timestamp,"944865215",s,position_lat,"390248332",semicircles,position_long,"-1397989649",semicircles,distance,"26420.24",m,altitude,"15.799999999999955",m,speed,"1.334",m/s,unknown,"0",,unknown,"100",,heart_rate,"127",bpm,cadence,"68",rpm,fractional_cadence,"0.5",rpm,enhanced_altitude,"15.799999999999955",m,enhanced_speed,"1.334",m/s,,,,,,,,,,,,,,,,,,,,,,,,,,,,,,,,,,,,,,,,,,,,,,,,,,,,,,,,,,,,,,,,,,,,,,,,,,,,,,,,,,,,,,,,,,,,,,,,,,,,,,,,,,,,,,,,,,,,,,,,,,,,,,,,,,,,,,,,,,,,,,,,,,,,,,,,,,,,,,,,,,,
Data,12,record,timestamp,"944865222",s,position_lat,"390249536",semicircles,position_long,"-1397990097",semicircles,distance,"26432.01",m,altitude,"15.399999999999977",m,speed,"1.334",m/s,unknown,"0",,unknown,"100",,heart_rate,"127",bpm,cadence,"0",rpm,fractional_cadence,"0.0",rpm,enhanced_altitude,"15.399999999999977",m,enhanced_speed,"1.334",m/s,,,,,,,,,,,,,,,,,,,,,,,,,,,,,,,,,,,,,,,,,,,,,,,,,,,,,,,,,,,,,,,,,,,,,,,,,,,,,,,,,,,,,,,,,,,,,,,,,,,,,,,,,,,,,,,,,,,,,,,,,,,,,,,,,,,,,,,,,,,,,,,,,,,,,,,,,,,,,,,,,,,
Data,12,record,timestamp,"944865224",s,position_lat,"390249896",semicircles,position_long,"-1397990158",semicircles,distance,"26435.34",m,altitude,"15.399999999999977",m,speed,"1.484",m/s,unknown,"0",,unknown,"100",,heart_rate,"130",bpm,cadence,"0",rpm,fractional_cadence,"0.0",rpm,enhanced_altitude,"15.399999999999977",m,enhanced_speed,"1.484",m/s,,,,,,,,,,,,,,,,,,,,,,,,,,,,,,,,,,,,,,,,,,,,,,,,,,,,,,,,,,,,,,,,,,,,,,,,,,,,,,,,,,,,,,,,,,,,,,,,,,,,,,,,,,,,,,,,,,,,,,,,,,,,,,,,,,,,,,,,,,,,,,,,,,,,,,,,,,,,,,,,,,,
Data,12,record,timestamp,"944865230",s,position_lat,"390250968",semicircles,position_long,"-1397990310",semicircles,distance,"26445.41",m,altitude,"15.200000000000045",m,speed,"1.605",m/s,unknown,"0",,unknown,"100",,heart_rate,"129",bpm,cadence,"0",rpm,fractional_cadence,"0.0",rpm,enhanced_altitude,"15.200000000000045",m,enhanced_speed,"1.605",m/s,,,,,,,,,,,,,,,,,,,,,,,,,,,,,,,,,,,,,,,,,,,,,,,,,,,,,,,,,,,,,,,,,,,,,,,,,,,,,,,,,,,,,,,,,,,,,,,,,,,,,,,,,,,,,,,,,,,,,,,,,,,,,,,,,,,,,,,,,,,,,,,,,,,,,,,,,,,,,,,,,,,
Data,12,record,timestamp,"944865232",s,position_lat,"390251371",semicircles,position_long,"-1397990369",semicircles,distance,"26449.18",m,altitude,"15.200000000000045",m,speed,"1.885",m/s,unknown,"0",,unknown,"100",,heart_rate,"133",bpm,cadence,"0",rpm,fractional_cadence,"0.0",rpm,enhanced_altitude,"15.200000000000045",m,enhanced_speed,"1.885",m/s,,,,,,,,,,,,,,,,,,,,,,,,,,,,,,,,,,,,,,,,,,,,,,,,,,,,,,,,,,,,,,,,,,,,,,,,,,,,,,,,,,,,,,,,,,,,,,,,,,,,,,,,,,,,,,,,,,,,,,,,,,,,,,,,,,,,,,,,,,,,,,,,,,,,,,,,,,,,,,,,,,,
Data,12,record,timestamp,"944865236",s,position_lat,"390252193",semicircles,position_long,"-1397990341",semicircles,distance,"26456.81",m,altitude,"15.600000000000023",m,speed,"1.875",m/s,unknown,"0",,unknown,"100",,heart_rate,"136",bpm,cadence,"0",rpm,fractional_cadence,"0.0",rpm,enhanced_altitude,"15.600000000000023",m,enhanced_speed,"1.875",m/s,,,,,,,,,,,,,,,,,,,,,,,,,,,,,,,,,,,,,,,,,,,,,,,,,,,,,,,,,,,,,,,,,,,,,,,,,,,,,,,,,,,,,,,,,,,,,,,,,,,,,,,,,,,,,,,,,,,,,,,,,,,,,,,,,,,,,,,,,,,,,,,,,,,,,,,,,,,,,,,,,,,
Data,12,record,timestamp,"944865238",s,position_lat,"390252580",semicircles,position_long,"-1397990344",semicircles,distance,"26460.41",m,altitude,"15.799999999999955",m,speed,"1.754",m/s,unknown,"0",,unknown,"100",,heart_rate,"133",bpm,cadence,"0",rpm,fractional_cadence,"0.0",rpm,enhanced_altitude,"15.799999999999955",m,enhanced_speed,"1.754",m/s,,,,,,,,,,,,,,,,,,,,,,,,,,,,,,,,,,,,,,,,,,,,,,,,,,,,,,,,,,,,,,,,,,,,,,,,,,,,,,,,,,,,,,,,,,,,,,,,,,,,,,,,,,,,,,,,,,,,,,,,,,,,,,,,,,,,,,,,,,,,,,,,,,,,,,,,,,,,,,,,,,,
Data,12,record,timestamp,"944865240",s,position_lat,"390252985",semicircles,position_long,"-1397990426",semicircles,distance,"26464.22",m,altitude,"15.799999999999955",m,speed,"2.015",m/s,unknown,"0",,unknown,"100",,heart_rate,"133",bpm,cadence,"0",rpm,fractional_cadence,"0.0",rpm,enhanced_altitude,"15.799999999999955",m,enhanced_speed,"2.015",m/s,,,,,,,,,,,,,,,,,,,,,,,,,,,,,,,,,,,,,,,,,,,,,,,,,,,,,,,,,,,,,,,,,,,,,,,,,,,,,,,,,,,,,,,,,,,,,,,,,,,,,,,,,,,,,,,,,,,,,,,,,,,,,,,,,,,,,,,,,,,,,,,,,,,,,,,,,,,,,,,,,,,
Data,12,record,timestamp,"944865250",s,position_lat,"390255477",semicircles,position_long,"-1397990964",semicircles,distance,"26487.75",m,altitude,"16.0",m,speed,"2.426",m/s,unknown,"0",,unknown,"100",,heart_rate,"131",bpm,cadence,"0",rpm,fractional_cadence,"0.0",rpm,enhanced_altitude,"16.0",m,enhanced_speed,"2.426",m/s,,,,,,,,,,,,,,,,,,,,,,,,,,,,,,,,,,,,,,,,,,,,,,,,,,,,,,,,,,,,,,,,,,,,,,,,,,,,,,,,,,,,,,,,,,,,,,,,,,,,,,,,,,,,,,,,,,,,,,,,,,,,,,,,,,,,,,,,,,,,,,,,,,,,,,,,,,,,,,,,,,,
Data,12,record,timestamp,"944865257",s,position_lat,"390257218",semicircles,position_long,"-1397991313",semicircles,distance,"26504.17",m,altitude,"15.799999999999955",m,speed,"2.295",m/s,unknown,"0",,unknown,"100",,heart_rate,"128",bpm,cadence,"0",rpm,fractional_cadence,"0.0",rpm,enhanced_altitude,"15.799999999999955",m,enhanced_speed,"2.295",m/s,,,,,,,,,,,,,,,,,,,,,,,,,,,,,,,,,,,,,,,,,,,,,,,,,,,,,,,,,,,,,,,,,,,,,,,,,,,,,,,,,,,,,,,,,,,,,,,,,,,,,,,,,,,,,,,,,,,,,,,,,,,,,,,,,,,,,,,,,,,,,,,,,,,,,,,,,,,,,,,,,,,
Data,12,record,timestamp,"944865260",s,position_lat,"390258036",semicircles,position_long,"-1397991434",semicircles,distance,"26511.83",m,altitude,"15.799999999999955",m,speed,"2.51",m/s,unknown,"0",,unknown,"100",,heart_rate,"126",bpm,cadence,"0",rpm,fractional_cadence,"0.0",rpm,enhanced_altitude,"15.799999999999955",m,enhanced_speed,"2.51",m/s,,,,,,,,,,,,,,,,,,,,,,,,,,,,,,,,,,,,,,,,,,,,,,,,,,,,,,,,,,,,,,,,,,,,,,,,,,,,,,,,,,,,,,,,,,,,,,,,,,,,,,,,,,,,,,,,,,,,,,,,,,,,,,,,,,,,,,,,,,,,,,,,,,,,,,,,,,,,,,,,,,,
Data,12,record,timestamp,"944865269",s,position_lat,"390260203",semicircles,position_long,"-1397992035",semicircles,distance,"26532.54",m,altitude,"15.600000000000023",m,speed,"2.389",m/s,unknown,"0",,unknown,"100",,heart_rate,"126",bpm,cadence,"0",rpm,fractional_cadence,"0.0",rpm,enhanced_altitude,"15.600000000000023",m,enhanced_speed,"2.389",m/s,,,,,,,,,,,,,,,,,,,,,,,,,,,,,,,,,,,,,,,,,,,,,,,,,,,,,,,,,,,,,,,,,,,,,,,,,,,,,,,,,,,,,,,,,,,,,,,,,,,,,,,,,,,,,,,,,,,,,,,,,,,,,,,,,,,,,,,,,,,,,,,,,,,,,,,,,,,,,,,,,,,
Data,12,record,timestamp,"944865273",s,position_lat,"390261201",semicircles,position_long,"-1397992245",semicircles,distance,"26541.97",m,altitude,"15.600000000000023",m,speed,"2.183",m/s,unknown,"0",,unknown,"100",,heart_rate,"123",bpm,cadence,"0",rpm,fractional_cadence,"0.0",rpm,enhanced_altitude,"15.600000000000023",m,enhanced_speed,"2.183",m/s,,,,,,,,,,,,,,,,,,,,,,,,,,,,,,,,,,,,,,,,,,,,,,,,,,,,,,,,,,,,,,,,,,,,,,,,,,,,,,,,,,,,,,,,,,,,,,,,,,,,,,,,,,,,,,,,,,,,,,,,,,,,,,,,,,,,,,,,,,,,,,,,,,,,,,,,,,,,,,,,,,,
Data,12,record,timestamp,"944865278",s,position_lat,"390262495",semicircles,position_long,"-1397992346",semicircles,distance,"26554.02",m,altitude,"15.600000000000023",m,speed,"2.286",m/s,unknown,"0",,unknown,"100",,heart_rate,"123",bpm,cadence,"0",rpm,fractional_cadence,"0.0",rpm,enhanced_altitude,"15.600000000000023",m,enhanced_speed,"2.286",m/s,,,,,,,,,,,,,,,,,,,,,,,,,,,,,,,,,,,,,,,,,,,,,,,,,,,,,,,,,,,,,,,,,,,,,,,,,,,,,,,,,,,,,,,,,,,,,,,,,,,,,,,,,,,,,,,,,,,,,,,,,,,,,,,,,,,,,,,,,,,,,,,,,,,,,,,,,,,,,,,,,,,
Data,12,record,timestamp,"944865284",s,position_lat,"390263925",semicircles,position_long,"-1397992640",semicircles,distance,"26567.51",m,altitude,"15.799999999999955",m,speed,"2.249",m/s,unknown,"0",,unknown,"100",,heart_rate,"120",bpm,cadence,"0",rpm,fractional_cadence,"0.0",rpm,enhanced_altitude,"15.799999999999955",m,enhanced_speed,"2.249",m/s,,,,,,,,,,,,,,,,,,,,,,,,,,,,,,,,,,,,,,,,,,,,,,,,,,,,,,,,,,,,,,,,,,,,,,,,,,,,,,,,,,,,,,,,,,,,,,,,,,,,,,,,,,,,,,,,,,,,,,,,,,,,,,,,,,,,,,,,,,,,,,,,,,,,,,,,,,,,,,,,,,,
Data,12,record,timestamp,"944865286",s,position_lat,"390264390",semicircles,position_long,"-1397992772",semicircles,distance,"26571.96",m,altitude,"15.799999999999955",m,speed,"2.323",m/s,unknown,"0",,unknown,"100",,heart_rate,"120",bpm,cadence,"0",rpm,fractional_cadence,"0.0",rpm,enhanced_altitude,"15.799999999999955",m,enhanced_speed,"2.323",m/s,,,,,,,,,,,,,,,,,,,,,,,,,,,,,,,,,,,,,,,,,,,,,,,,,,,,,,,,,,,,,,,,,,,,,,,,,,,,,,,,,,,,,,,,,,,,,,,,,,,,,,,,,,,,,,,,,,,,,,,,,,,,,,,,,,,,,,,,,,,,,,,,,,,,,,,,,,,,,,,,,,,
Data,12,record,timestamp,"944865295",s,position_lat,"390266549",semicircles,position_long,"-1397993506",semicircles,distance,"26592.82",m,altitude,"15.799999999999955",m,speed,"2.529",m/s,unknown,"0",,unknown,"100",,heart_rate,"120",bpm,cadence,"0",rpm,fractional_cadence,"0.0",rpm,enhanced_altitude,"15.799999999999955",m,enhanced_speed,"2.529",m/s,,,,,,,,,,,,,,,,,,,,,,,,,,,,,,,,,,,,,,,,,,,,,,,,,,,,,,,,,,,,,,,,,,,,,,,,,,,,,,,,,,,,,,,,,,,,,,,,,,,,,,,,,,,,,,,,,,,,,,,,,,,,,,,,,,,,,,,,,,,,,,,,,,,,,,,,,,,,,,,,,,,
Data,12,record,timestamp,"944865305",s,position_lat,"390268889",semicircles,position_long,"-1397994526",semicircles,distance,"26616.0",m,altitude,"16.200000000000045",m,speed,"2.323",m/s,unknown,"0",,unknown,"300",,heart_rate,"121",bpm,cadence,"0",rpm,fractional_cadence,"0.0",rpm,enhanced_altitude,"16.200000000000045",m,enhanced_speed,"2.323",m/s,,,,,,,,,,,,,,,,,,,,,,,,,,,,,,,,,,,,,,,,,,,,,,,,,,,,,,,,,,,,,,,,,,,,,,,,,,,,,,,,,,,,,,,,,,,,,,,,,,,,,,,,,,,,,,,,,,,,,,,,,,,,,,,,,,,,,,,,,,,,,,,,,,,,,,,,,,,,,,,,,,,
Data,12,record,timestamp,"944865307",s,position_lat,"390269331",semicircles,position_long,"-1397994732",semicircles,distance,"26620.42",m,altitude,"16.0",m,speed,"2.165",m/s,unknown,"0",,unknown,"300",,heart_rate,"124",bpm,cadence,"0",rpm,fractional_cadence,"0.0",rpm,enhanced_altitude,"16.0",m,enhanced_speed,"2.165",m/s,,,,,,,,,,,,,,,,,,,,,,,,,,,,,,,,,,,,,,,,,,,,,,,,,,,,,,,,,,,,,,,,,,,,,,,,,,,,,,,,,,,,,,,,,,,,,,,,,,,,,,,,,,,,,,,,,,,,,,,,,,,,,,,,,,,,,,,,,,,,,,,,,,,,,,,,,,,,,,,,,,,
Data,12,record,timestamp,"944865314",s,position_lat,"390271160",semicircles,position_long,"-1397995287",semicircles,distance,"26638.01",m,altitude,"16.0",m,speed,"2.566",m/s,unknown,"0",,unknown,"100",,heart_rate,"122",bpm,cadence,"0",rpm,fractional_cadence,"0.0",rpm,enhanced_altitude,"16.0",m,enhanced_speed,"2.566",m/s,,,,,,,,,,,,,,,,,,,,,,,,,,,,,,,,,,,,,,,,,,,,,,,,,,,,,,,,,,,,,,,,,,,,,,,,,,,,,,,,,,,,,,,,,,,,,,,,,,,,,,,,,,,,,,,,,,,,,,,,,,,,,,,,,,,,,,,,,,,,,,,,,,,,,,,,,,,,,,,,,,,
Data,12,record,timestamp,"944865322",s,position_lat,"390272976",semicircles,position_long,"-1397996039",semicircles,distance,"26655.91",m,altitude,"15.200000000000045",m,speed,"2.193",m/s,unknown,"0",,unknown,"100",,heart_rate,"122",bpm,cadence,"0",rpm,fractional_cadence,"0.0",rpm,enhanced_altitude,"15.200000000000045",m,enhanced_speed,"2.193",m/s,,,,,,,,,,,,,,,,,,,,,,,,,,,,,,,,,,,,,,,,,,,,,,,,,,,,,,,,,,,,,,,,,,,,,,,,,,,,,,,,,,,,,,,,,,,,,,,,,,,,,,,,,,,,,,,,,,,,,,,,,,,,,,,,,,,,,,,,,,,,,,,,,,,,,,,,,,,,,,,,,,,
Data,12,record,timestamp,"944865325",s,position_lat,"390273659",semicircles,position_long,"-1397996247",semicircles,distance,"26662.47",m,altitude,"14.799999999999955",m,speed,"2.398",m/s,unknown,"0",,unknown,"100",,heart_rate,"121",bpm,cadence,"0",rpm,fractional_cadence,"0.0",rpm,enhanced_altitude,"14.799999999999955",m,enhanced_speed,"2.398",m/s,,,,,,,,,,,,,,,,,,,,,,,,,,,,,,,,,,,,,,,,,,,,,,,,,,,,,,,,,,,,,,,,,,,,,,,,,,,,,,,,,,,,,,,,,,,,,,,,,,,,,,,,,,,,,,,,,,,,,,,,,,,,,,,,,,,,,,,,,,,,,,,,,,,,,,,,,,,,,,,,,,,
Data,12,record,timestamp,"944865332",s,position_lat,"390275447",semicircles,position_long,"-1397996813",semicircles,distance,"26679.68",m,altitude,"14.600000000000023",m,speed,"2.538",m/s,unknown,"0",,unknown,"100",,heart_rate,"123",bpm,cadence,"0",rpm,fractional_cadence,"0.0",rpm,enhanced_altitude,"14.600000000000023",m,enhanced_speed,"2.538",m/s,,,,,,,,,,,,,,,,,,,,,,,,,,,,,,,,,,,,,,,,,,,,,,,,,,,,,,,,,,,,,,,,,,,,,,,,,,,,,,,,,,,,,,,,,,,,,,,,,,,,,,,,,,,,,,,,,,,,,,,,,,,,,,,,,,,,,,,,,,,,,,,,,,,,,,,,,,,,,,,,,,,
Data,12,record,timestamp,"944865342",s,position_lat,"390278247",semicircles,position_long,"-1397997541",semicircles,distance,"26706.29",m,altitude,"14.600000000000023",m,speed,"2.697",m/s,unknown,"0",,unknown,"100",,heart_rate,"123",bpm,cadence,"0",rpm,fractional_cadence,"0.0",rpm,enhanced_altitude,"14.600000000000023",m,enhanced_speed,"2.697",m/s,,,,,,,,,,,,,,,,,,,,,,,,,,,,,,,,,,,,,,,,,,,,,,,,,,,,,,,,,,,,,,,,,,,,,,,,,,,,,,,,,,,,,,,,,,,,,,,,,,,,,,,,,,,,,,,,,,,,,,,,,,,,,,,,,,,,,,,,,,,,,,,,,,,,,,,,,,,,,,,,,,,
Data,12,record,timestamp,"944865351",s,position_lat,"390280854",semicircles,position_long,"-1397998330",semicircles,distance,"26731.31",m,altitude,"14.399999999999977",m,speed,"2.678",m/s,unknown,"0",,unknown,"100",,heart_rate,"120",bpm,cadence,"0",rpm,fractional_cadence,"0.0",rpm,enhanced_altitude,"14.399999999999977",m,enhanced_speed,"2.678",m/s,,,,,,,,,,,,,,,,,,,,,,,,,,,,,,,,,,,,,,,,,,,,,,,,,,,,,,,,,,,,,,,,,,,,,,,,,,,,,,,,,,,,,,,,,,,,,,,,,,,,,,,,,,,,,,,,,,,,,,,,,,,,,,,,,,,,,,,,,,,,,,,,,,,,,,,,,,,,,,,,,,,
Data,12,record,timestamp,"944865361",s,position_lat,"390283820",semicircles,position_long,"-1397999364",semicircles,distance,"26760.04",m,altitude,"14.799999999999955",m,speed,"2.799",m/s,unknown,"0",,unknown,"100",,heart_rate,"119",bpm,cadence,"0",rpm,fractional_cadence,"0.0",rpm,enhanced_altitude,"14.799999999999955",m,enhanced_speed,"2.799",m/s,,,,,,,,,,,,,,,,,,,,,,,,,,,,,,,,,,,,,,,,,,,,,,,,,,,,,,,,,,,,,,,,,,,,,,,,,,,,,,,,,,,,,,,,,,,,,,,,,,,,,,,,,,,,,,,,,,,,,,,,,,,,,,,,,,,,,,,,,,,,,,,,,,,,,,,,,,,,,,,,,,,
Data,12,record,timestamp,"944865369",s,position_lat,"390286209",semicircles,position_long,"-1397999983",semicircles,distance,"26782.74",m,altitude,"14.799999999999955",m,speed,"2.613",m/s,unknown,"0",,unknown,"100",,heart_rate,"119",bpm,cadence,"0",rpm,fractional_cadence,"0.0",rpm,enhanced_altitude,"14.799999999999955",m,enhanced_speed,"2.613",m/s,,,,,,,,,,,,,,,,,,,,,,,,,,,,,,,,,,,,,,,,,,,,,,,,,,,,,,,,,,,,,,,,,,,,,,,,,,,,,,,,,,,,,,,,,,,,,,,,,,,,,,,,,,,,,,,,,,,,,,,,,,,,,,,,,,,,,,,,,,,,,,,,,,,,,,,,,,,,,,,,,,,
Data,12,record,timestamp,"944865377",s,position_lat,"390288394",semicircles,position_long,"-1398000450",semicircles,distance,"26803.35",m,altitude,"14.799999999999955",m,speed,"2.697",m/s,unknown,"0",,unknown,"100",,heart_rate,"118",bpm,cadence,"0",rpm,fractional_cadence,"0.0",rpm,enhanced_altitude,"14.799999999999955",m,enhanced_speed,"2.697",m/s,,,,,,,,,,,,,,,,,,,,,,,,,,,,,,,,,,,,,,,,,,,,,,,,,,,,,,,,,,,,,,,,,,,,,,,,,,,,,,,,,,,,,,,,,,,,,,,,,,,,,,,,,,,,,,,,,,,,,,,,,,,,,,,,,,,,,,,,,,,,,,,,,,,,,,,,,,,,,,,,,,,
Data,12,record,timestamp,"944865380",s,position_lat,"390289230",semicircles,position_long,"-1398000620",semicircles,distance,"26811.24",m,altitude,"15.0",m,speed,"2.454",m/s,unknown,"0",,unknown,"100",,heart_rate,"121",bpm,cadence,"0",rpm,fractional_cadence,"0.0",rpm,enhanced_altitude,"15.0",m,enhanced_speed,"2.454",m/s,,,,,,,,,,,,,,,,,,,,,,,,,,,,,,,,,,,,,,,,,,,,,,,,,,,,,,,,,,,,,,,,,,,,,,,,,,,,,,,,,,,,,,,,,,,,,,,,,,,,,,,,,,,,,,,,,,,,,,,,,,,,,,,,,,,,,,,,,,,,,,,,,,,,,,,,,,,,,,,,,,,
Data,12,record,timestamp,"944865381",s,position_lat,"390289490",semicircles,position_long,"-1398000686",semicircles,distance,"26813.71",m,altitude,"15.0",m,speed,"2.473",m/s,unknown,"0",,unknown,"100",,heart_rate,"117",bpm,cadence,"0",rpm,fractional_cadence,"0.0",rpm,enhanced_altitude,"15.0",m,enhanced_speed,"2.473",m/s,,,,,,,,,,,,,,,,,,,,,,,,,,,,,,,,,,,,,,,,,,,,,,,,,,,,,,,,,,,,,,,,,,,,,,,,,,,,,,,,,,,,,,,,,,,,,,,,,,,,,,,,,,,,,,,,,,,,,,,,,,,,,,,,,,,,,,,,,,,,,,,,,,,,,,,,,,,,,,,,,,,
Data,12,record,timestamp,"944865386",s,position_lat,"390290720",semicircles,position_long,"-1398001068",semicircles,distance,"26825.53",m,altitude,"15.200000000000045",m,speed,"2.361",m/s,unknown,"0",,unknown,"100",,heart_rate,"120",bpm,cadence,"0",rpm,fractional_cadence,"0.0",rpm,enhanced_altitude,"15.200000000000045",m,enhanced_speed,"2.361",m/s,,,,,,,,,,,,,,,,,,,,,,,,,,,,,,,,,,,,,,,,,,,,,,,,,,,,,,,,,,,,,,,,,,,,,,,,,,,,,,,,,,,,,,,,,,,,,,,,,,,,,,,,,,,,,,,,,,,,,,,,,,,,,,,,,,,,,,,,,,,,,,,,,,,,,,,,,,,,,,,,,,,
Data,12,record,timestamp,"944865387",s,position_lat,"390290949",semicircles,position_long,"-1398001129",semicircles,distance,"26827.71",m,altitude,"15.200000000000045",m,speed,"2.23",m/s,unknown,"0",,unknown,"100",,heart_rate,"119",bpm,cadence,"0",rpm,fractional_cadence,"0.0",rpm,enhanced_altitude,"15.200000000000045",m,enhanced_speed,"2.23",m/s,,,,,,,,,,,,,,,,,,,,,,,,,,,,,,,,,,,,,,,,,,,,,,,,,,,,,,,,,,,,,,,,,,,,,,,,,,,,,,,,,,,,,,,,,,,,,,,,,,,,,,,,,,,,,,,,,,,,,,,,,,,,,,,,,,,,,,,,,,,,,,,,,,,,,,,,,,,,,,,,,,,
Data,12,record,timestamp,"944865390",s,position_lat,"390291671",semicircles,position_long,"-1398001314",semicircles,distance,"26834.57",m,altitude,"15.200000000000045",m,speed,"2.594",m/s,unknown,"0",,unknown,"100",,heart_rate,"122",bpm,cadence,"0",rpm,fractional_cadence,"0.0",rpm,enhanced_altitude,"15.200000000000045",m,enhanced_speed,"2.594",m/s,,,,,,,,,,,,,,,,,,,,,,,,,,,,,,,,,,,,,,,,,,,,,,,,,,,,,,,,,,,,,,,,,,,,,,,,,,,,,,,,,,,,,,,,,,,,,,,,,,,,,,,,,,,,,,,,,,,,,,,,,,,,,,,,,,,,,,,,,,,,,,,,,,,,,,,,,,,,,,,,,,,
Data,12,record,timestamp,"944865394",s,position_lat,"390292675",semicircles,position_long,"-1398001463",semicircles,distance,"26843.97",m,altitude,"15.600000000000023",m,speed,"2.547",m/s,unknown,"0",,unknown,"100",,heart_rate,"125",bpm,cadence,"0",rpm,fractional_cadence,"0.0",rpm,enhanced_altitude,"15.600000000000023",m,enhanced_speed,"2.547",m/s,,,,,,,,,,,,,,,,,,,,,,,,,,,,,,,,,,,,,,,,,,,,,,,,,,,,,,,,,,,,,,,,,,,,,,,,,,,,,,,,,,,,,,,,,,,,,,,,,,,,,,,,,,,,,,,,,,,,,,,,,,,,,,,,,,,,,,,,,,,,,,,,,,,,,,,,,,,,,,,,,,,
Data,12,record,timestamp,"944865395",s,position_lat,"390292930",semicircles,position_long,"-1398001483",semicircles,distance,"26846.34",m,altitude,"15.600000000000023",m,speed,"2.361",m/s,unknown,"0",,unknown,"100",,heart_rate,"124",bpm,cadence,"0",rpm,fractional_cadence,"0.0",rpm,enhanced_altitude,"15.600000000000023",m,enhanced_speed,"2.361",m/s,,,,,,,,,,,,,,,,,,,,,,,,,,,,,,,,,,,,,,,,,,,,,,,,,,,,,,,,,,,,,,,,,,,,,,,,,,,,,,,,,,,,,,,,,,,,,,,,,,,,,,,,,,,,,,,,,,,,,,,,,,,,,,,,,,,,,,,,,,,,,,,,,,,,,,,,,,,,,,,,,,,
Data,12,record,timestamp,"944865397",s,position_lat,"390293401",semicircles,position_long,"-1398001548",semicircles,distance,"26850.75",m,altitude,"15.399999999999977",m,speed,"2.323",m/s,unknown,"0",,unknown,"100",,heart_rate,"121",bpm,cadence,"0",rpm,fractional_cadence,"0.0",rpm,enhanced_altitude,"15.399999999999977",m,enhanced_speed,"2.323",m/s,,,,,,,,,,,,,,,,,,,,,,,,,,,,,,,,,,,,,,,,,,,,,,,,,,,,,,,,,,,,,,,,,,,,,,,,,,,,,,,,,,,,,,,,,,,,,,,,,,,,,,,,,,,,,,,,,,,,,,,,,,,,,,,,,,,,,,,,,,,,,,,,,,,,,,,,,,,,,,,,,,,
Data,12,record,timestamp,"944865406",s,position_lat,"390295612",semicircles,position_long,"-1398001941",semicircles,distance,"26871.54",m,altitude,"15.399999999999977",m,speed,"2.445",m/s,unknown,"0",,unknown,"100",,heart_rate,"119",bpm,cadence,"0",rpm,fractional_cadence,"0.0",rpm,enhanced_altitude,"15.399999999999977",m,enhanced_speed,"2.445",m/s,,,,,,,,,,,,,,,,,,,,,,,,,,,,,,,,,,,,,,,,,,,,,,,,,,,,,,,,,,,,,,,,,,,,,,,,,,,,,,,,,,,,,,,,,,,,,,,,,,,,,,,,,,,,,,,,,,,,,,,,,,,,,,,,,,,,,,,,,,,,,,,,,,,,,,,,,,,,,,,,,,,
Data,12,record,timestamp,"944865415",s,position_lat,"390297735",semicircles,position_long,"-1398002498",semicircles,distance,"26891.73",m,altitude,"15.399999999999977",m,speed,"2.211",m/s,unknown,"0",,unknown,"100",,heart_rate,"120",bpm,cadence,"0",rpm,fractional_cadence,"0.0",rpm,enhanced_altitude,"15.399999999999977",m,enhanced_speed,"2.211",m/s,,,,,,,,,,,,,,,,,,,,,,,,,,,,,,,,,,,,,,,,,,,,,,,,,,,,,,,,,,,,,,,,,,,,,,,,,,,,,,,,,,,,,,,,,,,,,,,,,,,,,,,,,,,,,,,,,,,,,,,,,,,,,,,,,,,,,,,,,,,,,,,,,,,,,,,,,,,,,,,,,,,
Data,12,record,timestamp,"944865424",s,position_lat,"390299959",semicircles,position_long,"-1398002680",semicircles,distance,"26912.44",m,altitude,"15.399999999999977",m,speed,"2.398",m/s,unknown,"0",,unknown,"100",,heart_rate,"119",bpm,cadence,"0",rpm,fractional_cadence,"0.0",rpm,enhanced_altitude,"15.399999999999977",m,enhanced_speed,"2.398",m/s,,,,,,,,,,,,,,,,,,,,,,,,,,,,,,,,,,,,,,,,,,,,,,,,,,,,,,,,,,,,,,,,,,,,,,,,,,,,,,,,,,,,,,,,,,,,,,,,,,,,,,,,,,,,,,,,,,,,,,,,,,,,,,,,,,,,,,,,,,,,,,,,,,,,,,,,,,,,,,,,,,,
Data,12,record,timestamp,"944865431",s,position_lat,"390301667",semicircles,position_long,"-1398002950",semicircles,distance,"26928.46",m,altitude,"15.0",m,speed,"2.491",m/s,unknown,"0",,unknown,"100",,heart_rate,"122",bpm,cadence,"0",rpm,fractional_cadence,"0.0",rpm,enhanced_altitude,"15.0",m,enhanced_speed,"2.491",m/s,,,,,,,,,,,,,,,,,,,,,,,,,,,,,,,,,,,,,,,,,,,,,,,,,,,,,,,,,,,,,,,,,,,,,,,,,,,,,,,,,,,,,,,,,,,,,,,,,,,,,,,,,,,,,,,,,,,,,,,,,,,,,,,,,,,,,,,,,,,,,,,,,,,,,,,,,,,,,,,,,,,
Data,12,record,timestamp,"944865433",s,position_lat,"390302198",semicircles,position_long,"-1398003017",semicircles,distance,"26933.42",m,altitude,"14.799999999999955",m,speed,"2.529",m/s,unknown,"0",,unknown,"100",,heart_rate,"121",bpm,cadence,"0",rpm,fractional_cadence,"0.0",rpm,enhanced_altitude,"14.799999999999955",m,enhanced_speed,"2.529",m/s,,,,,,,,,,,,,,,,,,,,,,,,,,,,,,,,,,,,,,,,,,,,,,,,,,,,,,,,,,,,,,,,,,,,,,,,,,,,,,,,,,,,,,,,,,,,,,,,,,,,,,,,,,,,,,,,,,,,,,,,,,,,,,,,,,,,,,,,,,,,,,,,,,,,,,,,,,,,,,,,,,,
Data,12,record,timestamp,"944865437",s,position_lat,"390303340",semicircles,position_long,"-1398003226",semicircles,distance,"26944.18",m,altitude,"14.399999999999977",m,speed,"2.753",m/s,unknown,"0",,unknown,"100",,heart_rate,"124",bpm,cadence,"0",rpm,fractional_cadence,"0.0",rpm,enhanced_altitude,"14.399999999999977",m,enhanced_speed,"2.753",m/s,,,,,,,,,,,,,,,,,,,,,,,,,,,,,,,,,,,,,,,,,,,,,,,,,,,,,,,,,,,,,,,,,,,,,,,,,,,,,,,,,,,,,,,,,,,,,,,,,,,,,,,,,,,,,,,,,,,,,,,,,,,,,,,,,,,,,,,,,,,,,,,,,,,,,,,,,,,,,,,,,,,
Data,12,record,timestamp,"944865440",s,position_lat,"390304262",semicircles,position_long,"-1398003329",semicircles,distance,"26952.78",m,altitude,"14.399999999999977",m,speed,"2.818",m/s,unknown,"0",,unknown,"100",,heart_rate,"123",bpm,cadence,"0",rpm,fractional_cadence,"0.0",rpm,enhanced_altitude,"14.399999999999977",m,enhanced_speed,"2.818",m/s,,,,,,,,,,,,,,,,,,,,,,,,,,,,,,,,,,,,,,,,,,,,,,,,,,,,,,,,,,,,,,,,,,,,,,,,,,,,,,,,,,,,,,,,,,,,,,,,,,,,,,,,,,,,,,,,,,,,,,,,,,,,,,,,,,,,,,,,,,,,,,,,,,,,,,,,,,,,,,,,,,,
Data,12,record,timestamp,"944865446",s,position_lat,"390305933",semicircles,position_long,"-1398003440",semicircles,distance,"26968.36",m,altitude,"14.200000000000045",m,speed,"2.398",m/s,unknown,"0",,unknown,"100",,heart_rate,"123",bpm,cadence,"0",rpm,fractional_cadence,"0.0",rpm,enhanced_altitude,"14.200000000000045",m,enhanced_speed,"2.398",m/s,,,,,,,,,,,,,,,,,,,,,,,,,,,,,,,,,,,,,,,,,,,,,,,,,,,,,,,,,,,,,,,,,,,,,,,,,,,,,,,,,,,,,,,,,,,,,,,,,,,,,,,,,,,,,,,,,,,,,,,,,,,,,,,,,,,,,,,,,,,,,,,,,,,,,,,,,,,,,,,,,,,
Data,12,record,timestamp,"944865448",s,position_lat,"390306456",semicircles,position_long,"-1398003396",semicircles,distance,"26973.22",m,altitude,"14.399999999999977",m,speed,"2.351",m/s,unknown,"0",,unknown,"100",,heart_rate,"127",bpm,cadence,"0",rpm,fractional_cadence,"0.0",rpm,enhanced_altitude,"14.399999999999977",m,enhanced_speed,"2.351",m/s,,,,,,,,,,,,,,,,,,,,,,,,,,,,,,,,,,,,,,,,,,,,,,,,,,,,,,,,,,,,,,,,,,,,,,,,,,,,,,,,,,,,,,,,,,,,,,,,,,,,,,,,,,,,,,,,,,,,,,,,,,,,,,,,,,,,,,,,,,,,,,,,,,,,,,,,,,,,,,,,,,,
Data,12,record,timestamp,"944865450",s,position_lat,"390306996",semicircles,position_long,"-1398003437",semicircles,distance,"26978.27",m,altitude,"14.399999999999977",m,speed,"2.594",m/s,unknown,"0",,unknown,"100",,heart_rate,"131",bpm,cadence,"0",rpm,fractional_cadence,"0.0",rpm,enhanced_altitude,"14.399999999999977",m,enhanced_speed,"2.594",m/s,,,,,,,,,,,,,,,,,,,,,,,,,,,,,,,,,,,,,,,,,,,,,,,,,,,,,,,,,,,,,,,,,,,,,,,,,,,,,,,,,,,,,,,,,,,,,,,,,,,,,,,,,,,,,,,,,,,,,,,,,,,,,,,,,,,,,,,,,,,,,,,,,,,,,,,,,,,,,,,,,,,
Data,12,record,timestamp,"944865452",s,position_lat,"390307576",semicircles,position_long,"-1398003653",semicircles,distance,"26983.93",m,altitude,"14.399999999999977",m,speed,"2.603",m/s,unknown,"0",,unknown,"100",,heart_rate,"132",bpm,cadence,"0",rpm,fractional_cadence,"0.0",rpm,enhanced_altitude,"14.399999999999977",m,enhanced_speed,"2.603",m/s,,,,,,,,,,,,,,,,,,,,,,,,,,,,,,,,,,,,,,,,,,,,,,,,,,,,,,,,,,,,,,,,,,,,,,,,,,,,,,,,,,,,,,,,,,,,,,,,,,,,,,,,,,,,,,,,,,,,,,,,,,,,,,,,,,,,,,,,,,,,,,,,,,,,,,,,,,,,,,,,,,,
Data,12,record,timestamp,"944865454",s,position_lat,"390307970",semicircles,position_long,"-1398004012",semicircles,distance,"26988.55",m,altitude,"14.600000000000023",m,speed,"1.941",m/s,unknown,"0",,unknown,"100",,heart_rate,"135",bpm,cadence,"0",rpm,fractional_cadence,"0.0",rpm,enhanced_altitude,"14.600000000000023",m,enhanced_speed,"1.941",m/s,,,,,,,,,,,,,,,,,,,,,,,,,,,,,,,,,,,,,,,,,,,,,,,,,,,,,,,,,,,,,,,,,,,,,,,,,,,,,,,,,,,,,,,,,,,,,,,,,,,,,,,,,,,,,,,,,,,,,,,,,,,,,,,,,,,,,,,,,,,,,,,,,,,,,,,,,,,,,,,,,,,
Data,12,record,timestamp,"944865455",s,position_lat,"390308045",semicircles,position_long,"-1398004236",semicircles,distance,"26990.45",m,altitude,"14.600000000000023",m,speed,"1.931",m/s,unknown,"0",,unknown,"100",,heart_rate,"136",bpm,cadence,"0",rpm,fractional_cadence,"0.0",rpm,enhanced_altitude,"14.600000000000023",m,enhanced_speed,"1.931",m/s,,,,,,,,,,,,,,,,,,,,,,,,,,,,,,,,,,,,,,,,,,,,,,,,,,,,,,,,,,,,,,,,,,,,,,,,,,,,,,,,,,,,,,,,,,,,,,,,,,,,,,,,,,,,,,,,,,,,,,,,,,,,,,,,,,,,,,,,,,,,,,,,,,,,,,,,,,,,,,,,,,,
Data,12,record,timestamp,"944865457",s,position_lat,"390308165",semicircles,position_long,"-1398004684",semicircles,distance,"26994.14",m,altitude,"15.0",m,speed,"1.866",m/s,unknown,"0",,unknown,"100",,heart_rate,"138",bpm,cadence,"0",rpm,fractional_cadence,"0.0",rpm,enhanced_altitude,"15.0",m,enhanced_speed,"1.866",m/s,,,,,,,,,,,,,,,,,,,,,,,,,,,,,,,,,,,,,,,,,,,,,,,,,,,,,,,,,,,,,,,,,,,,,,,,,,,,,,,,,,,,,,,,,,,,,,,,,,,,,,,,,,,,,,,,,,,,,,,,,,,,,,,,,,,,,,,,,,,,,,,,,,,,,,,,,,,,,,,,,,,
Data,12,record,timestamp,"944865463",s,position_lat,"390307975",semicircles,position_long,"-1398006254",semicircles,distance,"27006.69",m,altitude,"15.600000000000023",m,speed,"2.099",m/s,unknown,"0",,unknown,"100",,heart_rate,"141",bpm,cadence,"0",rpm,fractional_cadence,"0.0",rpm,enhanced_altitude,"15.600000000000023",m,enhanced_speed,"2.099",m/s,,,,,,,,,,,,,,,,,,,,,,,,,,,,,,,,,,,,,,,,,,,,,,,,,,,,,,,,,,,,,,,,,,,,,,,,,,,,,,,,,,,,,,,,,,,,,,,,,,,,,,,,,,,,,,,,,,,,,,,,,,,,,,,,,,,,,,,,,,,,,,,,,,,,,,,,,,,,,,,,,,,
Data,12,record,timestamp,"944865464",s,position_lat,"390307918",semicircles,position_long,"-1398006509",semicircles,distance,"27008.76",m,altitude,"15.799999999999955",m,speed,"2.118",m/s,unknown,"0",,unknown,"100",,heart_rate,"139",bpm,cadence,"0",rpm,fractional_cadence,"0.0",rpm,enhanced_altitude,"15.799999999999955",m,enhanced_speed,"2.118",m/s,,,,,,,,,,,,,,,,,,,,,,,,,,,,,,,,,,,,,,,,,,,,,,,,,,,,,,,,,,,,,,,,,,,,,,,,,,,,,,,,,,,,,,,,,,,,,,,,,,,,,,,,,,,,,,,,,,,,,,,,,,,,,,,,,,,,,,,,,,,,,,,,,,,,,,,,,,,,,,,,,,,
Data,12,record,timestamp,"944865470",s,position_lat,"390307592",semicircles,position_long,"-1398008058",semicircles,distance,"27021.3",m,altitude,"15.799999999999955",m,speed,"1.969",m/s,unknown,"0",,unknown,"100",,heart_rate,"142",bpm,cadence,"0",rpm,fractional_cadence,"0.0",rpm,enhanced_altitude,"15.799999999999955",m,enhanced_speed,"1.969",m/s,,,,,,,,,,,,,,,,,,,,,,,,,,,,,,,,,,,,,,,,,,,,,,,,,,,,,,,,,,,,,,,,,,,,,,,,,,,,,,,,,,,,,,,,,,,,,,,,,,,,,,,,,,,,,,,,,,,,,,,,,,,,,,,,,,,,,,,,,,,,,,,,,,,,,,,,,,,,,,,,,,,
Data,12,record,timestamp,"944865471",s,position_lat,"390307539",semicircles,position_long,"-1398008319",semicircles,distance,"27023.4",m,altitude,"15.799999999999955",m,speed,"2.118",m/s,unknown,"0",,unknown,"100",,heart_rate,"139",bpm,cadence,"0",rpm,fractional_cadence,"0.0",rpm,enhanced_altitude,"15.799999999999955",m,enhanced_speed,"2.118",m/s,,,,,,,,,,,,,,,,,,,,,,,,,,,,,,,,,,,,,,,,,,,,,,,,,,,,,,,,,,,,,,,,,,,,,,,,,,,,,,,,,,,,,,,,,,,,,,,,,,,,,,,,,,,,,,,,,,,,,,,,,,,,,,,,,,,,,,,,,,,,,,,,,,,,,,,,,,,,,,,,,,,
Data,12,record,timestamp,"944865474",s,position_lat,"390307425",semicircles,position_long,"-1398009190",semicircles,distance,"27030.33",m,altitude,"15.799999999999955",m,speed,"2.127",m/s,unknown,"0",,unknown,"100",,heart_rate,"137",bpm,cadence,"64",rpm,fractional_cadence,"0.0",rpm,enhanced_altitude,"15.799999999999955",m,enhanced_speed,"2.127",m/s,,,,,,,,,,,,,,,,,,,,,,,,,,,,,,,,,,,,,,,,,,,,,,,,,,,,,,,,,,,,,,,,,,,,,,,,,,,,,,,,,,,,,,,,,,,,,,,,,,,,,,,,,,,,,,,,,,,,,,,,,,,,,,,,,,,,,,,,,,,,,,,,,,,,,,,,,,,,,,,,,,,
Data,12,record,timestamp,"944865482",s,position_lat,"390306959",semicircles,position_long,"-1398011356",semicircles,distance,"27047.9",m,altitude,"15.799999999999955",m,speed,"2.109",m/s,unknown,"0",,unknown,"100",,heart_rate,"135",bpm,cadence,"0",rpm,fractional_cadence,"0.0",rpm,enhanced_altitude,"15.799999999999955",m,enhanced_speed,"2.109",m/s,,,,,,,,,,,,,,,,,,,,,,,,,,,,,,,,,,,,,,,,,,,,,,,,,,,,,,,,,,,,,,,,,,,,,,,,,,,,,,,,,,,,,,,,,,,,,,,,,,,,,,,,,,,,,,,,,,,,,,,,,,,,,,,,,,,,,,,,,,,,,,,,,,,,,,,,,,,,,,,,,,,
Data,12,record,timestamp,"944865490",s,position_lat,"390306778",semicircles,position_long,"-1398013405",semicircles,distance,"27064.08",m,altitude,"15.799999999999955",m,speed,"1.866",m/s,unknown,"0",,unknown,"100",,heart_rate,"134",bpm,cadence,"0",rpm,fractional_cadence,"0.0",rpm,enhanced_altitude,"15.799999999999955",m,enhanced_speed,"1.866",m/s,,,,,,,,,,,,,,,,,,,,,,,,,,,,,,,,,,,,,,,,,,,,,,,,,,,,,,,,,,,,,,,,,,,,,,,,,,,,,,,,,,,,,,,,,,,,,,,,,,,,,,,,,,,,,,,,,,,,,,,,,,,,,,,,,,,,,,,,,,,,,,,,,,,,,,,,,,,,,,,,,,,
Data,12,record,timestamp,"944865496",s,position_lat,"390306526",semicircles,position_long,"-1398015025",semicircles,distance,"27077.0",m,altitude,"15.799999999999955",m,speed,"2.146",m/s,unknown,"0",,unknown,"100",,heart_rate,"135",bpm,cadence,"0",rpm,fractional_cadence,"0.0",rpm,enhanced_altitude,"15.799999999999955",m,enhanced_speed,"2.146",m/s,,,,,,,,,,,,,,,,,,,,,,,,,,,,,,,,,,,,,,,,,,,,,,,,,,,,,,,,,,,,,,,,,,,,,,,,,,,,,,,,,,,,,,,,,,,,,,,,,,,,,,,,,,,,,,,,,,,,,,,,,,,,,,,,,,,,,,,,,,,,,,,,,,,,,,,,,,,,,,,,,,,
Data,12,record,timestamp,"944865498",s,position_lat,"390306426",semicircles,position_long,"-1398015542",semicircles,distance,"27081.16",m,altitude,"15.799999999999955",m,speed,"2.006",m/s,unknown,"0",,unknown,"100",,heart_rate,"132",bpm,cadence,"0",rpm,fractional_cadence,"0.0",rpm,enhanced_altitude,"15.799999999999955",m,enhanced_speed,"2.006",m/s,,,,,,,,,,,,,,,,,,,,,,,,,,,,,,,,,,,,,,,,,,,,,,,,,,,,,,,,,,,,,,,,,,,,,,,,,,,,,,,,,,,,,,,,,,,,,,,,,,,,,,,,,,,,,,,,,,,,,,,,,,,,,,,,,,,,,,,,,,,,,,,,,,,,,,,,,,,,,,,,,,,
Data,12,record,timestamp,"944865501",s,position_lat,"390306220",semicircles,position_long,"-1398016311",semicircles,distance,"27087.52",m,altitude,"15.799999999999955",m,speed,"2.118",m/s,unknown,"0",,unknown,"100",,heart_rate,"131",bpm,cadence,"0",rpm,fractional_cadence,"0.0",rpm,enhanced_altitude,"15.799999999999955",m,enhanced_speed,"2.118",m/s,,,,,,,,,,,,,,,,,,,,,,,,,,,,,,,,,,,,,,,,,,,,,,,,,,,,,,,,,,,,,,,,,,,,,,,,,,,,,,,,,,,,,,,,,,,,,,,,,,,,,,,,,,,,,,,,,,,,,,,,,,,,,,,,,,,,,,,,,,,,,,,,,,,,,,,,,,,,,,,,,,,
Data,12,record,timestamp,"944865509",s,position_lat,"390305706",semicircles,position_long,"-1398018564",semicircles,distance,"27105.81",m,altitude,"15.799999999999955",m,speed,"2.034",m/s,unknown,"0",,unknown,"100",,heart_rate,"131",bpm,cadence,"0",rpm,fractional_cadence,"0.0",rpm,enhanced_altitude,"15.799999999999955",m,enhanced_speed,"2.034",m/s,,,,,,,,,,,,,,,,,,,,,,,,,,,,,,,,,,,,,,,,,,,,,,,,,,,,,,,,,,,,,,,,,,,,,,,,,,,,,,,,,,,,,,,,,,,,,,,,,,,,,,,,,,,,,,,,,,,,,,,,,,,,,,,,,,,,,,,,,,,,,,,,,,,,,,,,,,,,,,,,,,,
Data,12,record,timestamp,"944865511",s,position_lat,"390305583",semicircles,position_long,"-1398019126",semicircles,distance,"27110.37",m,altitude,"15.600000000000023",m,speed,"2.109",m/s,unknown,"0",,unknown,"100",,heart_rate,"128",bpm,cadence,"0",rpm,fractional_cadence,"0.0",rpm,enhanced_altitude,"15.600000000000023",m,enhanced_speed,"2.109",m/s,,,,,,,,,,,,,,,,,,,,,,,,,,,,,,,,,,,,,,,,,,,,,,,,,,,,,,,,,,,,,,,,,,,,,,,,,,,,,,,,,,,,,,,,,,,,,,,,,,,,,,,,,,,,,,,,,,,,,,,,,,,,,,,,,,,,,,,,,,,,,,,,,,,,,,,,,,,,,,,,,,,
Data,12,record,timestamp,"944865519",s,position_lat,"390305060",semicircles,position_long,"-1398021435",semicircles,distance,"27129.14",m,altitude,"15.200000000000045",m,speed,"2.389",m/s,unknown,"0",,unknown,"100",,heart_rate,"127",bpm,cadence,"0",rpm,fractional_cadence,"0.0",rpm,enhanced_altitude,"15.200000000000045",m,enhanced_speed,"2.389",m/s,,,,,,,,,,,,,,,,,,,,,,,,,,,,,,,,,,,,,,,,,,,,,,,,,,,,,,,,,,,,,,,,,,,,,,,,,,,,,,,,,,,,,,,,,,,,,,,,,,,,,,,,,,,,,,,,,,,,,,,,,,,,,,,,,,,,,,,,,,,,,,,,,,,,,,,,,,,,,,,,,,,
Data,12,record,timestamp,"944865527",s,position_lat,"390304515",semicircles,position_long,"-1398023734",semicircles,distance,"27147.92",m,altitude,"15.200000000000045",m,speed,"2.23",m/s,unknown,"0",,unknown,"100",,heart_rate,"125",bpm,cadence,"0",rpm,fractional_cadence,"0.0",rpm,enhanced_altitude,"15.200000000000045",m,enhanced_speed,"2.23",m/s,,,,,,,,,,,,,,,,,,,,,,,,,,,,,,,,,,,,,,,,,,,,,,,,,,,,,,,,,,,,,,,,,,,,,,,,,,,,,,,,,,,,,,,,,,,,,,,,,,,,,,,,,,,,,,,,,,,,,,,,,,,,,,,,,,,,,,,,,,,,,,,,,,,,,,,,,,,,,,,,,,,
Data,12,record,timestamp,"944865530",s,position_lat,"390304337",semicircles,position_long,"-1398024565",semicircles,distance,"27154.66",m,altitude,"15.200000000000045",m,speed,"2.249",m/s,unknown,"0",,unknown,"100",,heart_rate,"128",bpm,cadence,"0",rpm,fractional_cadence,"0.0",rpm,enhanced_altitude,"15.200000000000045",m,enhanced_speed,"2.249",m/s,,,,,,,,,,,,,,,,,,,,,,,,,,,,,,,,,,,,,,,,,,,,,,,,,,,,,,,,,,,,,,,,,,,,,,,,,,,,,,,,,,,,,,,,,,,,,,,,,,,,,,,,,,,,,,,,,,,,,,,,,,,,,,,,,,,,,,,,,,,,,,,,,,,,,,,,,,,,,,,,,,,
Data,12,record,timestamp,"944865531",s,position_lat,"390304263",semicircles,position_long,"-1398024839",semicircles,distance,"27156.92",m,altitude,"15.200000000000045",m,speed,"2.211",m/s,unknown,"0",,unknown,"100",,heart_rate,"125",bpm,cadence,"0",rpm,fractional_cadence,"0.0",rpm,enhanced_altitude,"15.200000000000045",m,enhanced_speed,"2.211",m/s,,,,,,,,,,,,,,,,,,,,,,,,,,,,,,,,,,,,,,,,,,,,,,,,,,,,,,,,,,,,,,,,,,,,,,,,,,,,,,,,,,,,,,,,,,,,,,,,,,,,,,,,,,,,,,,,,,,,,,,,,,,,,,,,,,,,,,,,,,,,,,,,,,,,,,,,,,,,,,,,,,,
Data,12,record,timestamp,"944865537",s,position_lat,"390303830",semicircles,position_long,"-1398026648",semicircles,distance,"27171.7",m,altitude,"15.200000000000045",m,speed,"2.258",m/s,unknown,"0",,unknown,"300",,heart_rate,"121",bpm,cadence,"0",rpm,fractional_cadence,"0.0",rpm,enhanced_altitude,"15.200000000000045",m,enhanced_speed,"2.258",m/s,,,,,,,,,,,,,,,,,,,,,,,,,,,,,,,,,,,,,,,,,,,,,,,,,,,,,,,,,,,,,,,,,,,,,,,,,,,,,,,,,,,,,,,,,,,,,,,,,,,,,,,,,,,,,,,,,,,,,,,,,,,,,,,,,,,,,,,,,,,,,,,,,,,,,,,,,,,,,,,,,,,
Data,12,record,timestamp,"944865538",s,position_lat,"390303737",semicircles,position_long,"-1398026938",semicircles,distance,"27174.13",m,altitude,"15.200000000000045",m,speed,"2.305",m/s,unknown,"0",,unknown,"300",,heart_rate,"121",bpm,cadence,"0",rpm,fractional_cadence,"0.0",rpm,enhanced_altitude,"15.200000000000045",m,enhanced_speed,"2.305",m/s,,,,,,,,,,,,,,,,,,,,,,,,,,,,,,,,,,,,,,,,,,,,,,,,,,,,,,,,,,,,,,,,,,,,,,,,,,,,,,,,,,,,,,,,,,,,,,,,,,,,,,,,,,,,,,,,,,,,,,,,,,,,,,,,,,,,,,,,,,,,,,,,,,,,,,,,,,,,,,,,,,,
Data,12,record,timestamp,"944865547",s,position_lat,"390303089",semicircles,position_long,"-1398029668",semicircles,distance,"27196.42",m,altitude,"15.200000000000045",m,speed,"2.445",m/s,unknown,"0",,unknown,"300",,heart_rate,"119",bpm,cadence,"0",rpm,fractional_cadence,"0.0",rpm,enhanced_altitude,"15.200000000000045",m,enhanced_speed,"2.445",m/s,,,,,,,,,,,,,,,,,,,,,,,,,,,,,,,,,,,,,,,,,,,,,,,,,,,,,,,,,,,,,,,,,,,,,,,,,,,,,,,,,,,,,,,,,,,,,,,,,,,,,,,,,,,,,,,,,,,,,,,,,,,,,,,,,,,,,,,,,,,,,,,,,,,,,,,,,,,,,,,,,,,
Data,12,record,timestamp,"944865557",s,position_lat,"390302150",semicircles,position_long,"-1398032753",semicircles,distance,"27222.18",m,altitude,"15.600000000000023",m,speed,"2.426",m/s,unknown,"0",,unknown,"100",,heart_rate,"119",bpm,cadence,"0",rpm,fractional_cadence,"0.0",rpm,enhanced_altitude,"15.600000000000023",m,enhanced_speed,"2.426",m/s,,,,,,,,,,,,,,,,,,,,,,,,,,,,,,,,,,,,,,,,,,,,,,,,,,,,,,,,,,,,,,,,,,,,,,,,,,,,,,,,,,,,,,,,,,,,,,,,,,,,,,,,,,,,,,,,,,,,,,,,,,,,,,,,,,,,,,,,,,,,,,,,,,,,,,,,,,,,,,,,,,,
Data,12,record,timestamp,"944865562",s,position_lat,"390301875",semicircles,position_long,"-1398034350",semicircles,distance,"27235.0",m,altitude,"15.600000000000023",m,speed,"2.51",m/s,unknown,"0",,unknown,"100",,heart_rate,"116",bpm,cadence,"0",rpm,fractional_cadence,"0.0",rpm,enhanced_altitude,"15.600000000000023",m,enhanced_speed,"2.51",m/s,,,,,,,,,,,,,,,,,,,,,,,,,,,,,,,,,,,,,,,,,,,,,,,,,,,,,,,,,,,,,,,,,,,,,,,,,,,,,,,,,,,,,,,,,,,,,,,,,,,,,,,,,,,,,,,,,,,,,,,,,,,,,,,,,,,,,,,,,,,,,,,,,,,,,,,,,,,,,,,,,,,
Data,12,record,timestamp,"944865563",s,position_lat,"390301824",semicircles,position_long,"-1398034691",semicircles,distance,"27237.72",m,altitude,"15.600000000000023",m,speed,"2.594",m/s,unknown,"0",,unknown,"100",,heart_rate,"119",bpm,cadence,"0",rpm,fractional_cadence,"0.0",rpm,enhanced_altitude,"15.600000000000023",m,enhanced_speed,"2.594",m/s,,,,,,,,,,,,,,,,,,,,,,,,,,,,,,,,,,,,,,,,,,,,,,,,,,,,,,,,,,,,,,,,,,,,,,,,,,,,,,,,,,,,,,,,,,,,,,,,,,,,,,,,,,,,,,,,,,,,,,,,,,,,,,,,,,,,,,,,,,,,,,,,,,,,,,,,,,,,,,,,,,,
Data,12,record,timestamp,"944865566",s,position_lat,"390301672",semicircles,position_long,"-1398035695",semicircles,distance,"27245.73",m,altitude,"15.600000000000023",m,speed,"2.417",m/s,unknown,"0",,unknown,"100",,heart_rate,"116",bpm,cadence,"0",rpm,fractional_cadence,"0.0",rpm,enhanced_altitude,"15.600000000000023",m,enhanced_speed,"2.417",m/s,,,,,,,,,,,,,,,,,,,,,,,,,,,,,,,,,,,,,,,,,,,,,,,,,,,,,,,,,,,,,,,,,,,,,,,,,,,,,,,,,,,,,,,,,,,,,,,,,,,,,,,,,,,,,,,,,,,,,,,,,,,,,,,,,,,,,,,,,,,,,,,,,,,,,,,,,,,,,,,,,,,
Data,12,record,timestamp,"944865574",s,position_lat,"390301175",semicircles,position_long,"-1398038067",semicircles,distance,"27264.95",m,altitude,"15.399999999999977",m,speed,"2.379",m/s,unknown,"0",,unknown,"100",,heart_rate,"117",bpm,cadence,"0",rpm,fractional_cadence,"0.0",rpm,enhanced_altitude,"15.399999999999977",m,enhanced_speed,"2.379",m/s,,,,,,,,,,,,,,,,,,,,,,,,,,,,,,,,,,,,,,,,,,,,,,,,,,,,,,,,,,,,,,,,,,,,,,,,,,,,,,,,,,,,,,,,,,,,,,,,,,,,,,,,,,,,,,,,,,,,,,,,,,,,,,,,,,,,,,,,,,,,,,,,,,,,,,,,,,,,,,,,,,,
Data,12,record,timestamp,"944865580",s,position_lat,"390300671",semicircles,position_long,"-1398039945",semicircles,distance,"27280.43",m,altitude,"15.600000000000023",m,speed,"1.773",m/s,unknown,"0",,unknown,"100",,heart_rate,"117",bpm,cadence,"0",rpm,fractional_cadence,"0.0",rpm,enhanced_altitude,"15.600000000000023",m,enhanced_speed,"1.773",m/s,,,,,,,,,,,,,,,,,,,,,,,,,,,,,,,,,,,,,,,,,,,,,,,,,,,,,,,,,,,,,,,,,,,,,,,,,,,,,,,,,,,,,,,,,,,,,,,,,,,,,,,,,,,,,,,,,,,,,,,,,,,,,,,,,,,,,,,,,,,,,,,,,,,,,,,,,,,,,,,,,,,
Data,12,record,timestamp,"944865586",s,position_lat,"390300163",semicircles,position_long,"-1398041738",semicircles,distance,"27295.32",m,altitude,"15.799999999999955",m,speed,"2.473",m/s,unknown,"0",,unknown,"100",,heart_rate,"121",bpm,cadence,"0",rpm,fractional_cadence,"0.0",rpm,enhanced_altitude,"15.799999999999955",m,enhanced_speed,"2.473",m/s,,,,,,,,,,,,,,,,,,,,,,,,,,,,,,,,,,,,,,,,,,,,,,,,,,,,,,,,,,,,,,,,,,,,,,,,,,,,,,,,,,,,,,,,,,,,,,,,,,,,,,,,,,,,,,,,,,,,,,,,,,,,,,,,,,,,,,,,,,,,,,,,,,,,,,,,,,,,,,,,,,,
Data,12,record,timestamp,"944865587",s,position_lat,"390300130",semicircles,position_long,"-1398042099",semicircles,distance,"27298.17",m,altitude,"15.799999999999955",m,speed,"2.79",m/s,unknown,"0",,unknown,"100",,heart_rate,"124",bpm,cadence,"55",rpm,fractional_cadence,"0.5",rpm,enhanced_altitude,"15.799999999999955",m,enhanced_speed,"2.79",m/s,,,,,,,,,,,,,,,,,,,,,,,,,,,,,,,,,,,,,,,,,,,,,,,,,,,,,,,,,,,,,,,,,,,,,,,,,,,,,,,,,,,,,,,,,,,,,,,,,,,,,,,,,,,,,,,,,,,,,,,,,,,,,,,,,,,,,,,,,,,,,,,,,,,,,,,,,,,,,,,,,,,
Data,12,record,timestamp,"944865589",s,position_lat,"390300031",semicircles,position_long,"-1398042744",semicircles,distance,"27303.3",m,altitude,"15.799999999999955",m,speed,"2.491",m/s,unknown,"0",,unknown,"100",,heart_rate,"127",bpm,cadence,"55",rpm,fractional_cadence,"0.5",rpm,enhanced_altitude,"15.799999999999955",m,enhanced_speed,"2.491",m/s,,,,,,,,,,,,,,,,,,,,,,,,,,,,,,,,,,,,,,,,,,,,,,,,,,,,,,,,,,,,,,,,,,,,,,,,,,,,,,,,,,,,,,,,,,,,,,,,,,,,,,,,,,,,,,,,,,,,,,,,,,,,,,,,,,,,,,,,,,,,,,,,,,,,,,,,,,,,,,,,,,,
Data,12,record,timestamp,"944865591",s,position_lat,"390299941",semicircles,position_long,"-1398043351",semicircles,distance,"27308.16",m,altitude,"15.799999999999955",m,speed,"2.267",m/s,unknown,"0",,unknown,"100",,heart_rate,"131",bpm,cadence,"55",rpm,fractional_cadence,"0.5",rpm,enhanced_altitude,"15.799999999999955",m,enhanced_speed,"2.267",m/s,,,,,,,,,,,,,,,,,,,,,,,,,,,,,,,,,,,,,,,,,,,,,,,,,,,,,,,,,,,,,,,,,,,,,,,,,,,,,,,,,,,,,,,,,,,,,,,,,,,,,,,,,,,,,,,,,,,,,,,,,,,,,,,,,,,,,,,,,,,,,,,,,,,,,,,,,,,,,,,,,,,
Data,12,record,timestamp,"944865592",s,position_lat,"390299907",semicircles,position_long,"-1398043667",semicircles,distance,"27310.65",m,altitude,"15.799999999999955",m,speed,"2.435",m/s,unknown,"0",,unknown,"100",,heart_rate,"128",bpm,cadence,"55",rpm,fractional_cadence,"0.5",rpm,enhanced_altitude,"15.799999999999955",m,enhanced_speed,"2.435",m/s,,,,,,,,,,,,,,,,,,,,,,,,,,,,,,,,,,,,,,,,,,,,,,,,,,,,,,,,,,,,,,,,,,,,,,,,,,,,,,,,,,,,,,,,,,,,,,,,,,,,,,,,,,,,,,,,,,,,,,,,,,,,,,,,,,,,,,,,,,,,,,,,,,,,,,,,,,,,,,,,,,,
Data,12,record,timestamp,"944865593",s,position_lat,"390299832",semicircles,position_long,"-1398043968",semicircles,distance,"27313.12",m,altitude,"15.799999999999955",m,speed,"2.249",m/s,unknown,"0",,unknown,"100",,heart_rate,"131",bpm,cadence,"0",rpm,fractional_cadence,"0.0",rpm,enhanced_altitude,"15.799999999999955",m,enhanced_speed,"2.249",m/s,,,,,,,,,,,,,,,,,,,,,,,,,,,,,,,,,,,,,,,,,,,,,,,,,,,,,,,,,,,,,,,,,,,,,,,,,,,,,,,,,,,,,,,,,,,,,,,,,,,,,,,,,,,,,,,,,,,,,,,,,,,,,,,,,,,,,,,,,,,,,,,,,,,,,,,,,,,,,,,,,,,
Data,12,record,timestamp,"944865596",s,position_lat,"390299698",semicircles,position_long,"-1398044804",semicircles,distance,"27319.81",m,altitude,"15.799999999999955",m,speed,"2.351",m/s,unknown,"0",,unknown,"100",,heart_rate,"134",bpm,cadence,"0",rpm,fractional_cadence,"0.0",rpm,enhanced_altitude,"15.799999999999955",m,enhanced_speed,"2.351",m/s,,,,,,,,,,,,,,,,,,,,,,,,,,,,,,,,,,,,,,,,,,,,,,,,,,,,,,,,,,,,,,,,,,,,,,,,,,,,,,,,,,,,,,,,,,,,,,,,,,,,,,,,,,,,,,,,,,,,,,,,,,,,,,,,,,,,,,,,,,,,,,,,,,,,,,,,,,,,,,,,,,,
Data,12,record,timestamp,"944865600",s,position_lat,"390299610",semicircles,position_long,"-1398045923",semicircles,distance,"27328.64",m,altitude,"15.799999999999955",m,speed,"2.165",m/s,unknown,"0",,unknown,"100",,heart_rate,"137",bpm,cadence,"0",rpm,fractional_cadence,"0.0",rpm,enhanced_altitude,"15.799999999999955",m,enhanced_speed,"2.165",m/s,,,,,,,,,,,,,,,,,,,,,,,,,,,,,,,,,,,,,,,,,,,,,,,,,,,,,,,,,,,,,,,,,,,,,,,,,,,,,,,,,,,,,,,,,,,,,,,,,,,,,,,,,,,,,,,,,,,,,,,,,,,,,,,,,,,,,,,,,,,,,,,,,,,,,,,,,,,,,,,,,,,
Data,12,record,timestamp,"944865601",s,position_lat,"390299574",semicircles,position_long,"-1398046216",semicircles,distance,"27330.96",m,altitude,"15.600000000000023",m,speed,"2.295",m/s,unknown,"0",,unknown,"100",,heart_rate,"136",bpm,cadence,"0",rpm,fractional_cadence,"0.0",rpm,enhanced_altitude,"15.600000000000023",m,enhanced_speed,"2.295",m/s,,,,,,,,,,,,,,,,,,,,,,,,,,,,,,,,,,,,,,,,,,,,,,,,,,,,,,,,,,,,,,,,,,,,,,,,,,,,,,,,,,,,,,,,,,,,,,,,,,,,,,,,,,,,,,,,,,,,,,,,,,,,,,,,,,,,,,,,,,,,,,,,,,,,,,,,,,,,,,,,,,,
Data,12,record,timestamp,"944865609",s,position_lat,"390299301",semicircles,position_long,"-1398048470",semicircles,distance,"27348.89",m,altitude,"15.600000000000023",m,speed,"2.137",m/s,unknown,"0",,unknown,"100",,heart_rate,"138",bpm,cadence,"0",rpm,fractional_cadence,"0.0",rpm,enhanced_altitude,"15.600000000000023",m,enhanced_speed,"2.137",m/s,,,,,,,,,,,,,,,,,,,,,,,,,,,,,,,,,,,,,,,,,,,,,,,,,,,,,,,,,,,,,,,,,,,,,,,,,,,,,,,,,,,,,,,,,,,,,,,,,,,,,,,,,,,,,,,,,,,,,,,,,,,,,,,,,,,,,,,,,,,,,,,,,,,,,,,,,,,,,,,,,,,
Data,12,record,timestamp,"944865614",s,position_lat,"390298351",semicircles,position_long,"-1398049727",semicircles,distance,"27362.26",m,altitude,"15.799999999999955",m,speed,"2.706",m/s,unknown,"0",,unknown,"100",,heart_rate,"136",bpm,cadence,"0",rpm,fractional_cadence,"0.0",rpm,enhanced_altitude,"15.799999999999955",m,enhanced_speed,"2.706",m/s,,,,,,,,,,,,,,,,,,,,,,,,,,,,,,,,,,,,,,,,,,,,,,,,,,,,,,,,,,,,,,,,,,,,,,,,,,,,,,,,,,,,,,,,,,,,,,,,,,,,,,,,,,,,,,,,,,,,,,,,,,,,,,,,,,,,,,,,,,,,,,,,,,,,,,,,,,,,,,,,,,,
Data,12,record,timestamp,"944865619",s,position_lat,"390297024",semicircles,position_long,"-1398050814",semicircles,distance,"27377.26",m,altitude,"15.600000000000023",m,speed,"2.874",m/s,unknown,"0",,unknown,"100",,heart_rate,"140",bpm,cadence,"0",rpm,fractional_cadence,"0.0",rpm,enhanced_altitude,"15.600000000000023",m,enhanced_speed,"2.874",m/s,,,,,,,,,,,,,,,,,,,,,,,,,,,,,,,,,,,,,,,,,,,,,,,,,,,,,,,,,,,,,,,,,,,,,,,,,,,,,,,,,,,,,,,,,,,,,,,,,,,,,,,,,,,,,,,,,,,,,,,,,,,,,,,,,,,,,,,,,,,,,,,,,,,,,,,,,,,,,,,,,,,
Data,12,record,timestamp,"944865621",s,position_lat,"390296443",semicircles,position_long,"-1398051177",semicircles,distance,"27383.37",m,altitude,"15.600000000000023",m,speed,"2.948",m/s,unknown,"0",,unknown,"100",,heart_rate,"138",bpm,cadence,"0",rpm,fractional_cadence,"0.0",rpm,enhanced_altitude,"15.600000000000023",m,enhanced_speed,"2.948",m/s,,,,,,,,,,,,,,,,,,,,,,,,,,,,,,,,,,,,,,,,,,,,,,,,,,,,,,,,,,,,,,,,,,,,,,,,,,,,,,,,,,,,,,,,,,,,,,,,,,,,,,,,,,,,,,,,,,,,,,,,,,,,,,,,,,,,,,,,,,,,,,,,,,,,,,,,,,,,,,,,,,,
Data,12,record,timestamp,"944865626",s,position_lat,"390294958",semicircles,position_long,"-1398051972",semicircles,distance,"27398.6",m,altitude,"15.799999999999955",m,speed,"2.976",m/s,unknown,"0",,unknown,"100",,heart_rate,"143",bpm,cadence,"0",rpm,fractional_cadence,"0.0",rpm,enhanced_altitude,"15.799999999999955",m,enhanced_speed,"2.976",m/s,,,,,,,,,,,,,,,,,,,,,,,,,,,,,,,,,,,,,,,,,,,,,,,,,,,,,,,,,,,,,,,,,,,,,,,,,,,,,,,,,,,,,,,,,,,,,,,,,,,,,,,,,,,,,,,,,,,,,,,,,,,,,,,,,,,,,,,,,,,,,,,,,,,,,,,,,,,,,,,,,,,
Data,12,record,timestamp,"944865627",s,position_lat,"390294676",semicircles,position_long,"-1398052018",semicircles,distance,"27401.24",m,altitude,"15.799999999999955",m,speed,"2.613",m/s,unknown,"0",,unknown,"100",,heart_rate,"146",bpm,cadence,"0",rpm,fractional_cadence,"0.0",rpm,enhanced_altitude,"15.799999999999955",m,enhanced_speed,"2.613",m/s,,,,,,,,,,,,,,,,,,,,,,,,,,,,,,,,,,,,,,,,,,,,,,,,,,,,,,,,,,,,,,,,,,,,,,,,,,,,,,,,,,,,,,,,,,,,,,,,,,,,,,,,,,,,,,,,,,,,,,,,,,,,,,,,,,,,,,,,,,,,,,,,,,,,,,,,,,,,,,,,,,,
Data,12,record,timestamp,"944865628",s,position_lat,"390294414",semicircles,position_long,"-1398052102",semicircles,distance,"27403.76",m,altitude,"15.799999999999955",m,speed,"2.715",m/s,unknown,"0",,unknown,"100",,heart_rate,"150",bpm,cadence,"0",rpm,fractional_cadence,"0.0",rpm,enhanced_altitude,"15.799999999999955",m,enhanced_speed,"2.715",m/s,,,,,,,,,,,,,,,,,,,,,,,,,,,,,,,,,,,,,,,,,,,,,,,,,,,,,,,,,,,,,,,,,,,,,,,,,,,,,,,,,,,,,,,,,,,,,,,,,,,,,,,,,,,,,,,,,,,,,,,,,,,,,,,,,,,,,,,,,,,,,,,,,,,,,,,,,,,,,,,,,,,
Data,12,record,timestamp,"944865629",s,position_lat,"390294111",semicircles,position_long,"-1398052204",semicircles,distance,"27406.69",m,altitude,"16.0",m,speed,"3.126",m/s,unknown,"0",,unknown,"100",,heart_rate,"154",bpm,cadence,"0",rpm,fractional_cadence,"0.0",rpm,enhanced_altitude,"16.0",m,enhanced_speed,"3.126",m/s,,,,,,,,,,,,,,,,,,,,,,,,,,,,,,,,,,,,,,,,,,,,,,,,,,,,,,,,,,,,,,,,,,,,,,,,,,,,,,,,,,,,,,,,,,,,,,,,,,,,,,,,,,,,,,,,,,,,,,,,,,,,,,,,,,,,,,,,,,,,,,,,,,,,,,,,,,,,,,,,,,,
Data,12,record,timestamp,"944865631",s,position_lat,"390293505",semicircles,position_long,"-1398052383",semicircles,distance,"27412.49",m,altitude,"15.799999999999955",m,speed,"2.333",m/s,unknown,"0",,unknown,"100",,heart_rate,"160",bpm,cadence,"0",rpm,fractional_cadence,"0.0",rpm,enhanced_altitude,"15.799999999999955",m,enhanced_speed,"2.333",m/s,,,,,,,,,,,,,,,,,,,,,,,,,,,,,,,,,,,,,,,,,,,,,,,,,,,,,,,,,,,,,,,,,,,,,,,,,,,,,,,,,,,,,,,,,,,,,,,,,,,,,,,,,,,,,,,,,,,,,,,,,,,,,,,,,,,,,,,,,,,,,,,,,,,,,,,,,,,,,,,,,,,
Data,12,record,timestamp,"944865632",s,position_lat,"390293241",semicircles,position_long,"-1398052452",semicircles,distance,"27415.0",m,altitude,"15.799999999999955",m,speed,"2.529",m/s,unknown,"0",,unknown,"100",,heart_rate,"161",bpm,cadence,"0",rpm,fractional_cadence,"0.0",rpm,enhanced_altitude,"15.799999999999955",m,enhanced_speed,"2.529",m/s,,,,,,,,,,,,,,,,,,,,,,,,,,,,,,,,,,,,,,,,,,,,,,,,,,,,,,,,,,,,,,,,,,,,,,,,,,,,,,,,,,,,,,,,,,,,,,,,,,,,,,,,,,,,,,,,,,,,,,,,,,,,,,,,,,,,,,,,,,,,,,,,,,,,,,,,,,,,,,,,,,,
Data,12,record,timestamp,"944865633",s,position_lat,"390292915",semicircles,position_long,"-1398052528",semicircles,distance,"27418.09",m,altitude,"15.799999999999955",m,speed,"3.387",m/s,unknown,"0",,unknown,"100",,heart_rate,"164",bpm,cadence,"0",rpm,fractional_cadence,"0.0",rpm,enhanced_altitude,"15.799999999999955",m,enhanced_speed,"3.387",m/s,,,,,,,,,,,,,,,,,,,,,,,,,,,,,,,,,,,,,,,,,,,,,,,,,,,,,,,,,,,,,,,,,,,,,,,,,,,,,,,,,,,,,,,,,,,,,,,,,,,,,,,,,,,,,,,,,,,,,,,,,,,,,,,,,,,,,,,,,,,,,,,,,,,,,,,,,,,,,,,,,,,
Data,12,record,timestamp,"944865635",s,position_lat,"390292237",semicircles,position_long,"-1398052615",semicircles,distance,"27424.44",m,altitude,"15.799999999999955",m,speed,"2.911",m/s,unknown,"0",,unknown,"100",,heart_rate,"167",bpm,cadence,"0",rpm,fractional_cadence,"0.0",rpm,enhanced_altitude,"15.799999999999955",m,enhanced_speed,"2.911",m/s,,,,,,,,,,,,,,,,,,,,,,,,,,,,,,,,,,,,,,,,,,,,,,,,,,,,,,,,,,,,,,,,,,,,,,,,,,,,,,,,,,,,,,,,,,,,,,,,,,,,,,,,,,,,,,,,,,,,,,,,,,,,,,,,,,,,,,,,,,,,,,,,,,,,,,,,,,,,,,,,,,,
Data,12,record,timestamp,"944865637",s,position_lat,"390291616",semicircles,position_long,"-1398052689",semicircles,distance,"27430.23",m,altitude,"16.0",m,speed,"2.902",m/s,unknown,"0",,unknown,"100",,heart_rate,"168",bpm,cadence,"0",rpm,fractional_cadence,"0.0",rpm,enhanced_altitude,"16.0",m,enhanced_speed,"2.902",m/s,,,,,,,,,,,,,,,,,,,,,,,,,,,,,,,,,,,,,,,,,,,,,,,,,,,,,,,,,,,,,,,,,,,,,,,,,,,,,,,,,,,,,,,,,,,,,,,,,,,,,,,,,,,,,,,,,,,,,,,,,,,,,,,,,,,,,,,,,,,,,,,,,,,,,,,,,,,,,,,,,,,
Data,12,record,timestamp,"944865642",s,position_lat,"390290130",semicircles,position_long,"-1398052465",semicircles,distance,"27444.18",m,altitude,"15.799999999999955",m,speed,"2.09",m/s,unknown,"0",,unknown,"100",,heart_rate,"165",bpm,cadence,"0",rpm,fractional_cadence,"0.0",rpm,enhanced_altitude,"15.799999999999955",m,enhanced_speed,"2.09",m/s,,,,,,,,,,,,,,,,,,,,,,,,,,,,,,,,,,,,,,,,,,,,,,,,,,,,,,,,,,,,,,,,,,,,,,,,,,,,,,,,,,,,,,,,,,,,,,,,,,,,,,,,,,,,,,,,,,,,,,,,,,,,,,,,,,,,,,,,,,,,,,,,,,,,,,,,,,,,,,,,,,,
Data,12,record,timestamp,"944865645",s,position_lat,"390289383",semicircles,position_long,"-1398052294",semicircles,distance,"27451.26",m,altitude,"15.799999999999955",m,speed,"3.191",m/s,unknown,"0",,unknown,"100",,heart_rate,"162",bpm,cadence,"0",rpm,fractional_cadence,"0.0",rpm,enhanced_altitude,"15.799999999999955",m,enhanced_speed,"3.191",m/s,,,,,,,,,,,,,,,,,,,,,,,,,,,,,,,,,,,,,,,,,,,,,,,,,,,,,,,,,,,,,,,,,,,,,,,,,,,,,,,,,,,,,,,,,,,,,,,,,,,,,,,,,,,,,,,,,,,,,,,,,,,,,,,,,,,,,,,,,,,,,,,,,,,,,,,,,,,,,,,,,,,
Data,12,record,timestamp,"944865647",s,position_lat,"390288956",semicircles,position_long,"-1398052066",semicircles,distance,"27455.61",m,altitude,"15.600000000000023",m,speed,"2.249",m/s,unknown,"0",,unknown,"100",,heart_rate,"161",bpm,cadence,"0",rpm,fractional_cadence,"0.0",rpm,enhanced_altitude,"15.600000000000023",m,enhanced_speed,"2.249",m/s,,,,,,,,,,,,,,,,,,,,,,,,,,,,,,,,,,,,,,,,,,,,,,,,,,,,,,,,,,,,,,,,,,,,,,,,,,,,,,,,,,,,,,,,,,,,,,,,,,,,,,,,,,,,,,,,,,,,,,,,,,,,,,,,,,,,,,,,,,,,,,,,,,,,,,,,,,,,,,,,,,,
Data,12,record,timestamp,"944865651",s,position_lat,"390287959",semicircles,position_long,"-1398051482",semicircles,distance,"27465.96",m,altitude,"15.399999999999977",m,speed,"2.547",m/s,unknown,"0",,unknown,"100",,heart_rate,"158",bpm,cadence,"0",rpm,fractional_cadence,"0.0",rpm,enhanced_altitude,"15.399999999999977",m,enhanced_speed,"2.547",m/s,,,,,,,,,,,,,,,,,,,,,,,,,,,,,,,,,,,,,,,,,,,,,,,,,,,,,,,,,,,,,,,,,,,,,,,,,,,,,,,,,,,,,,,,,,,,,,,,,,,,,,,,,,,,,,,,,,,,,,,,,,,,,,,,,,,,,,,,,,,,,,,,,,,,,,,,,,,,,,,,,,,
Data,12,record,timestamp,"944865654",s,position_lat,"390287276",semicircles,position_long,"-1398051082",semicircles,distance,"27473.04",m,altitude,"15.200000000000045",m,speed,"2.109",m/s,unknown,"0",,unknown,"100",,heart_rate,"157",bpm,cadence,"0",rpm,fractional_cadence,"0.0",rpm,enhanced_altitude,"15.200000000000045",m,enhanced_speed,"2.109",m/s,,,,,,,,,,,,,,,,,,,,,,,,,,,,,,,,,,,,,,,,,,,,,,,,,,,,,,,,,,,,,,,,,,,,,,,,,,,,,,,,,,,,,,,,,,,,,,,,,,,,,,,,,,,,,,,,,,,,,,,,,,,,,,,,,,,,,,,,,,,,,,,,,,,,,,,,,,,,,,,,,,,
Data,12,record,timestamp,"944865660",s,position_lat,"390285905",semicircles,position_long,"-1398050285",semicircles,distance,"27487.25",m,altitude,"15.200000000000045",m,speed,"2.146",m/s,unknown,"0",,unknown,"100",,heart_rate,"157",bpm,cadence,"0",rpm,fractional_cadence,"0.0",rpm,enhanced_altitude,"15.200000000000045",m,enhanced_speed,"2.146",m/s,,,,,,,,,,,,,,,,,,,,,,,,,,,,,,,,,,,,,,,,,,,,,,,,,,,,,,,,,,,,,,,,,,,,,,,,,,,,,,,,,,,,,,,,,,,,,,,,,,,,,,,,,,,,,,,,,,,,,,,,,,,,,,,,,,,,,,,,,,,,,,,,,,,,,,,,,,,,,,,,,,,
Data,12,record,timestamp,"944865666",s,position_lat,"390284529",semicircles,position_long,"-1398049708",semicircles,distance,"27500.81",m,altitude,"15.0",m,speed,"2.426",m/s,unknown,"0",,unknown,"100",,heart_rate,"154",bpm,cadence,"0",rpm,fractional_cadence,"0.0",rpm,enhanced_altitude,"15.0",m,enhanced_speed,"2.426",m/s,,,,,,,,,,,,,,,,,,,,,,,,,,,,,,,,,,,,,,,,,,,,,,,,,,,,,,,,,,,,,,,,,,,,,,,,,,,,,,,,,,,,,,,,,,,,,,,,,,,,,,,,,,,,,,,,,,,,,,,,,,,,,,,,,,,,,,,,,,,,,,,,,,,,,,,,,,,,,,,,,,,
Data,12,record,timestamp,"944865667",s,position_lat,"390284266",semicircles,position_long,"-1398049587",semicircles,distance,"27503.43",m,altitude,"15.0",m,speed,"2.407",m/s,unknown,"0",,unknown,"100",,heart_rate,"154",bpm,cadence,"0",rpm,fractional_cadence,"0.0",rpm,enhanced_altitude,"15.0",m,enhanced_speed,"2.407",m/s,,,,,,,,,,,,,,,,,,,,,,,,,,,,,,,,,,,,,,,,,,,,,,,,,,,,,,,,,,,,,,,,,,,,,,,,,,,,,,,,,,,,,,,,,,,,,,,,,,,,,,,,,,,,,,,,,,,,,,,,,,,,,,,,,,,,,,,,,,,,,,,,,,,,,,,,,,,,,,,,,,,
Data,12,record,timestamp,"944865672",s,position_lat,"390283108",semicircles,position_long,"-1398049089",semicircles,distance,"27514.87",m,altitude,"15.0",m,speed,"2.342",m/s,unknown,"0",,unknown,"100",,heart_rate,"153",bpm,cadence,"0",rpm,fractional_cadence,"0.0",rpm,enhanced_altitude,"15.0",m,enhanced_speed,"2.342",m/s,,,,,,,,,,,,,,,,,,,,,,,,,,,,,,,,,,,,,,,,,,,,,,,,,,,,,,,,,,,,,,,,,,,,,,,,,,,,,,,,,,,,,,,,,,,,,,,,,,,,,,,,,,,,,,,,,,,,,,,,,,,,,,,,,,,,,,,,,,,,,,,,,,,,,,,,,,,,,,,,,,,
Data,12,record,timestamp,"944865679",s,position_lat,"390281189",semicircles,position_long,"-1398048388",semicircles,distance,"27533.61",m,altitude,"15.0",m,speed,"2.995",m/s,unknown,"0",,unknown,"100",,heart_rate,"151",bpm,cadence,"0",rpm,fractional_cadence,"0.0",rpm,enhanced_altitude,"15.0",m,enhanced_speed,"2.995",m/s,,,,,,,,,,,,,,,,,,,,,,,,,,,,,,,,,,,,,,,,,,,,,,,,,,,,,,,,,,,,,,,,,,,,,,,,,,,,,,,,,,,,,,,,,,,,,,,,,,,,,,,,,,,,,,,,,,,,,,,,,,,,,,,,,,,,,,,,,,,,,,,,,,,,,,,,,,,,,,,,,,,
Data,12,record,timestamp,"944865685",s,position_lat,"390279445",semicircles,position_long,"-1398048172",semicircles,distance,"27549.96",m,altitude,"15.0",m,speed,"2.855",m/s,unknown,"0",,unknown,"100",,heart_rate,"150",bpm,cadence,"0",rpm,fractional_cadence,"0.0",rpm,enhanced_altitude,"15.0",m,enhanced_speed,"2.855",m/s,,,,,,,,,,,,,,,,,,,,,,,,,,,,,,,,,,,,,,,,,,,,,,,,,,,,,,,,,,,,,,,,,,,,,,,,,,,,,,,,,,,,,,,,,,,,,,,,,,,,,,,,,,,,,,,,,,,,,,,,,,,,,,,,,,,,,,,,,,,,,,,,,,,,,,,,,,,,,,,,,,,
Data,12,record,timestamp,"944865688",s,position_lat,"390278381",semicircles,position_long,"-1398048215",semicircles,distance,"27559.86",m,altitude,"15.200000000000045",m,speed,"3.275",m/s,unknown,"0",,unknown,"100",,heart_rate,"153",bpm,cadence,"0",rpm,fractional_cadence,"0.0",rpm,enhanced_altitude,"15.200000000000045",m,enhanced_speed,"3.275",m/s,,,,,,,,,,,,,,,,,,,,,,,,,,,,,,,,,,,,,,,,,,,,,,,,,,,,,,,,,,,,,,,,,,,,,,,,,,,,,,,,,,,,,,,,,,,,,,,,,,,,,,,,,,,,,,,,,,,,,,,,,,,,,,,,,,,,,,,,,,,,,,,,,,,,,,,,,,,,,,,,,,,
Data,12,record,timestamp,"944865692",s,position_lat,"390276877",semicircles,position_long,"-1398048456",semicircles,distance,"27573.97",m,altitude,"15.200000000000045",m,speed,"3.471",m/s,unknown,"0",,unknown,"100",,heart_rate,"156",bpm,cadence,"60",rpm,fractional_cadence,"0.0",rpm,enhanced_altitude,"15.200000000000045",m,enhanced_speed,"3.471",m/s,,,,,,,,,,,,,,,,,,,,,,,,,,,,,,,,,,,,,,,,,,,,,,,,,,,,,,,,,,,,,,,,,,,,,,,,,,,,,,,,,,,,,,,,,,,,,,,,,,,,,,,,,,,,,,,,,,,,,,,,,,,,,,,,,,,,,,,,,,,,,,,,,,,,,,,,,,,,,,,,,,,
Data,12,record,timestamp,"944865693",s,position_lat,"390276499",semicircles,position_long,"-1398048524",semicircles,distance,"27577.52",m,altitude,"15.200000000000045",m,speed,"3.49",m/s,unknown,"0",,unknown,"100",,heart_rate,"154",bpm,cadence,"0",rpm,fractional_cadence,"0.0",rpm,enhanced_altitude,"15.200000000000045",m,enhanced_speed,"3.49",m/s,,,,,,,,,,,,,,,,,,,,,,,,,,,,,,,,,,,,,,,,,,,,,,,,,,,,,,,,,,,,,,,,,,,,,,,,,,,,,,,,,,,,,,,,,,,,,,,,,,,,,,,,,,,,,,,,,,,,,,,,,,,,,,,,,,,,,,,,,,,,,,,,,,,,,,,,,,,,,,,,,,,
Data,12,record,timestamp,"944865697",s,position_lat,"390274990",semicircles,position_long,"-1398048533",semicircles,distance,"27591.55",m,altitude,"15.399999999999977",m,speed,"3.546",m/s,unknown,"0",,unknown,"100",,heart_rate,"151",bpm,cadence,"0",rpm,fractional_cadence,"0.0",rpm,enhanced_altitude,"15.399999999999977",m,enhanced_speed,"3.546",m/s,,,,,,,,,,,,,,,,,,,,,,,,,,,,,,,,,,,,,,,,,,,,,,,,,,,,,,,,,,,,,,,,,,,,,,,,,,,,,,,,,,,,,,,,,,,,,,,,,,,,,,,,,,,,,,,,,,,,,,,,,,,,,,,,,,,,,,,,,,,,,,,,,,,,,,,,,,,,,,,,,,,
Data,12,record,timestamp,"944865700",s,position_lat,"390273806",semicircles,position_long,"-1398048482",semicircles,distance,"27602.57",m,altitude,"15.399999999999977",m,speed,"3.546",m/s,unknown,"0",,unknown,"100",,heart_rate,"151",bpm,cadence,"0",rpm,fractional_cadence,"0.0",rpm,enhanced_altitude,"15.399999999999977",m,enhanced_speed,"3.546",m/s,,,,,,,,,,,,,,,,,,,,,,,,,,,,,,,,,,,,,,,,,,,,,,,,,,,,,,,,,,,,,,,,,,,,,,,,,,,,,,,,,,,,,,,,,,,,,,,,,,,,,,,,,,,,,,,,,,,,,,,,,,,,,,,,,,,,,,,,,,,,,,,,,,,,,,,,,,,,,,,,,,,
Data,12,record,timestamp,"944865706",s,position_lat,"390271426",semicircles,position_long,"-1398048267",semicircles,distance,"27624.76",m,altitude,"15.399999999999977",m,speed,"3.695",m/s,unknown,"0",,unknown,"100",,heart_rate,"148",bpm,cadence,"0",rpm,fractional_cadence,"0.0",rpm,enhanced_altitude,"15.399999999999977",m,enhanced_speed,"3.695",m/s,,,,,,,,,,,,,,,,,,,,,,,,,,,,,,,,,,,,,,,,,,,,,,,,,,,,,,,,,,,,,,,,,,,,,,,,,,,,,,,,,,,,,,,,,,,,,,,,,,,,,,,,,,,,,,,,,,,,,,,,,,,,,,,,,,,,,,,,,,,,,,,,,,,,,,,,,,,,,,,,,,,
Data,12,record,timestamp,"944865707",s,position_lat,"390271011",semicircles,position_long,"-1398048245",semicircles,distance,"27628.62",m,altitude,"15.399999999999977",m,speed,"3.76",m/s,unknown,"0",,unknown,"100",,heart_rate,"148",bpm,cadence,"0",rpm,fractional_cadence,"0.0",rpm,enhanced_altitude,"15.399999999999977",m,enhanced_speed,"3.76",m/s,,,,,,,,,,,,,,,,,,,,,,,,,,,,,,,,,,,,,,,,,,,,,,,,,,,,,,,,,,,,,,,,,,,,,,,,,,,,,,,,,,,,,,,,,,,,,,,,,,,,,,,,,,,,,,,,,,,,,,,,,,,,,,,,,,,,,,,,,,,,,,,,,,,,,,,,,,,,,,,,,,,
Data,12,record,timestamp,"944865716",s,position_lat,"390267299",semicircles,position_long,"-1398047776",semicircles,distance,"27663.35",m,altitude,"15.399999999999977",m,speed,"3.602",m/s,unknown,"0",,unknown,"100",,heart_rate,"146",bpm,cadence,"0",rpm,fractional_cadence,"0.0",rpm,enhanced_altitude,"15.399999999999977",m,enhanced_speed,"3.602",m/s,,,,,,,,,,,,,,,,,,,,,,,,,,,,,,,,,,,,,,,,,,,,,,,,,,,,,,,,,,,,,,,,,,,,,,,,,,,,,,,,,,,,,,,,,,,,,,,,,,,,,,,,,,,,,,,,,,,,,,,,,,,,,,,,,,,,,,,,,,,,,,,,,,,,,,,,,,,,,,,,,,,
Data,12,record,timestamp,"944865719",s,position_lat,"390266146",semicircles,position_long,"-1398047568",semicircles,distance,"27674.19",m,altitude,"15.200000000000045",m,speed,"3.592",m/s,unknown,"0",,unknown,"100",,heart_rate,"143",bpm,cadence,"0",rpm,fractional_cadence,"0.0",rpm,enhanced_altitude,"15.200000000000045",m,enhanced_speed,"3.592",m/s,,,,,,,,,,,,,,,,,,,,,,,,,,,,,,,,,,,,,,,,,,,,,,,,,,,,,,,,,,,,,,,,,,,,,,,,,,,,,,,,,,,,,,,,,,,,,,,,,,,,,,,,,,,,,,,,,,,,,,,,,,,,,,,,,,,,,,,,,,,,,,,,,,,,,,,,,,,,,,,,,,,
Data,12,record,timestamp,"944865725",s,position_lat,"390263897",semicircles,position_long,"-1398047099",semicircles,distance,"27695.42",m,altitude,"15.200000000000045",m,speed,"3.62",m/s,unknown,"0",,unknown,"100",,heart_rate,"141",bpm,cadence,"0",rpm,fractional_cadence,"0.0",rpm,enhanced_altitude,"15.200000000000045",m,enhanced_speed,"3.62",m/s,,,,,,,,,,,,,,,,,,,,,,,,,,,,,,,,,,,,,,,,,,,,,,,,,,,,,,,,,,,,,,,,,,,,,,,,,,,,,,,,,,,,,,,,,,,,,,,,,,,,,,,,,,,,,,,,,,,,,,,,,,,,,,,,,,,,,,,,,,,,,,,,,,,,,,,,,,,,,,,,,,,
Data,12,record,timestamp,"944865732",s,position_lat,"390261247",semicircles,position_long,"-1398046500",semicircles,distance,"27720.5",m,altitude,"15.200000000000045",m,speed,"3.844",m/s,unknown,"0",,unknown,"100",,heart_rate,"138",bpm,cadence,"0",rpm,fractional_cadence,"0.0",rpm,enhanced_altitude,"15.200000000000045",m,enhanced_speed,"3.844",m/s,,,,,,,,,,,,,,,,,,,,,,,,,,,,,,,,,,,,,,,,,,,,,,,,,,,,,,,,,,,,,,,,,,,,,,,,,,,,,,,,,,,,,,,,,,,,,,,,,,,,,,,,,,,,,,,,,,,,,,,,,,,,,,,,,,,,,,,,,,,,,,,,,,,,,,,,,,,,,,,,,,,
Data,12,record,timestamp,"944865735",s,position_lat,"390260065",semicircles,position_long,"-1398046195",semicircles,distance,"27731.74",m,altitude,"15.200000000000045",m,speed,"3.611",m/s,unknown,"0",,unknown,"100",,heart_rate,"137",bpm,cadence,"0",rpm,fractional_cadence,"0.0",rpm,enhanced_altitude,"15.200000000000045",m,enhanced_speed,"3.611",m/s,,,,,,,,,,,,,,,,,,,,,,,,,,,,,,,,,,,,,,,,,,,,,,,,,,,,,,,,,,,,,,,,,,,,,,,,,,,,,,,,,,,,,,,,,,,,,,,,,,,,,,,,,,,,,,,,,,,,,,,,,,,,,,,,,,,,,,,,,,,,,,,,,,,,,,,,,,,,,,,,,,,
Data,12,record,timestamp,"944865739",s,position_lat,"390258505",semicircles,position_long,"-1398045717",semicircles,distance,"27746.73",m,altitude,"15.200000000000045",m,speed,"3.602",m/s,unknown,"0",,unknown,"100",,heart_rate,"134",bpm,cadence,"0",rpm,fractional_cadence,"0.0",rpm,enhanced_altitude,"15.200000000000045",m,enhanced_speed,"3.602",m/s,,,,,,,,,,,,,,,,,,,,,,,,,,,,,,,,,,,,,,,,,,,,,,,,,,,,,,,,,,,,,,,,,,,,,,,,,,,,,,,,,,,,,,,,,,,,,,,,,,,,,,,,,,,,,,,,,,,,,,,,,,,,,,,,,,,,,,,,,,,,,,,,,,,,,,,,,,,,,,,,,,,
Data,12,record,timestamp,"944865744",s,position_lat,"390256713",semicircles,position_long,"-1398044975",semicircles,distance,"27764.36",m,altitude,"15.200000000000045",m,speed,"3.368",m/s,unknown,"0",,unknown,"100",,heart_rate,"133",bpm,cadence,"0",rpm,fractional_cadence,"0.0",rpm,enhanced_altitude,"15.200000000000045",m,enhanced_speed,"3.368",m/s,,,,,,,,,,,,,,,,,,,,,,,,,,,,,,,,,,,,,,,,,,,,,,,,,,,,,,,,,,,,,,,,,,,,,,,,,,,,,,,,,,,,,,,,,,,,,,,,,,,,,,,,,,,,,,,,,,,,,,,,,,,,,,,,,,,,,,,,,,,,,,,,,,,,,,,,,,,,,,,,,,,
Data,12,record,timestamp,"944865749",s,position_lat,"390254970",semicircles,position_long,"-1398044155",semicircles,distance,"27781.78",m,altitude,"15.200000000000045",m,speed,"3.424",m/s,unknown,"0",,unknown,"300",,heart_rate,"128",bpm,cadence,"0",rpm,fractional_cadence,"0.0",rpm,enhanced_altitude,"15.200000000000045",m,enhanced_speed,"3.424",m/s,,,,,,,,,,,,,,,,,,,,,,,,,,,,,,,,,,,,,,,,,,,,,,,,,,,,,,,,,,,,,,,,,,,,,,,,,,,,,,,,,,,,,,,,,,,,,,,,,,,,,,,,,,,,,,,,,,,,,,,,,,,,,,,,,,,,,,,,,,,,,,,,,,,,,,,,,,,,,,,,,,,
Data,12,record,timestamp,"944865753",s,position_lat,"390253792",semicircles,position_long,"-1398043458",semicircles,distance,"27794.04",m,altitude,"15.200000000000045",m,speed,"3.135",m/s,unknown,"0",,unknown,"100",,heart_rate,"126",bpm,cadence,"0",rpm,fractional_cadence,"0.0",rpm,enhanced_altitude,"15.200000000000045",m,enhanced_speed,"3.135",m/s,,,,,,,,,,,,,,,,,,,,,,,,,,,,,,,,,,,,,,,,,,,,,,,,,,,,,,,,,,,,,,,,,,,,,,,,,,,,,,,,,,,,,,,,,,,,,,,,,,,,,,,,,,,,,,,,,,,,,,,,,,,,,,,,,,,,,,,,,,,,,,,,,,,,,,,,,,,,,,,,,,,
Data,12,record,timestamp,"944865762",s,position_lat,"390251274",semicircles,position_long,"-1398041920",semicircles,distance,"27820.41",m,altitude,"15.200000000000045",m,speed,"3.014",m/s,unknown,"0",,unknown,"100",,heart_rate,"125",bpm,cadence,"0",rpm,fractional_cadence,"0.0",rpm,enhanced_altitude,"15.200000000000045",m,enhanced_speed,"3.014",m/s,,,,,,,,,,,,,,,,,,,,,,,,,,,,,,,,,,,,,,,,,,,,,,,,,,,,,,,,,,,,,,,,,,,,,,,,,,,,,,,,,,,,,,,,,,,,,,,,,,,,,,,,,,,,,,,,,,,,,,,,,,,,,,,,,,,,,,,,,,,,,,,,,,,,,,,,,,,,,,,,,,,
Data,12,record,timestamp,"944865764",s,position_lat,"390250674",semicircles,position_long,"-1398041580",semicircles,distance,"27826.59",m,altitude,"15.399999999999977",m,speed,"3.088",m/s,unknown,"0",,unknown,"100",,heart_rate,"122",bpm,cadence,"0",rpm,fractional_cadence,"0.0",rpm,enhanced_altitude,"15.399999999999977",m,enhanced_speed,"3.088",m/s,,,,,,,,,,,,,,,,,,,,,,,,,,,,,,,,,,,,,,,,,,,,,,,,,,,,,,,,,,,,,,,,,,,,,,,,,,,,,,,,,,,,,,,,,,,,,,,,,,,,,,,,,,,,,,,,,,,,,,,,,,,,,,,,,,,,,,,,,,,,,,,,,,,,,,,,,,,,,,,,,,,
Data,12,record,timestamp,"944865770",s,position_lat,"390248879",semicircles,position_long,"-1398040556",semicircles,distance,"27845.11",m,altitude,"15.399999999999977",m,speed,"3.116",m/s,unknown,"0",,unknown,"100",,heart_rate,"122",bpm,cadence,"0",rpm,fractional_cadence,"0.0",rpm,enhanced_altitude,"15.399999999999977",m,enhanced_speed,"3.116",m/s,,,,,,,,,,,,,,,,,,,,,,,,,,,,,,,,,,,,,,,,,,,,,,,,,,,,,,,,,,,,,,,,,,,,,,,,,,,,,,,,,,,,,,,,,,,,,,,,,,,,,,,,,,,,,,,,,,,,,,,,,,,,,,,,,,,,,,,,,,,,,,,,,,,,,,,,,,,,,,,,,,,
Data,12,record,timestamp,"944865778",s,position_lat,"390246637",semicircles,position_long,"-1398039353",semicircles,distance,"27868.03",m,altitude,"15.200000000000045",m,speed,"2.893",m/s,unknown,"0",,unknown,"100",,heart_rate,"119",bpm,cadence,"0",rpm,fractional_cadence,"0.0",rpm,enhanced_altitude,"15.200000000000045",m,enhanced_speed,"2.893",m/s,,,,,,,,,,,,,,,,,,,,,,,,,,,,,,,,,,,,,,,,,,,,,,,,,,,,,,,,,,,,,,,,,,,,,,,,,,,,,,,,,,,,,,,,,,,,,,,,,,,,,,,,,,,,,,,,,,,,,,,,,,,,,,,,,,,,,,,,,,,,,,,,,,,,,,,,,,,,,,,,,,,
Data,12,record,timestamp,"944865786",s,position_lat,"390244337",semicircles,position_long,"-1398038257",semicircles,distance,"27891.09",m,altitude,"15.200000000000045",m,speed,"2.948",m/s,unknown,"0",,unknown,"100",,heart_rate,"119",bpm,cadence,"0",rpm,fractional_cadence,"0.0",rpm,enhanced_altitude,"15.200000000000045",m,enhanced_speed,"2.948",m/s,,,,,,,,,,,,,,,,,,,,,,,,,,,,,,,,,,,,,,,,,,,,,,,,,,,,,,,,,,,,,,,,,,,,,,,,,,,,,,,,,,,,,,,,,,,,,,,,,,,,,,,,,,,,,,,,,,,,,,,,,,,,,,,,,,,,,,,,,,,,,,,,,,,,,,,,,,,,,,,,,,,
Data,12,record,timestamp,"944865797",s,position_lat,"390241368",semicircles,position_long,"-1398036930",semicircles,distance,"27920.59",m,altitude,"15.0",m,speed,"2.827",m/s,unknown,"0",,unknown,"100",,heart_rate,"118",bpm,cadence,"0",rpm,fractional_cadence,"0.0",rpm,enhanced_altitude,"15.0",m,enhanced_speed,"2.827",m/s,,,,,,,,,,,,,,,,,,,,,,,,,,,,,,,,,,,,,,,,,,,,,,,,,,,,,,,,,,,,,,,,,,,,,,,,,,,,,,,,,,,,,,,,,,,,,,,,,,,,,,,,,,,,,,,,,,,,,,,,,,,,,,,,,,,,,,,,,,,,,,,,,,,,,,,,,,,,,,,,,,,
Data,12,record,timestamp,"944865803",s,position_lat,"390239499",semicircles,position_long,"-1398036270",semicircles,distance,"27938.71",m,altitude,"15.0",m,speed,"3.182",m/s,unknown,"0",,unknown,"100",,heart_rate,"114",bpm,cadence,"0",rpm,fractional_cadence,"0.0",rpm,enhanced_altitude,"15.0",m,enhanced_speed,"3.182",m/s,,,,,,,,,,,,,,,,,,,,,,,,,,,,,,,,,,,,,,,,,,,,,,,,,,,,,,,,,,,,,,,,,,,,,,,,,,,,,,,,,,,,,,,,,,,,,,,,,,,,,,,,,,,,,,,,,,,,,,,,,,,,,,,,,,,,,,,,,,,,,,,,,,,,,,,,,,,,,,,,,,,
Data,12,record,timestamp,"944865805",s,position_lat,"390238836",semicircles,position_long,"-1398035971",semicircles,distance,"27945.31",m,altitude,"15.0",m,speed,"3.023",m/s,unknown,"0",,unknown,"100",,heart_rate,"116",bpm,cadence,"0",rpm,fractional_cadence,"0.0",rpm,enhanced_altitude,"15.0",m,enhanced_speed,"3.023",m/s,,,,,,,,,,,,,,,,,,,,,,,,,,,,,,,,,,,,,,,,,,,,,,,,,,,,,,,,,,,,,,,,,,,,,,,,,,,,,,,,,,,,,,,,,,,,,,,,,,,,,,,,,,,,,,,,,,,,,,,,,,,,,,,,,,,,,,,,,,,,,,,,,,,,,,,,,,,,,,,,,,,
Data,12,record,timestamp,"944865813",s,position_lat,"390236689",semicircles,position_long,"-1398034338",semicircles,distance,"27969.29",m,altitude,"15.200000000000045",m,speed,"2.781",m/s,unknown,"0",,unknown,"100",,heart_rate,"119",bpm,cadence,"0",rpm,fractional_cadence,"0.0",rpm,enhanced_altitude,"15.200000000000045",m,enhanced_speed,"2.781",m/s,,,,,,,,,,,,,,,,,,,,,,,,,,,,,,,,,,,,,,,,,,,,,,,,,,,,,,,,,,,,,,,,,,,,,,,,,,,,,,,,,,,,,,,,,,,,,,,,,,,,,,,,,,,,,,,,,,,,,,,,,,,,,,,,,,,,,,,,,,,,,,,,,,,,,,,,,,,,,,,,,,,
Data,12,record,timestamp,"944865819",s,position_lat,"390235564",semicircles,position_long,"-1398032927",semicircles,distance,"27984.72",m,altitude,"15.200000000000045",m,speed,"2.333",m/s,unknown,"0",,unknown,"100",,heart_rate,"123",bpm,cadence,"0",rpm,fractional_cadence,"0.0",rpm,enhanced_altitude,"15.200000000000045",m,enhanced_speed,"2.333",m/s,,,,,,,,,,,,,,,,,,,,,,,,,,,,,,,,,,,,,,,,,,,,,,,,,,,,,,,,,,,,,,,,,,,,,,,,,,,,,,,,,,,,,,,,,,,,,,,,,,,,,,,,,,,,,,,,,,,,,,,,,,,,,,,,,,,,,,,,,,,,,,,,,,,,,,,,,,,,,,,,,,,
Data,12,record,timestamp,"944865820",s,position_lat,"390235470",semicircles,position_long,"-1398032661",semicircles,distance,"27986.98",m,altitude,"15.200000000000045",m,speed,"2.221",m/s,unknown,"0",,unknown,"100",,heart_rate,"126",bpm,cadence,"0",rpm,fractional_cadence,"0.0",rpm,enhanced_altitude,"15.200000000000045",m,enhanced_speed,"2.221",m/s,,,,,,,,,,,,,,,,,,,,,,,,,,,,,,,,,,,,,,,,,,,,,,,,,,,,,,,,,,,,,,,,,,,,,,,,,,,,,,,,,,,,,,,,,,,,,,,,,,,,,,,,,,,,,,,,,,,,,,,,,,,,,,,,,,,,,,,,,,,,,,,,,,,,,,,,,,,,,,,,,,,
Data,12,record,timestamp,"944865821",s,position_lat,"390235360",semicircles,position_long,"-1398032409",semicircles,distance,"27989.21",m,altitude,"15.200000000000045",m,speed,"2.193",m/s,unknown,"0",,unknown,"100",,heart_rate,"126",bpm,cadence,"0",rpm,fractional_cadence,"0.0",rpm,enhanced_altitude,"15.200000000000045",m,enhanced_speed,"2.193",m/s,,,,,,,,,,,,,,,,,,,,,,,,,,,,,,,,,,,,,,,,,,,,,,,,,,,,,,,,,,,,,,,,,,,,,,,,,,,,,,,,,,,,,,,,,,,,,,,,,,,,,,,,,,,,,,,,,,,,,,,,,,,,,,,,,,,,,,,,,,,,,,,,,,,,,,,,,,,,,,,,,,,
Data,12,record,timestamp,"944865824",s,position_lat,"390235016",semicircles,position_long,"-1398031691",semicircles,distance,"27995.68",m,altitude,"15.200000000000045",m,speed,"2.286",m/s,unknown,"0",,unknown,"100",,heart_rate,"129",bpm,cadence,"0",rpm,fractional_cadence,"0.0",rpm,enhanced_altitude,"15.200000000000045",m,enhanced_speed,"2.286",m/s,,,,,,,,,,,,,,,,,,,,,,,,,,,,,,,,,,,,,,,,,,,,,,,,,,,,,,,,,,,,,,,,,,,,,,,,,,,,,,,,,,,,,,,,,,,,,,,,,,,,,,,,,,,,,,,,,,,,,,,,,,,,,,,,,,,,,,,,,,,,,,,,,,,,,,,,,,,,,,,,,,,
Data,12,record,timestamp,"944865827",s,position_lat,"390234796",semicircles,position_long,"-1398030956",semicircles,distance,"28001.79",m,altitude,"15.0",m,speed,"2.127",m/s,unknown,"0",,unknown,"100",,heart_rate,"132",bpm,cadence,"0",rpm,fractional_cadence,"0.0",rpm,enhanced_altitude,"15.0",m,enhanced_speed,"2.127",m/s,,,,,,,,,,,,,,,,,,,,,,,,,,,,,,,,,,,,,,,,,,,,,,,,,,,,,,,,,,,,,,,,,,,,,,,,,,,,,,,,,,,,,,,,,,,,,,,,,,,,,,,,,,,,,,,,,,,,,,,,,,,,,,,,,,,,,,,,,,,,,,,,,,,,,,,,,,,,,,,,,,,
Data,12,record,timestamp,"944865828",s,position_lat,"390234739",semicircles,position_long,"-1398030701",semicircles,distance,"28003.85",m,altitude,"15.0",m,speed,"2.165",m/s,unknown,"0",,unknown,"100",,heart_rate,"132",bpm,cadence,"0",rpm,fractional_cadence,"0.0",rpm,enhanced_altitude,"15.0",m,enhanced_speed,"2.165",m/s,,,,,,,,,,,,,,,,,,,,,,,,,,,,,,,,,,,,,,,,,,,,,,,,,,,,,,,,,,,,,,,,,,,,,,,,,,,,,,,,,,,,,,,,,,,,,,,,,,,,,,,,,,,,,,,,,,,,,,,,,,,,,,,,,,,,,,,,,,,,,,,,,,,,,,,,,,,,,,,,,,,
Data,12,record,timestamp,"944865832",s,position_lat,"390234482",semicircles,position_long,"-1398029677",semicircles,distance,"28012.22",m,altitude,"15.0",m,speed,"2.062",m/s,unknown,"0",,unknown,"100",,heart_rate,"136",bpm,cadence,"0",rpm,fractional_cadence,"0.0",rpm,enhanced_altitude,"15.0",m,enhanced_speed,"2.062",m/s,,,,,,,,,,,,,,,,,,,,,,,,,,,,,,,,,,,,,,,,,,,,,,,,,,,,,,,,,,,,,,,,,,,,,,,,,,,,,,,,,,,,,,,,,,,,,,,,,,,,,,,,,,,,,,,,,,,,,,,,,,,,,,,,,,,,,,,,,,,,,,,,,,,,,,,,,,,,,,,,,,,
Data,12,record,timestamp,"944865833",s,position_lat,"390234394",semicircles,position_long,"-1398029419",semicircles,distance,"28014.41",m,altitude,"15.0",m,speed,"2.286",m/s,unknown,"0",,unknown,"100",,heart_rate,"133",bpm,cadence,"0",rpm,fractional_cadence,"0.0",rpm,enhanced_altitude,"15.0",m,enhanced_speed,"2.286",m/s,,,,,,,,,,,,,,,,,,,,,,,,,,,,,,,,,,,,,,,,,,,,,,,,,,,,,,,,,,,,,,,,,,,,,,,,,,,,,,,,,,,,,,,,,,,,,,,,,,,,,,,,,,,,,,,,,,,,,,,,,,,,,,,,,,,,,,,,,,,,,,,,,,,,,,,,,,,,,,,,,,,
Data,12,record,timestamp,"944865836",s,position_lat,"390234174",semicircles,position_long,"-1398028717",semicircles,distance,"28020.31",m,altitude,"15.0",m,speed,"1.978",m/s,unknown,"0",,unknown,"100",,heart_rate,"133",bpm,cadence,"0",rpm,fractional_cadence,"0.0",rpm,enhanced_altitude,"15.0",m,enhanced_speed,"1.978",m/s,,,,,,,,,,,,,,,,,,,,,,,,,,,,,,,,,,,,,,,,,,,,,,,,,,,,,,,,,,,,,,,,,,,,,,,,,,,,,,,,,,,,,,,,,,,,,,,,,,,,,,,,,,,,,,,,,,,,,,,,,,,,,,,,,,,,,,,,,,,,,,,,,,,,,,,,,,,,,,,,,,,
Data,12,record,timestamp,"944865844",s,position_lat,"390233909",semicircles,position_long,"-1398026658",semicircles,distance,"28036.63",m,altitude,"15.0",m,speed,"2.211",m/s,unknown,"0",,unknown,"100",,heart_rate,"131",bpm,cadence,"0",rpm,fractional_cadence,"0.0",rpm,enhanced_altitude,"15.0",m,enhanced_speed,"2.211",m/s,,,,,,,,,,,,,,,,,,,,,,,,,,,,,,,,,,,,,,,,,,,,,,,,,,,,,,,,,,,,,,,,,,,,,,,,,,,,,,,,,,,,,,,,,,,,,,,,,,,,,,,,,,,,,,,,,,,,,,,,,,,,,,,,,,,,,,,,,,,,,,,,,,,,,,,,,,,,,,,,,,,
Data,12,record,timestamp,"944865853",s,position_lat,"390233902",semicircles,position_long,"-1398023771",semicircles,distance,"28059.33",m,altitude,"15.0",m,speed,"2.613",m/s,unknown,"0",,unknown,"100",,heart_rate,"130",bpm,cadence,"0",rpm,fractional_cadence,"0.0",rpm,enhanced_altitude,"15.0",m,enhanced_speed,"2.613",m/s,,,,,,,,,,,,,,,,,,,,,,,,,,,,,,,,,,,,,,,,,,,,,,,,,,,,,,,,,,,,,,,,,,,,,,,,,,,,,,,,,,,,,,,,,,,,,,,,,,,,,,,,,,,,,,,,,,,,,,,,,,,,,,,,,,,,,,,,,,,,,,,,,,,,,,,,,,,,,,,,,,,
Data,12,record,timestamp,"944865861",s,position_lat,"390233913",semicircles,position_long,"-1398020900",semicircles,distance,"28081.91",m,altitude,"15.0",m,speed,"2.697",m/s,unknown,"0",,unknown,"100",,heart_rate,"127",bpm,cadence,"0",rpm,fractional_cadence,"0.0",rpm,enhanced_altitude,"15.0",m,enhanced_speed,"2.697",m/s,,,,,,,,,,,,,,,,,,,,,,,,,,,,,,,,,,,,,,,,,,,,,,,,,,,,,,,,,,,,,,,,,,,,,,,,,,,,,,,,,,,,,,,,,,,,,,,,,,,,,,,,,,,,,,,,,,,,,,,,,,,,,,,,,,,,,,,,,,,,,,,,,,,,,,,,,,,,,,,,,,,
Data,12,record,timestamp,"944865863",s,position_lat,"390233953",semicircles,position_long,"-1398020181",semicircles,distance,"28087.57",m,altitude,"15.0",m,speed,"2.799",m/s,unknown,"0",,unknown,"100",,heart_rate,"126",bpm,cadence,"0",rpm,fractional_cadence,"0.0",rpm,enhanced_altitude,"15.0",m,enhanced_speed,"2.799",m/s,,,,,,,,,,,,,,,,,,,,,,,,,,,,,,,,,,,,,,,,,,,,,,,,,,,,,,,,,,,,,,,,,,,,,,,,,,,,,,,,,,,,,,,,,,,,,,,,,,,,,,,,,,,,,,,,,,,,,,,,,,,,,,,,,,,,,,,,,,,,,,,,,,,,,,,,,,,,,,,,,,,
Data,12,record,timestamp,"944865873",s,position_lat,"390234047",semicircles,position_long,"-1398016459",semicircles,distance,"28116.83",m,altitude,"15.200000000000045",m,speed,"2.65",m/s,unknown,"0",,unknown,"100",,heart_rate,"125",bpm,cadence,"0",rpm,fractional_cadence,"0.0",rpm,enhanced_altitude,"15.200000000000045",m,enhanced_speed,"2.65",m/s,,,,,,,,,,,,,,,,,,,,,,,,,,,,,,,,,,,,,,,,,,,,,,,,,,,,,,,,,,,,,,,,,,,,,,,,,,,,,,,,,,,,,,,,,,,,,,,,,,,,,,,,,,,,,,,,,,,,,,,,,,,,,,,,,,,,,,,,,,,,,,,,,,,,,,,,,,,,,,,,,,,
Data,12,record,timestamp,"944865877",s,position_lat,"390234061",semicircles,position_long,"-1398015052",semicircles,distance,"28127.92",m,altitude,"15.200000000000045",m,speed,"2.51",m/s,unknown,"0",,unknown,"100",,heart_rate,"122",bpm,cadence,"0",rpm,fractional_cadence,"0.0",rpm,enhanced_altitude,"15.200000000000045",m,enhanced_speed,"2.51",m/s,,,,,,,,,,,,,,,,,,,,,,,,,,,,,,,,,,,,,,,,,,,,,,,,,,,,,,,,,,,,,,,,,,,,,,,,,,,,,,,,,,,,,,,,,,,,,,,,,,,,,,,,,,,,,,,,,,,,,,,,,,,,,,,,,,,,,,,,,,,,,,,,,,,,,,,,,,,,,,,,,,,
Data,12,record,timestamp,"944865882",s,position_lat,"390234082",semicircles,position_long,"-1398013499",semicircles,distance,"28140.2",m,altitude,"15.200000000000045",m,speed,"2.426",m/s,unknown,"0",,unknown,"100",,heart_rate,"121",bpm,cadence,"0",rpm,fractional_cadence,"0.0",rpm,enhanced_altitude,"15.200000000000045",m,enhanced_speed,"2.426",m/s,,,,,,,,,,,,,,,,,,,,,,,,,,,,,,,,,,,,,,,,,,,,,,,,,,,,,,,,,,,,,,,,,,,,,,,,,,,,,,,,,,,,,,,,,,,,,,,,,,,,,,,,,,,,,,,,,,,,,,,,,,,,,,,,,,,,,,,,,,,,,,,,,,,,,,,,,,,,,,,,,,,
Data,12,record,timestamp,"944865888",s,position_lat,"390233988",semicircles,position_long,"-1398011604",semicircles,distance,"28155.25",m,altitude,"15.399999999999977",m,speed,"2.09",m/s,unknown,"0",,unknown,"100",,heart_rate,"122",bpm,cadence,"0",rpm,fractional_cadence,"0.0",rpm,enhanced_altitude,"15.399999999999977",m,enhanced_speed,"2.09",m/s,,,,,,,,,,,,,,,,,,,,,,,,,,,,,,,,,,,,,,,,,,,,,,,,,,,,,,,,,,,,,,,,,,,,,,,,,,,,,,,,,,,,,,,,,,,,,,,,,,,,,,,,,,,,,,,,,,,,,,,,,,,,,,,,,,,,,,,,,,,,,,,,,,,,,,,,,,,,,,,,,,,
Data,12,record,timestamp,"944865889",s,position_lat,"390233955",semicircles,position_long,"-1398011344",semicircles,distance,"28157.32",m,altitude,"15.399999999999977",m,speed,"2.053",m/s,unknown,"0",,unknown,"100",,heart_rate,"119",bpm,cadence,"0",rpm,fractional_cadence,"0.0",rpm,enhanced_altitude,"15.399999999999977",m,enhanced_speed,"2.053",m/s,,,,,,,,,,,,,,,,,,,,,,,,,,,,,,,,,,,,,,,,,,,,,,,,,,,,,,,,,,,,,,,,,,,,,,,,,,,,,,,,,,,,,,,,,,,,,,,,,,,,,,,,,,,,,,,,,,,,,,,,,,,,,,,,,,,,,,,,,,,,,,,,,,,,,,,,,,,,,,,,,,,
Data,12,record,timestamp,"944865894",s,position_lat,"390233595",semicircles,position_long,"-1398010158",semicircles,distance,"28167.29",m,altitude,"15.399999999999977",m,speed,"2.305",m/s,unknown,"0",,unknown,"100",,heart_rate,"122",bpm,cadence,"0",rpm,fractional_cadence,"0.0",rpm,enhanced_altitude,"15.399999999999977",m,enhanced_speed,"2.305",m/s,,,,,,,,,,,,,,,,,,,,,,,,,,,,,,,,,,,,,,,,,,,,,,,,,,,,,,,,,,,,,,,,,,,,,,,,,,,,,,,,,,,,,,,,,,,,,,,,,,,,,,,,,,,,,,,,,,,,,,,,,,,,,,,,,,,,,,,,,,,,,,,,,,,,,,,,,,,,,,,,,,,
Data,12,record,timestamp,"944865895",s,position_lat,"390233533",semicircles,position_long,"-1398009888",semicircles,distance,"28169.49",m,altitude,"15.399999999999977",m,speed,"2.239",m/s,unknown,"0",,unknown,"100",,heart_rate,"123",bpm,cadence,"0",rpm,fractional_cadence,"0.0",rpm,enhanced_altitude,"15.399999999999977",m,enhanced_speed,"2.239",m/s,,,,,,,,,,,,,,,,,,,,,,,,,,,,,,,,,,,,,,,,,,,,,,,,,,,,,,,,,,,,,,,,,,,,,,,,,,,,,,,,,,,,,,,,,,,,,,,,,,,,,,,,,,,,,,,,,,,,,,,,,,,,,,,,,,,,,,,,,,,,,,,,,,,,,,,,,,,,,,,,,,,
Data,12,record,timestamp,"944865898",s,position_lat,"390233320",semicircles,position_long,"-1398009141",semicircles,distance,"28175.68",m,altitude,"15.200000000000045",m,speed,"2.202",m/s,unknown,"0",,unknown,"100",,heart_rate,"128",bpm,cadence,"0",rpm,fractional_cadence,"0.0",rpm,enhanced_altitude,"15.200000000000045",m,enhanced_speed,"2.202",m/s,,,,,,,,,,,,,,,,,,,,,,,,,,,,,,,,,,,,,,,,,,,,,,,,,,,,,,,,,,,,,,,,,,,,,,,,,,,,,,,,,,,,,,,,,,,,,,,,,,,,,,,,,,,,,,,,,,,,,,,,,,,,,,,,,,,,,,,,,,,,,,,,,,,,,,,,,,,,,,,,,,,
Data,12,record,timestamp,"944865903",s,position_lat,"390232966",semicircles,position_long,"-1398008008",semicircles,distance,"28185.19",m,altitude,"15.200000000000045",m,speed,"1.875",m/s,unknown,"0",,unknown,"100",,heart_rate,"131",bpm,cadence,"0",rpm,fractional_cadence,"0.0",rpm,enhanced_altitude,"15.200000000000045",m,enhanced_speed,"1.875",m/s,,,,,,,,,,,,,,,,,,,,,,,,,,,,,,,,,,,,,,,,,,,,,,,,,,,,,,,,,,,,,,,,,,,,,,,,,,,,,,,,,,,,,,,,,,,,,,,,,,,,,,,,,,,,,,,,,,,,,,,,,,,,,,,,,,,,,,,,,,,,,,,,,,,,,,,,,,,,,,,,,,,
Data,12,record,timestamp,"944865905",s,position_lat,"390232796",semicircles,position_long,"-1398007559",semicircles,distance,"28189.05",m,altitude,"15.200000000000045",m,speed,"1.857",m/s,unknown,"0",,unknown,"100",,heart_rate,"128",bpm,cadence,"0",rpm,fractional_cadence,"0.0",rpm,enhanced_altitude,"15.200000000000045",m,enhanced_speed,"1.857",m/s,,,,,,,,,,,,,,,,,,,,,,,,,,,,,,,,,,,,,,,,,,,,,,,,,,,,,,,,,,,,,,,,,,,,,,,,,,,,,,,,,,,,,,,,,,,,,,,,,,,,,,,,,,,,,,,,,,,,,,,,,,,,,,,,,,,,,,,,,,,,,,,,,,,,,,,,,,,,,,,,,,,
Data,12,record,timestamp,"944865915",s,position_lat,"390231947",semicircles,position_long,"-1398005476",semicircles,distance,"28207.45",m,altitude,"15.200000000000045",m,speed,"1.866",m/s,unknown,"0",,unknown,"100",,heart_rate,"126",bpm,cadence,"71",rpm,fractional_cadence,"0.0",rpm,enhanced_altitude,"15.200000000000045",m,enhanced_speed,"1.866",m/s,,,,,,,,,,,,,,,,,,,,,,,,,,,,,,,,,,,,,,,,,,,,,,,,,,,,,,,,,,,,,,,,,,,,,,,,,,,,,,,,,,,,,,,,,,,,,,,,,,,,,,,,,,,,,,,,,,,,,,,,,,,,,,,,,,,,,,,,,,,,,,,,,,,,,,,,,,,,,,,,,,,
Data,12,record,timestamp,"944865921",s,position_lat,"390231752",semicircles,position_long,"-1398004247",semicircles,distance,"28217.33",m,altitude,"15.200000000000045",m,speed,"1.754",m/s,unknown,"0",,unknown,"100",,heart_rate,"124",bpm,cadence,"0",rpm,fractional_cadence,"0.0",rpm,enhanced_altitude,"15.200000000000045",m,enhanced_speed,"1.754",m/s,,,,,,,,,,,,,,,,,,,,,,,,,,,,,,,,,,,,,,,,,,,,,,,,,,,,,,,,,,,,,,,,,,,,,,,,,,,,,,,,,,,,,,,,,,,,,,,,,,,,,,,,,,,,,,,,,,,,,,,,,,,,,,,,,,,,,,,,,,,,,,,,,,,,,,,,,,,,,,,,,,,
Data,12,record,timestamp,"944865925",s,position_lat,"390231714",semicircles,position_long,"-1398003338",semicircles,distance,"28224.46",m,altitude,"15.200000000000045",m,speed,"2.23",m/s,unknown,"0",,unknown,"100",,heart_rate,"127",bpm,cadence,"0",rpm,fractional_cadence,"0.0",rpm,enhanced_altitude,"15.200000000000045",m,enhanced_speed,"2.23",m/s,,,,,,,,,,,,,,,,,,,,,,,,,,,,,,,,,,,,,,,,,,,,,,,,,,,,,,,,,,,,,,,,,,,,,,,,,,,,,,,,,,,,,,,,,,,,,,,,,,,,,,,,,,,,,,,,,,,,,,,,,,,,,,,,,,,,,,,,,,,,,,,,,,,,,,,,,,,,,,,,,,,
Data,12,record,timestamp,"944865927",s,position_lat,"390231701",semicircles,position_long,"-1398002853",semicircles,distance,"28228.28",m,altitude,"15.200000000000045",m,speed,"1.782",m/s,unknown,"0",,unknown,"100",,heart_rate,"129",bpm,cadence,"0",rpm,fractional_cadence,"0.0",rpm,enhanced_altitude,"15.200000000000045",m,enhanced_speed,"1.782",m/s,,,,,,,,,,,,,,,,,,,,,,,,,,,,,,,,,,,,,,,,,,,,,,,,,,,,,,,,,,,,,,,,,,,,,,,,,,,,,,,,,,,,,,,,,,,,,,,,,,,,,,,,,,,,,,,,,,,,,,,,,,,,,,,,,,,,,,,,,,,,,,,,,,,,,,,,,,,,,,,,,,,
Data,12,record,timestamp,"944865929",s,position_lat,"390231694",semicircles,position_long,"-1398002379",semicircles,distance,"28232.01",m,altitude,"15.0",m,speed,"1.838",m/s,unknown,"0",,unknown,"100",,heart_rate,"132",bpm,cadence,"0",rpm,fractional_cadence,"0.0",rpm,enhanced_altitude,"15.0",m,enhanced_speed,"1.838",m/s,,,,,,,,,,,,,,,,,,,,,,,,,,,,,,,,,,,,,,,,,,,,,,,,,,,,,,,,,,,,,,,,,,,,,,,,,,,,,,,,,,,,,,,,,,,,,,,,,,,,,,,,,,,,,,,,,,,,,,,,,,,,,,,,,,,,,,,,,,,,,,,,,,,,,,,,,,,,,,,,,,,
Data,12,record,timestamp,"944865935",s,position_lat,"390231476",semicircles,position_long,"-1398001104",semicircles,distance,"28242.22",m,altitude,"15.200000000000045",m,speed,"1.745",m/s,unknown,"0",,unknown,"100",,heart_rate,"134",bpm,cadence,"0",rpm,fractional_cadence,"0.0",rpm,enhanced_altitude,"15.200000000000045",m,enhanced_speed,"1.745",m/s,,,,,,,,,,,,,,,,,,,,,,,,,,,,,,,,,,,,,,,,,,,,,,,,,,,,,,,,,,,,,,,,,,,,,,,,,,,,,,,,,,,,,,,,,,,,,,,,,,,,,,,,,,,,,,,,,,,,,,,,,,,,,,,,,,,,,,,,,,,,,,,,,,,,,,,,,,,,,,,,,,,
Data,12,record,timestamp,"944865942",s,position_lat,"390230846",semicircles,position_long,"-1397999838",semicircles,distance,"28253.76",m,altitude,"14.799999999999955",m,speed,"1.791",m/s,unknown,"0",,unknown,"100",,heart_rate,"137",bpm,cadence,"0",rpm,fractional_cadence,"0.0",rpm,enhanced_altitude,"14.799999999999955",m,enhanced_speed,"1.791",m/s,,,,,,,,,,,,,,,,,,,,,,,,,,,,,,,,,,,,,,,,,,,,,,,,,,,,,,,,,,,,,,,,,,,,,,,,,,,,,,,,,,,,,,,,,,,,,,,,,,,,,,,,,,,,,,,,,,,,,,,,,,,,,,,,,,,,,,,,,,,,,,,,,,,,,,,,,,,,,,,,,,,
Data,12,record,timestamp,"944865943",s,position_lat,"390230787",semicircles,position_long,"-1397999685",semicircles,distance,"28255.07",m,altitude,"14.799999999999955",m,speed,"1.67",m/s,unknown,"0",,unknown,"100",,heart_rate,"136",bpm,cadence,"0",rpm,fractional_cadence,"0.0",rpm,enhanced_altitude,"14.799999999999955",m,enhanced_speed,"1.67",m/s,,,,,,,,,,,,,,,,,,,,,,,,,,,,,,,,,,,,,,,,,,,,,,,,,,,,,,,,,,,,,,,,,,,,,,,,,,,,,,,,,,,,,,,,,,,,,,,,,,,,,,,,,,,,,,,,,,,,,,,,,,,,,,,,,,,,,,,,,,,,,,,,,,,,,,,,,,,,,,,,,,,
Data,12,record,timestamp,"944865950",s,position_lat,"390230068",semicircles,position_long,"-1397998431",semicircles,distance,"28266.96",m,altitude,"14.799999999999955",m,speed,"1.922",m/s,unknown,"0",,unknown,"100",,heart_rate,"137",bpm,cadence,"0",rpm,fractional_cadence,"0.0",rpm,enhanced_altitude,"14.799999999999955",m,enhanced_speed,"1.922",m/s,,,,,,,,,,,,,,,,,,,,,,,,,,,,,,,,,,,,,,,,,,,,,,,,,,,,,,,,,,,,,,,,,,,,,,,,,,,,,,,,,,,,,,,,,,,,,,,,,,,,,,,,,,,,,,,,,,,,,,,,,,,,,,,,,,,,,,,,,,,,,,,,,,,,,,,,,,,,,,,,,,,
Data,12,record,timestamp,"944865956",s,position_lat,"390229058",semicircles,position_long,"-1397998021",semicircles,distance,"28276.96",m,altitude,"14.600000000000023",m,speed,"1.605",m/s,unknown,"0",,unknown,"100",,heart_rate,"137",bpm,cadence,"0",rpm,fractional_cadence,"0.0",rpm,enhanced_altitude,"14.600000000000023",m,enhanced_speed,"1.605",m/s,,,,,,,,,,,,,,,,,,,,,,,,,,,,,,,,,,,,,,,,,,,,,,,,,,,,,,,,,,,,,,,,,,,,,,,,,,,,,,,,,,,,,,,,,,,,,,,,,,,,,,,,,,,,,,,,,,,,,,,,,,,,,,,,,,,,,,,,,,,,,,,,,,,,,,,,,,,,,,,,,,,
Data,12,record,timestamp,"944865962",s,position_lat,"390228172",semicircles,position_long,"-1397997246",semicircles,distance,"28287.35",m,altitude,"14.799999999999955",m,speed,"1.484",m/s,unknown,"0",,unknown,"100",,heart_rate,"136",bpm,cadence,"0",rpm,fractional_cadence,"0.0",rpm,enhanced_altitude,"14.799999999999955",m,enhanced_speed,"1.484",m/s,,,,,,,,,,,,,,,,,,,,,,,,,,,,,,,,,,,,,,,,,,,,,,,,,,,,,,,,,,,,,,,,,,,,,,,,,,,,,,,,,,,,,,,,,,,,,,,,,,,,,,,,,,,,,,,,,,,,,,,,,,,,,,,,,,,,,,,,,,,,,,,,,,,,,,,,,,,,,,,,,,,
Data,12,record,timestamp,"944865969",s,position_lat,"390227954",semicircles,position_long,"-1397995937",semicircles,distance,"28298.05",m,altitude,"15.0",m,speed,"1.568",m/s,unknown,"0",,unknown,"100",,heart_rate,"135",bpm,cadence,"0",rpm,fractional_cadence,"0.0",rpm,enhanced_altitude,"15.0",m,enhanced_speed,"1.568",m/s,,,,,,,,,,,,,,,,,,,,,,,,,,,,,,,,,,,,,,,,,,,,,,,,,,,,,,,,,,,,,,,,,,,,,,,,,,,,,,,,,,,,,,,,,,,,,,,,,,,,,,,,,,,,,,,,,,,,,,,,,,,,,,,,,,,,,,,,,,,,,,,,,,,,,,,,,,,,,,,,,,,
Data,12,record,timestamp,"944865970",s,position_lat,"390228042",semicircles,position_long,"-1397995767",semicircles,distance,"28299.61",m,altitude,"15.0",m,speed,"1.68",m/s,unknown,"0",,unknown,"100",,heart_rate,"136",bpm,cadence,"0",rpm,fractional_cadence,"0.0",rpm,enhanced_altitude,"15.0",m,enhanced_speed,"1.68",m/s,,,,,,,,,,,,,,,,,,,,,,,,,,,,,,,,,,,,,,,,,,,,,,,,,,,,,,,,,,,,,,,,,,,,,,,,,,,,,,,,,,,,,,,,,,,,,,,,,,,,,,,,,,,,,,,,,,,,,,,,,,,,,,,,,,,,,,,,,,,,,,,,,,,,,,,,,,,,,,,,,,,
Data,12,record,timestamp,"944865975",s,position_lat,"390228591",semicircles,position_long,"-1397995057",semicircles,distance,"28307.23",m,altitude,"15.200000000000045",m,speed,"1.428",m/s,unknown,"0",,unknown,"100",,heart_rate,"138",bpm,cadence,"59",rpm,fractional_cadence,"0.5",rpm,enhanced_altitude,"15.200000000000045",m,enhanced_speed,"1.428",m/s,,,,,,,,,,,,,,,,,,,,,,,,,,,,,,,,,,,,,,,,,,,,,,,,,,,,,,,,,,,,,,,,,,,,,,,,,,,,,,,,,,,,,,,,,,,,,,,,,,,,,,,,,,,,,,,,,,,,,,,,,,,,,,,,,,,,,,,,,,,,,,,,,,,,,,,,,,,,,,,,,,,
Data,12,record,timestamp,"944865982",s,position_lat,"390229826",semicircles,position_long,"-1397994535",semicircles,distance,"28319.46",m,altitude,"15.0",m,speed,"1.829",m/s,unknown,"0",,unknown,"100",,heart_rate,"138",bpm,cadence,"0",rpm,fractional_cadence,"0.0",rpm,enhanced_altitude,"15.0",m,enhanced_speed,"1.829",m/s,,,,,,,,,,,,,,,,,,,,,,,,,,,,,,,,,,,,,,,,,,,,,,,,,,,,,,,,,,,,,,,,,,,,,,,,,,,,,,,,,,,,,,,,,,,,,,,,,,,,,,,,,,,,,,,,,,,,,,,,,,,,,,,,,,,,,,,,,,,,,,,,,,,,,,,,,,,,,,,,,,,
Data,12,record,timestamp,"944865989",s,position_lat,"390231245",semicircles,position_long,"-1397994684",semicircles,distance,"28332.72",m,altitude,"15.0",m,speed,"1.969",m/s,unknown,"0",,unknown,"100",,heart_rate,"139",bpm,cadence,"0",rpm,fractional_cadence,"0.0",rpm,enhanced_altitude,"15.0",m,enhanced_speed,"1.969",m/s,,,,,,,,,,,,,,,,,,,,,,,,,,,,,,,,,,,,,,,,,,,,,,,,,,,,,,,,,,,,,,,,,,,,,,,,,,,,,,,,,,,,,,,,,,,,,,,,,,,,,,,,,,,,,,,,,,,,,,,,,,,,,,,,,,,,,,,,,,,,,,,,,,,,,,,,,,,,,,,,,,,
Data,12,record,timestamp,"944865993",s,position_lat,"390232150",semicircles,position_long,"-1397994789",semicircles,distance,"28341.18",m,altitude,"15.0",m,speed,"2.081",m/s,unknown,"0",,unknown,"100",,heart_rate,"136",bpm,cadence,"0",rpm,fractional_cadence,"0.0",rpm,enhanced_altitude,"15.0",m,enhanced_speed,"2.081",m/s,,,,,,,,,,,,,,,,,,,,,,,,,,,,,,,,,,,,,,,,,,,,,,,,,,,,,,,,,,,,,,,,,,,,,,,,,,,,,,,,,,,,,,,,,,,,,,,,,,,,,,,,,,,,,,,,,,,,,,,,,,,,,,,,,,,,,,,,,,,,,,,,,,,,,,,,,,,,,,,,,,,
Data,12,record,timestamp,"944865997",s,position_lat,"390233235",semicircles,position_long,"-1397994921",semicircles,distance,"28351.3",m,altitude,"15.0",m,speed,"2.473",m/s,unknown,"0",,unknown,"100",,heart_rate,"137",bpm,cadence,"0",rpm,fractional_cadence,"0.0",rpm,enhanced_altitude,"15.0",m,enhanced_speed,"2.473",m/s,,,,,,,,,,,,,,,,,,,,,,,,,,,,,,,,,,,,,,,,,,,,,,,,,,,,,,,,,,,,,,,,,,,,,,,,,,,,,,,,,,,,,,,,,,,,,,,,,,,,,,,,,,,,,,,,,,,,,,,,,,,,,,,,,,,,,,,,,,,,,,,,,,,,,,,,,,,,,,,,,,,
Data,12,record,timestamp,"944866003",s,position_lat,"390234729",semicircles,position_long,"-1397995633",semicircles,distance,"28366.49",m,altitude,"14.799999999999955",m,speed,"2.23",m/s,unknown,"0",,unknown,"100",,heart_rate,"136",bpm,cadence,"0",rpm,fractional_cadence,"0.0",rpm,enhanced_altitude,"14.799999999999955",m,enhanced_speed,"2.23",m/s,,,,,,,,,,,,,,,,,,,,,,,,,,,,,,,,,,,,,,,,,,,,,,,,,,,,,,,,,,,,,,,,,,,,,,,,,,,,,,,,,,,,,,,,,,,,,,,,,,,,,,,,,,,,,,,,,,,,,,,,,,,,,,,,,,,,,,,,,,,,,,,,,,,,,,,,,,,,,,,,,,,
Data,12,record,timestamp,"944866009",s,position_lat,"390235767",semicircles,position_long,"-1397996947",semicircles,distance,"28380.6",m,altitude,"15.0",m,speed,"1.885",m/s,unknown,"0",,unknown,"100",,heart_rate,"138",bpm,cadence,"0",rpm,fractional_cadence,"0.0",rpm,enhanced_altitude,"15.0",m,enhanced_speed,"1.885",m/s,,,,,,,,,,,,,,,,,,,,,,,,,,,,,,,,,,,,,,,,,,,,,,,,,,,,,,,,,,,,,,,,,,,,,,,,,,,,,,,,,,,,,,,,,,,,,,,,,,,,,,,,,,,,,,,,,,,,,,,,,,,,,,,,,,,,,,,,,,,,,,,,,,,,,,,,,,,,,,,,,,,
Data,12,record,timestamp,"944866015",s,position_lat,"390236973",semicircles,position_long,"-1397997521",semicircles,distance,"28392.85",m,altitude,"15.200000000000045",m,speed,"2.053",m/s,unknown,"0",,unknown,"100",,heart_rate,"138",bpm,cadence,"0",rpm,fractional_cadence,"0.0",rpm,enhanced_altitude,"15.200000000000045",m,enhanced_speed,"2.053",m/s,,,,,,,,,,,,,,,,,,,,,,,,,,,,,,,,,,,,,,,,,,,,,,,,,,,,,,,,,,,,,,,,,,,,,,,,,,,,,,,,,,,,,,,,,,,,,,,,,,,,,,,,,,,,,,,,,,,,,,,,,,,,,,,,,,,,,,,,,,,,,,,,,,,,,,,,,,,,,,,,,,,
Data,12,record,timestamp,"944866022",s,position_lat,"390238579",semicircles,position_long,"-1397997850",semicircles,distance,"28407.99",m,altitude,"15.200000000000045",m,speed,"1.829",m/s,unknown,"0",,unknown,"300",,heart_rate,"136",bpm,cadence,"0",rpm,fractional_cadence,"0.0",rpm,enhanced_altitude,"15.200000000000045",m,enhanced_speed,"1.829",m/s,,,,,,,,,,,,,,,,,,,,,,,,,,,,,,,,,,,,,,,,,,,,,,,,,,,,,,,,,,,,,,,,,,,,,,,,,,,,,,,,,,,,,,,,,,,,,,,,,,,,,,,,,,,,,,,,,,,,,,,,,,,,,,,,,,,,,,,,,,,,,,,,,,,,,,,,,,,,,,,,,,,
Data,12,record,timestamp,"944866029",s,position_lat,"390240087",semicircles,position_long,"-1397998562",semicircles,distance,"28423.19",m,altitude,"15.399999999999977",m,speed,"2.193",m/s,unknown,"0",,unknown,"100",,heart_rate,"137",bpm,cadence,"0",rpm,fractional_cadence,"0.0",rpm,enhanced_altitude,"15.399999999999977",m,enhanced_speed,"2.193",m/s,,,,,,,,,,,,,,,,,,,,,,,,,,,,,,,,,,,,,,,,,,,,,,,,,,,,,,,,,,,,,,,,,,,,,,,,,,,,,,,,,,,,,,,,,,,,,,,,,,,,,,,,,,,,,,,,,,,,,,,,,,,,,,,,,,,,,,,,,,,,,,,,,,,,,,,,,,,,,,,,,,,
Data,12,record,timestamp,"944866036",s,position_lat,"390241523",semicircles,position_long,"-1397999295",semicircles,distance,"28437.74",m,altitude,"15.600000000000023",m,speed,"1.969",m/s,unknown,"0",,unknown,"100",,heart_rate,"136",bpm,cadence,"0",rpm,fractional_cadence,"0.0",rpm,enhanced_altitude,"15.600000000000023",m,enhanced_speed,"1.969",m/s,,,,,,,,,,,,,,,,,,,,,,,,,,,,,,,,,,,,,,,,,,,,,,,,,,,,,,,,,,,,,,,,,,,,,,,,,,,,,,,,,,,,,,,,,,,,,,,,,,,,,,,,,,,,,,,,,,,,,,,,,,,,,,,,,,,,,,,,,,,,,,,,,,,,,,,,,,,,,,,,,,,
Data,12,record,timestamp,"944866043",s,position_lat,"390243219",semicircles,position_long,"-1397999833",semicircles,distance,"28454.07",m,altitude,"15.600000000000023",m,speed,"2.762",m/s,unknown,"0",,unknown,"100",,heart_rate,"136",bpm,cadence,"0",rpm,fractional_cadence,"0.0",rpm,enhanced_altitude,"15.600000000000023",m,enhanced_speed,"2.762",m/s,,,,,,,,,,,,,,,,,,,,,,,,,,,,,,,,,,,,,,,,,,,,,,,,,,,,,,,,,,,,,,,,,,,,,,,,,,,,,,,,,,,,,,,,,,,,,,,,,,,,,,,,,,,,,,,,,,,,,,,,,,,,,,,,,,,,,,,,,,,,,,,,,,,,,,,,,,,,,,,,,,,
Data,12,record,timestamp,"944866050",s,position_lat,"390245146",semicircles,position_long,"-1398000362",semicircles,distance,"28472.46",m,altitude,"15.600000000000023",m,speed,"2.417",m/s,unknown,"0",,unknown,"100",,heart_rate,"136",bpm,cadence,"66",rpm,fractional_cadence,"0.5",rpm,enhanced_altitude,"15.600000000000023",m,enhanced_speed,"2.417",m/s,,,,,,,,,,,,,,,,,,,,,,,,,,,,,,,,,,,,,,,,,,,,,,,,,,,,,,,,,,,,,,,,,,,,,,,,,,,,,,,,,,,,,,,,,,,,,,,,,,,,,,,,,,,,,,,,,,,,,,,,,,,,,,,,,,,,,,,,,,,,,,,,,,,,,,,,,,,,,,,,,,,
Data,12,record,timestamp,"944866057",s,position_lat,"390247208",semicircles,position_long,"-1398001025",semicircles,distance,"28492.32",m,altitude,"15.399999999999977",m,speed,"2.706",m/s,unknown,"0",,unknown,"100",,heart_rate,"137",bpm,cadence,"44",rpm,fractional_cadence,"0.5",rpm,enhanced_altitude,"15.399999999999977",m,enhanced_speed,"2.706",m/s,,,,,,,,,,,,,,,,,,,,,,,,,,,,,,,,,,,,,,,,,,,,,,,,,,,,,,,,,,,,,,,,,,,,,,,,,,,,,,,,,,,,,,,,,,,,,,,,,,,,,,,,,,,,,,,,,,,,,,,,,,,,,,,,,,,,,,,,,,,,,,,,,,,,,,,,,,,,,,,,,,,
Data,12,record,timestamp,"944866066",s,position_lat,"390249818",semicircles,position_long,"-1398001822",semicircles,distance,"28517.37",m,altitude,"15.200000000000045",m,speed,"2.463",m/s,unknown,"0",,unknown,"100",,heart_rate,"136",bpm,cadence,"41",rpm,fractional_cadence,"0.5",rpm,enhanced_altitude,"15.200000000000045",m,enhanced_speed,"2.463",m/s,,,,,,,,,,,,,,,,,,,,,,,,,,,,,,,,,,,,,,,,,,,,,,,,,,,,,,,,,,,,,,,,,,,,,,,,,,,,,,,,,,,,,,,,,,,,,,,,,,,,,,,,,,,,,,,,,,,,,,,,,,,,,,,,,,,,,,,,,,,,,,,,,,,,,,,,,,,,,,,,,,,
Data,12,record,timestamp,"944866072",s,position_lat,"390251594",semicircles,position_long,"-1398002477",semicircles,distance,"28534.64",m,altitude,"15.200000000000045",m,speed,"2.631",m/s,unknown,"0",,unknown,"100",,heart_rate,"136",bpm,cadence,"78",rpm,fractional_cadence,"0.0",rpm,enhanced_altitude,"15.200000000000045",m,enhanced_speed,"2.631",m/s,,,,,,,,,,,,,,,,,,,,,,,,,,,,,,,,,,,,,,,,,,,,,,,,,,,,,,,,,,,,,,,,,,,,,,,,,,,,,,,,,,,,,,,,,,,,,,,,,,,,,,,,,,,,,,,,,,,,,,,,,,,,,,,,,,,,,,,,,,,,,,,,,,,,,,,,,,,,,,,,,,,
Data,12,record,timestamp,"944866080",s,position_lat,"390253726",semicircles,position_long,"-1398003252",semicircles,distance,"28555.37",m,altitude,"15.200000000000045",m,speed,"2.473",m/s,unknown,"0",,unknown,"100",,heart_rate,"137",bpm,cadence,"0",rpm,fractional_cadence,"0.0",rpm,enhanced_altitude,"15.200000000000045",m,enhanced_speed,"2.473",m/s,,,,,,,,,,,,,,,,,,,,,,,,,,,,,,,,,,,,,,,,,,,,,,,,,,,,,,,,,,,,,,,,,,,,,,,,,,,,,,,,,,,,,,,,,,,,,,,,,,,,,,,,,,,,,,,,,,,,,,,,,,,,,,,,,,,,,,,,,,,,,,,,,,,,,,,,,,,,,,,,,,,
Data,12,record,timestamp,"944866085",s,position_lat,"390254994",semicircles,position_long,"-1398003637",semicircles,distance,"28567.55",m,altitude,"15.0",m,speed,"2.659",m/s,unknown,"0",,unknown,"100",,heart_rate,"134",bpm,cadence,"0",rpm,fractional_cadence,"0.0",rpm,enhanced_altitude,"15.0",m,enhanced_speed,"2.659",m/s,,,,,,,,,,,,,,,,,,,,,,,,,,,,,,,,,,,,,,,,,,,,,,,,,,,,,,,,,,,,,,,,,,,,,,,,,,,,,,,,,,,,,,,,,,,,,,,,,,,,,,,,,,,,,,,,,,,,,,,,,,,,,,,,,,,,,,,,,,,,,,,,,,,,,,,,,,,,,,,,,,,
Data,12,record,timestamp,"944866091",s,position_lat,"390256624",semicircles,position_long,"-1398004207",semicircles,distance,"28583.36",m,altitude,"15.0",m,speed,"2.641",m/s,unknown,"0",,unknown,"100",,heart_rate,"136",bpm,cadence,"0",rpm,fractional_cadence,"0.0",rpm,enhanced_altitude,"15.0",m,enhanced_speed,"2.641",m/s,,,,,,,,,,,,,,,,,,,,,,,,,,,,,,,,,,,,,,,,,,,,,,,,,,,,,,,,,,,,,,,,,,,,,,,,,,,,,,,,,,,,,,,,,,,,,,,,,,,,,,,,,,,,,,,,,,,,,,,,,,,,,,,,,,,,,,,,,,,,,,,,,,,,,,,,,,,,,,,,,,,
Data,12,record,timestamp,"944866097",s,position_lat,"390258146",semicircles,position_long,"-1398004764",semicircles,distance,"28598.18",m,altitude,"15.0",m,speed,"2.435",m/s,unknown,"0",,unknown,"100",,heart_rate,"133",bpm,cadence,"0",rpm,fractional_cadence,"0.0",rpm,enhanced_altitude,"15.0",m,enhanced_speed,"2.435",m/s,,,,,,,,,,,,,,,,,,,,,,,,,,,,,,,,,,,,,,,,,,,,,,,,,,,,,,,,,,,,,,,,,,,,,,,,,,,,,,,,,,,,,,,,,,,,,,,,,,,,,,,,,,,,,,,,,,,,,,,,,,,,,,,,,,,,,,,,,,,,,,,,,,,,,,,,,,,,,,,,,,,
Data,12,record,timestamp,"944866098",s,position_lat,"390258411",semicircles,position_long,"-1398004854",semicircles,distance,"28600.73",m,altitude,"15.0",m,speed,"2.202",m/s,unknown,"0",,unknown,"100",,heart_rate,"134",bpm,cadence,"0",rpm,fractional_cadence,"0.0",rpm,enhanced_altitude,"15.0",m,enhanced_speed,"2.202",m/s,,,,,,,,,,,,,,,,,,,,,,,,,,,,,,,,,,,,,,,,,,,,,,,,,,,,,,,,,,,,,,,,,,,,,,,,,,,,,,,,,,,,,,,,,,,,,,,,,,,,,,,,,,,,,,,,,,,,,,,,,,,,,,,,,,,,,,,,,,,,,,,,,,,,,,,,,,,,,,,,,,,
Data,12,record,timestamp,"944866107",s,position_lat,"390260767",semicircles,position_long,"-1398005885",semicircles,distance,"28624.09",m,altitude,"15.200000000000045",m,speed,"2.435",m/s,unknown,"0",,unknown,"100",,heart_rate,"133",bpm,cadence,"0",rpm,fractional_cadence,"0.0",rpm,enhanced_altitude,"15.200000000000045",m,enhanced_speed,"2.435",m/s,,,,,,,,,,,,,,,,,,,,,,,,,,,,,,,,,,,,,,,,,,,,,,,,,,,,,,,,,,,,,,,,,,,,,,,,,,,,,,,,,,,,,,,,,,,,,,,,,,,,,,,,,,,,,,,,,,,,,,,,,,,,,,,,,,,,,,,,,,,,,,,,,,,,,,,,,,,,,,,,,,,
Data,12,record,timestamp,"944866116",s,position_lat,"390263050",semicircles,position_long,"-1398006548",semicircles,distance,"28645.96",m,altitude,"15.399999999999977",m,speed,"2.389",m/s,unknown,"0",,unknown,"100",,heart_rate,"135",bpm,cadence,"0",rpm,fractional_cadence,"0.0",rpm,enhanced_altitude,"15.399999999999977",m,enhanced_speed,"2.389",m/s,,,,,,,,,,,,,,,,,,,,,,,,,,,,,,,,,,,,,,,,,,,,,,,,,,,,,,,,,,,,,,,,,,,,,,,,,,,,,,,,,,,,,,,,,,,,,,,,,,,,,,,,,,,,,,,,,,,,,,,,,,,,,,,,,,,,,,,,,,,,,,,,,,,,,,,,,,,,,,,,,,,
Data,12,record,timestamp,"944866124",s,position_lat,"390265177",semicircles,position_long,"-1398007117",semicircles,distance,"28666.22",m,altitude,"15.399999999999977",m,speed,"2.725",m/s,unknown,"0",,unknown,"100",,heart_rate,"136",bpm,cadence,"0",rpm,fractional_cadence,"0.0",rpm,enhanced_altitude,"15.399999999999977",m,enhanced_speed,"2.725",m/s,,,,,,,,,,,,,,,,,,,,,,,,,,,,,,,,,,,,,,,,,,,,,,,,,,,,,,,,,,,,,,,,,,,,,,,,,,,,,,,,,,,,,,,,,,,,,,,,,,,,,,,,,,,,,,,,,,,,,,,,,,,,,,,,,,,,,,,,,,,,,,,,,,,,,,,,,,,,,,,,,,,
Data,12,record,timestamp,"944866128",s,position_lat,"390266221",semicircles,position_long,"-1398007524",semicircles,distance,"28676.44",m,altitude,"15.399999999999977",m,speed,"2.529",m/s,unknown,"0",,unknown,"100",,heart_rate,"139",bpm,cadence,"0",rpm,fractional_cadence,"0.0",rpm,enhanced_altitude,"15.399999999999977",m,enhanced_speed,"2.529",m/s,,,,,,,,,,,,,,,,,,,,,,,,,,,,,,,,,,,,,,,,,,,,,,,,,,,,,,,,,,,,,,,,,,,,,,,,,,,,,,,,,,,,,,,,,,,,,,,,,,,,,,,,,,,,,,,,,,,,,,,,,,,,,,,,,,,,,,,,,,,,,,,,,,,,,,,,,,,,,,,,,,,
Data,12,record,timestamp,"944866129",s,position_lat,"390266487",semicircles,position_long,"-1398007655",semicircles,distance,"28679.11",m,altitude,"15.399999999999977",m,speed,"2.678",m/s,unknown,"0",,unknown,"300",,heart_rate,"134",bpm,cadence,"0",rpm,fractional_cadence,"0.0",rpm,enhanced_altitude,"15.399999999999977",m,enhanced_speed,"2.678",m/s,,,,,,,,,,,,,,,,,,,,,,,,,,,,,,,,,,,,,,,,,,,,,,,,,,,,,,,,,,,,,,,,,,,,,,,,,,,,,,,,,,,,,,,,,,,,,,,,,,,,,,,,,,,,,,,,,,,,,,,,,,,,,,,,,,,,,,,,,,,,,,,,,,,,,,,,,,,,,,,,,,,
Data,12,record,timestamp,"944866133",s,position_lat,"390267508",semicircles,position_long,"-1398008155",semicircles,distance,"28689.39",m,altitude,"15.399999999999977",m,speed,"2.566",m/s,unknown,"0",,unknown,"100",,heart_rate,"131",bpm,cadence,"0",rpm,fractional_cadence,"0.0",rpm,enhanced_altitude,"15.399999999999977",m,enhanced_speed,"2.566",m/s,,,,,,,,,,,,,,,,,,,,,,,,,,,,,,,,,,,,,,,,,,,,,,,,,,,,,,,,,,,,,,,,,,,,,,,,,,,,,,,,,,,,,,,,,,,,,,,,,,,,,,,,,,,,,,,,,,,,,,,,,,,,,,,,,,,,,,,,,,,,,,,,,,,,,,,,,,,,,,,,,,,
Data,12,record,timestamp,"944866134",s,position_lat,"390267746",semicircles,position_long,"-1398008274",semicircles,distance,"28691.79",m,altitude,"15.399999999999977",m,speed,"2.519",m/s,unknown,"0",,unknown,"100",,heart_rate,"131",bpm,cadence,"0",rpm,fractional_cadence,"0.0",rpm,enhanced_altitude,"15.399999999999977",m,enhanced_speed,"2.519",m/s,,,,,,,,,,,,,,,,,,,,,,,,,,,,,,,,,,,,,,,,,,,,,,,,,,,,,,,,,,,,,,,,,,,,,,,,,,,,,,,,,,,,,,,,,,,,,,,,,,,,,,,,,,,,,,,,,,,,,,,,,,,,,,,,,,,,,,,,,,,,,,,,,,,,,,,,,,,,,,,,,,,
Data,12,record,timestamp,"944866145",s,position_lat,"390270681",semicircles,position_long,"-1398009477",semicircles,distance,"28720.69",m,altitude,"15.200000000000045",m,speed,"2.706",m/s,unknown,"0",,unknown,"100",,heart_rate,"128",bpm,cadence,"0",rpm,fractional_cadence,"0.0",rpm,enhanced_altitude,"15.200000000000045",m,enhanced_speed,"2.706",m/s,,,,,,,,,,,,,,,,,,,,,,,,,,,,,,,,,,,,,,,,,,,,,,,,,,,,,,,,,,,,,,,,,,,,,,,,,,,,,,,,,,,,,,,,,,,,,,,,,,,,,,,,,,,,,,,,,,,,,,,,,,,,,,,,,,,,,,,,,,,,,,,,,,,,,,,,,,,,,,,,,,,
Data,12,record,timestamp,"944866152",s,position_lat,"390273590",semicircles,position_long,"-1398010289",semicircles,distance,"28748.48",m,altitude,"15.0",m,speed,"2.575",m/s,unknown,"0",,unknown,"100",,heart_rate,"125",bpm,cadence,"0",rpm,fractional_cadence,"0.0",rpm,enhanced_altitude,"15.0",m,enhanced_speed,"2.575",m/s,,,,,,,,,,,,,,,,,,,,,,,,,,,,,,,,,,,,,,,,,,,,,,,,,,,,,,,,,,,,,,,,,,,,,,,,,,,,,,,,,,,,,,,,,,,,,,,,,,,,,,,,,,,,,,,,,,,,,,,,,,,,,,,,,,,,,,,,,,,,,,,,,,,,,,,,,,,,,,,,,,,
Data,12,record,timestamp,"944866153",s,position_lat,"390273832",semicircles,position_long,"-1398010408",semicircles,distance,"28750.92",m,altitude,"15.0",m,speed,"2.473",m/s,unknown,"0",,unknown,"100",,heart_rate,"125",bpm,cadence,"0",rpm,fractional_cadence,"0.0",rpm,enhanced_altitude,"15.0",m,enhanced_speed,"2.473",m/s,,,,,,,,,,,,,,,,,,,,,,,,,,,,,,,,,,,,,,,,,,,,,,,,,,,,,,,,,,,,,,,,,,,,,,,,,,,,,,,,,,,,,,,,,,,,,,,,,,,,,,,,,,,,,,,,,,,,,,,,,,,,,,,,,,,,,,,,,,,,,,,,,,,,,,,,,,,,,,,,,,,
Data,12,record,timestamp,"944866162",s,position_lat,"390276230",semicircles,position_long,"-1398011431",semicircles,distance,"28774.58",m,altitude,"15.0",m,speed,"2.501",m/s,unknown,"0",,unknown,"100",,heart_rate,"124",bpm,cadence,"0",rpm,fractional_cadence,"0.0",rpm,enhanced_altitude,"15.0",m,enhanced_speed,"2.501",m/s,,,,,,,,,,,,,,,,,,,,,,,,,,,,,,,,,,,,,,,,,,,,,,,,,,,,,,,,,,,,,,,,,,,,,,,,,,,,,,,,,,,,,,,,,,,,,,,,,,,,,,,,,,,,,,,,,,,,,,,,,,,,,,,,,,,,,,,,,,,,,,,,,,,,,,,,,,,,,,,,,,,
Data,12,record,timestamp,"944866169",s,position_lat,"390278506",semicircles,position_long,"-1398012236",semicircles,distance,"28796.58",m,altitude,"15.200000000000045",m,speed,"2.734",m/s,unknown,"0",,unknown,"100",,heart_rate,"121",bpm,cadence,"0",rpm,fractional_cadence,"0.0",rpm,enhanced_altitude,"15.200000000000045",m,enhanced_speed,"2.734",m/s,,,,,,,,,,,,,,,,,,,,,,,,,,,,,,,,,,,,,,,,,,,,,,,,,,,,,,,,,,,,,,,,,,,,,,,,,,,,,,,,,,,,,,,,,,,,,,,,,,,,,,,,,,,,,,,,,,,,,,,,,,,,,,,,,,,,,,,,,,,,,,,,,,,,,,,,,,,,,,,,,,,
Data,12,record,timestamp,"944866170",s,position_lat,"390278847",semicircles,position_long,"-1398012359",semicircles,distance,"28799.89",m,altitude,"15.200000000000045",m,speed,"2.902",m/s,unknown,"0",,unknown,"100",,heart_rate,"120",bpm,cadence,"0",rpm,fractional_cadence,"0.0",rpm,enhanced_altitude,"15.200000000000045",m,enhanced_speed,"2.902",m/s,,,,,,,,,,,,,,,,,,,,,,,,,,,,,,,,,,,,,,,,,,,,,,,,,,,,,,,,,,,,,,,,,,,,,,,,,,,,,,,,,,,,,,,,,,,,,,,,,,,,,,,,,,,,,,,,,,,,,,,,,,,,,,,,,,,,,,,,,,,,,,,,,,,,,,,,,,,,,,,,,,,
Data,12,record,timestamp,"944866179",s,position_lat,"390281760",semicircles,position_long,"-1398013342",semicircles,distance,"28828.07",m,altitude,"15.200000000000045",m,speed,"2.902",m/s,unknown,"0",,unknown,"100",,heart_rate,"121",bpm,cadence,"0",rpm,fractional_cadence,"0.0",rpm,enhanced_altitude,"15.200000000000045",m,enhanced_speed,"2.902",m/s,,,,,,,,,,,,,,,,,,,,,,,,,,,,,,,,,,,,,,,,,,,,,,,,,,,,,,,,,,,,,,,,,,,,,,,,,,,,,,,,,,,,,,,,,,,,,,,,,,,,,,,,,,,,,,,,,,,,,,,,,,,,,,,,,,,,,,,,,,,,,,,,,,,,,,,,,,,,,,,,,,,
Data,12,record,timestamp,"944866184",s,position_lat,"390283279",semicircles,position_long,"-1398013948",semicircles,distance,"28842.95",m,altitude,"15.200000000000045",m,speed,"2.678",m/s,unknown,"0",,unknown,"100",,heart_rate,"118",bpm,cadence,"0",rpm,fractional_cadence,"0.0",rpm,enhanced_altitude,"15.200000000000045",m,enhanced_speed,"2.678",m/s,,,,,,,,,,,,,,,,,,,,,,,,,,,,,,,,,,,,,,,,,,,,,,,,,,,,,,,,,,,,,,,,,,,,,,,,,,,,,,,,,,,,,,,,,,,,,,,,,,,,,,,,,,,,,,,,,,,,,,,,,,,,,,,,,,,,,,,,,,,,,,,,,,,,,,,,,,,,,,,,,,,
Data,12,record,timestamp,"944866189",s,position_lat,"390284771",semicircles,position_long,"-1398014549",semicircles,distance,"28857.63",m,altitude,"15.200000000000045",m,speed,"2.986",m/s,unknown,"0",,unknown,"100",,heart_rate,"121",bpm,cadence,"0",rpm,fractional_cadence,"0.0",rpm,enhanced_altitude,"15.200000000000045",m,enhanced_speed,"2.986",m/s,,,,,,,,,,,,,,,,,,,,,,,,,,,,,,,,,,,,,,,,,,,,,,,,,,,,,,,,,,,,,,,,,,,,,,,,,,,,,,,,,,,,,,,,,,,,,,,,,,,,,,,,,,,,,,,,,,,,,,,,,,,,,,,,,,,,,,,,,,,,,,,,,,,,,,,,,,,,,,,,,,,
Data,12,record,timestamp,"944866191",s,position_lat,"390285352",semicircles,position_long,"-1398014810",semicircles,distance,"28863.41",m,altitude,"15.0",m,speed,"3.07",m/s,unknown,"0",,unknown,"100",,heart_rate,"124",bpm,cadence,"0",rpm,fractional_cadence,"0.0",rpm,enhanced_altitude,"15.0",m,enhanced_speed,"3.07",m/s,,,,,,,,,,,,,,,,,,,,,,,,,,,,,,,,,,,,,,,,,,,,,,,,,,,,,,,,,,,,,,,,,,,,,,,,,,,,,,,,,,,,,,,,,,,,,,,,,,,,,,,,,,,,,,,,,,,,,,,,,,,,,,,,,,,,,,,,,,,,,,,,,,,,,,,,,,,,,,,,,,,
Data,12,record,timestamp,"944866195",s,position_lat,"390286538",semicircles,position_long,"-1398015276",semicircles,distance,"28875.01",m,altitude,"15.0",m,speed,"2.706",m/s,unknown,"0",,unknown,"100",,heart_rate,"127",bpm,cadence,"0",rpm,fractional_cadence,"0.0",rpm,enhanced_altitude,"15.0",m,enhanced_speed,"2.706",m/s,,,,,,,,,,,,,,,,,,,,,,,,,,,,,,,,,,,,,,,,,,,,,,,,,,,,,,,,,,,,,,,,,,,,,,,,,,,,,,,,,,,,,,,,,,,,,,,,,,,,,,,,,,,,,,,,,,,,,,,,,,,,,,,,,,,,,,,,,,,,,,,,,,,,,,,,,,,,,,,,,,,
Data,12,record,timestamp,"944866199",s,position_lat,"390287743",semicircles,position_long,"-1398015792",semicircles,distance,"28886.92",m,altitude,"15.200000000000045",m,speed,"3.023",m/s,unknown,"0",,unknown,"100",,heart_rate,"128",bpm,cadence,"0",rpm,fractional_cadence,"0.0",rpm,enhanced_altitude,"15.200000000000045",m,enhanced_speed,"3.023",m/s,,,,,,,,,,,,,,,,,,,,,,,,,,,,,,,,,,,,,,,,,,,,,,,,,,,,,,,,,,,,,,,,,,,,,,,,,,,,,,,,,,,,,,,,,,,,,,,,,,,,,,,,,,,,,,,,,,,,,,,,,,,,,,,,,,,,,,,,,,,,,,,,,,,,,,,,,,,,,,,,,,,
Data,12,record,timestamp,"944866205",s,position_lat,"390289489",semicircles,position_long,"-1398016665",semicircles,distance,"28904.6",m,altitude,"15.0",m,speed,"3.014",m/s,unknown,"0",,unknown,"100",,heart_rate,"131",bpm,cadence,"0",rpm,fractional_cadence,"0.0",rpm,enhanced_altitude,"15.0",m,enhanced_speed,"3.014",m/s,,,,,,,,,,,,,,,,,,,,,,,,,,,,,,,,,,,,,,,,,,,,,,,,,,,,,,,,,,,,,,,,,,,,,,,,,,,,,,,,,,,,,,,,,,,,,,,,,,,,,,,,,,,,,,,,,,,,,,,,,,,,,,,,,,,,,,,,,,,,,,,,,,,,,,,,,,,,,,,,,,,
Data,12,record,timestamp,"944866206",s,position_lat,"390289773",semicircles,position_long,"-1398016805",semicircles,distance,"28907.45",m,altitude,"15.0",m,speed,"2.855",m/s,unknown,"0",,unknown,"100",,heart_rate,"131",bpm,cadence,"0",rpm,fractional_cadence,"0.0",rpm,enhanced_altitude,"15.0",m,enhanced_speed,"2.855",m/s,,,,,,,,,,,,,,,,,,,,,,,,,,,,,,,,,,,,,,,,,,,,,,,,,,,,,,,,,,,,,,,,,,,,,,,,,,,,,,,,,,,,,,,,,,,,,,,,,,,,,,,,,,,,,,,,,,,,,,,,,,,,,,,,,,,,,,,,,,,,,,,,,,,,,,,,,,,,,,,,,,,
Data,12,record,timestamp,"944866213",s,position_lat,"390291849",semicircles,position_long,"-1398017734",semicircles,distance,"28928.1",m,altitude,"15.0",m,speed,"2.678",m/s,unknown,"0",,unknown,"100",,heart_rate,"127",bpm,cadence,"0",rpm,fractional_cadence,"0.0",rpm,enhanced_altitude,"15.0",m,enhanced_speed,"2.678",m/s,,,,,,,,,,,,,,,,,,,,,,,,,,,,,,,,,,,,,,,,,,,,,,,,,,,,,,,,,,,,,,,,,,,,,,,,,,,,,,,,,,,,,,,,,,,,,,,,,,,,,,,,,,,,,,,,,,,,,,,,,,,,,,,,,,,,,,,,,,,,,,,,,,,,,,,,,,,,,,,,,,,
Data,12,record,timestamp,"944866214",s,position_lat,"390292152",semicircles,position_long,"-1398017843",semicircles,distance,"28931.04",m,altitude,"15.0",m,speed,"2.846",m/s,unknown,"0",,unknown,"100",,heart_rate,"127",bpm,cadence,"0",rpm,fractional_cadence,"0.0",rpm,enhanced_altitude,"15.0",m,enhanced_speed,"2.846",m/s,,,,,,,,,,,,,,,,,,,,,,,,,,,,,,,,,,,,,,,,,,,,,,,,,,,,,,,,,,,,,,,,,,,,,,,,,,,,,,,,,,,,,,,,,,,,,,,,,,,,,,,,,,,,,,,,,,,,,,,,,,,,,,,,,,,,,,,,,,,,,,,,,,,,,,,,,,,,,,,,,,,
Data,12,record,timestamp,"944866222",s,position_lat,"390294672",semicircles,position_long,"-1398018559",semicircles,distance,"28955.14",m,altitude,"14.799999999999955",m,speed,"2.902",m/s,unknown,"0",,unknown,"100",,heart_rate,"126",bpm,cadence,"0",rpm,fractional_cadence,"0.0",rpm,enhanced_altitude,"14.799999999999955",m,enhanced_speed,"2.902",m/s,,,,,,,,,,,,,,,,,,,,,,,,,,,,,,,,,,,,,,,,,,,,,,,,,,,,,,,,,,,,,,,,,,,,,,,,,,,,,,,,,,,,,,,,,,,,,,,,,,,,,,,,,,,,,,,,,,,,,,,,,,,,,,,,,,,,,,,,,,,,,,,,,,,,,,,,,,,,,,,,,,,
Data,12,record,timestamp,"944866231",s,position_lat,"390297756",semicircles,position_long,"-1398018921",semicircles,distance,"28984.0",m,altitude,"15.0",m,speed,"2.958",m/s,unknown,"0",,unknown,"100",,heart_rate,"125",bpm,cadence,"0",rpm,fractional_cadence,"0.0",rpm,enhanced_altitude,"15.0",m,enhanced_speed,"2.958",m/s,,,,,,,,,,,,,,,,,,,,,,,,,,,,,,,,,,,,,,,,,,,,,,,,,,,,,,,,,,,,,,,,,,,,,,,,,,,,,,,,,,,,,,,,,,,,,,,,,,,,,,,,,,,,,,,,,,,,,,,,,,,,,,,,,,,,,,,,,,,,,,,,,,,,,,,,,,,,,,,,,,,
Data,12,record,timestamp,"944866238",s,position_lat,"390300045",semicircles,position_long,"-1398019387",semicircles,distance,"29005.58",m,altitude,"15.399999999999977",m,speed,"3.144",m/s,unknown,"0",,unknown,"100",,heart_rate,"122",bpm,cadence,"0",rpm,fractional_cadence,"0.0",rpm,enhanced_altitude,"15.399999999999977",m,enhanced_speed,"3.144",m/s,,,,,,,,,,,,,,,,,,,,,,,,,,,,,,,,,,,,,,,,,,,,,,,,,,,,,,,,,,,,,,,,,,,,,,,,,,,,,,,,,,,,,,,,,,,,,,,,,,,,,,,,,,,,,,,,,,,,,,,,,,,,,,,,,,,,,,,,,,,,,,,,,,,,,,,,,,,,,,,,,,,
Data,12,record,timestamp,"944866241",s,position_lat,"390301090",semicircles,position_long,"-1398019596",semicircles,distance,"29015.43",m,altitude,"15.399999999999977",m,speed,"3.088",m/s,unknown,"0",,unknown,"300",,heart_rate,"125",bpm,cadence,"0",rpm,fractional_cadence,"0.0",rpm,enhanced_altitude,"15.399999999999977",m,enhanced_speed,"3.088",m/s,,,,,,,,,,,,,,,,,,,,,,,,,,,,,,,,,,,,,,,,,,,,,,,,,,,,,,,,,,,,,,,,,,,,,,,,,,,,,,,,,,,,,,,,,,,,,,,,,,,,,,,,,,,,,,,,,,,,,,,,,,,,,,,,,,,,,,,,,,,,,,,,,,,,,,,,,,,,,,,,,,,
Data,12,record,timestamp,"944866251",s,position_lat,"390304575",semicircles,position_long,"-1398020345",semicircles,distance,"29048.35",m,altitude,"15.200000000000045",m,speed,"2.976",m/s,unknown,"0",,unknown,"100",,heart_rate,"124",bpm,cadence,"0",rpm,fractional_cadence,"0.0",rpm,enhanced_altitude,"15.200000000000045",m,enhanced_speed,"2.976",m/s,,,,,,,,,,,,,,,,,,,,,,,,,,,,,,,,,,,,,,,,,,,,,,,,,,,,,,,,,,,,,,,,,,,,,,,,,,,,,,,,,,,,,,,,,,,,,,,,,,,,,,,,,,,,,,,,,,,,,,,,,,,,,,,,,,,,,,,,,,,,,,,,,,,,,,,,,,,,,,,,,,,
Data,12,record,timestamp,"944866260",s,position_lat,"390307467",semicircles,position_long,"-1398020722",semicircles,distance,"29075.4",m,altitude,"15.0",m,speed,"3.406",m/s,unknown,"0",,unknown,"100",,heart_rate,"123",bpm,cadence,"0",rpm,fractional_cadence,"0.0",rpm,enhanced_altitude,"15.0",m,enhanced_speed,"3.406",m/s,,,,,,,,,,,,,,,,,,,,,,,,,,,,,,,,,,,,,,,,,,,,,,,,,,,,,,,,,,,,,,,,,,,,,,,,,,,,,,,,,,,,,,,,,,,,,,,,,,,,,,,,,,,,,,,,,,,,,,,,,,,,,,,,,,,,,,,,,,,,,,,,,,,,,,,,,,,,,,,,,,,
Data,12,record,timestamp,"944866269",s,position_lat,"390310819",semicircles,position_long,"-1398020884",semicircles,distance,"29106.52",m,altitude,"15.0",m,speed,"2.958",m/s,unknown,"0",,unknown,"100",,heart_rate,"122",bpm,cadence,"0",rpm,fractional_cadence,"0.0",rpm,enhanced_altitude,"15.0",m,enhanced_speed,"2.958",m/s,,,,,,,,,,,,,,,,,,,,,,,,,,,,,,,,,,,,,,,,,,,,,,,,,,,,,,,,,,,,,,,,,,,,,,,,,,,,,,,,,,,,,,,,,,,,,,,,,,,,,,,,,,,,,,,,,,,,,,,,,,,,,,,,,,,,,,,,,,,,,,,,,,,,,,,,,,,,,,,,,,,
Data,12,record,timestamp,"944866277",s,position_lat,"390313457",semicircles,position_long,"-1398021152",semicircles,distance,"29131.13",m,altitude,"14.799999999999955",m,speed,"3.406",m/s,unknown,"0",,unknown,"100",,heart_rate,"125",bpm,cadence,"0",rpm,fractional_cadence,"0.0",rpm,enhanced_altitude,"14.799999999999955",m,enhanced_speed,"3.406",m/s,,,,,,,,,,,,,,,,,,,,,,,,,,,,,,,,,,,,,,,,,,,,,,,,,,,,,,,,,,,,,,,,,,,,,,,,,,,,,,,,,,,,,,,,,,,,,,,,,,,,,,,,,,,,,,,,,,,,,,,,,,,,,,,,,,,,,,,,,,,,,,,,,,,,,,,,,,,,,,,,,,,
Data,12,record,timestamp,"944866278",s,position_lat,"390313847",semicircles,position_long,"-1398021250",semicircles,distance,"29134.84",m,altitude,"14.799999999999955",m,speed,"3.564",m/s,unknown,"0",,unknown,"100",,heart_rate,"128",bpm,cadence,"0",rpm,fractional_cadence,"0.0",rpm,enhanced_altitude,"14.799999999999955",m,enhanced_speed,"3.564",m/s,,,,,,,,,,,,,,,,,,,,,,,,,,,,,,,,,,,,,,,,,,,,,,,,,,,,,,,,,,,,,,,,,,,,,,,,,,,,,,,,,,,,,,,,,,,,,,,,,,,,,,,,,,,,,,,,,,,,,,,,,,,,,,,,,,,,,,,,,,,,,,,,,,,,,,,,,,,,,,,,,,,
Data,12,record,timestamp,"944866279",s,position_lat,"390314223",semicircles,position_long,"-1398021318",semicircles,distance,"29138.38",m,altitude,"14.799999999999955",m,speed,"3.63",m/s,unknown,"0",,unknown,"100",,heart_rate,"128",bpm,cadence,"0",rpm,fractional_cadence,"0.0",rpm,enhanced_altitude,"14.799999999999955",m,enhanced_speed,"3.63",m/s,,,,,,,,,,,,,,,,,,,,,,,,,,,,,,,,,,,,,,,,,,,,,,,,,,,,,,,,,,,,,,,,,,,,,,,,,,,,,,,,,,,,,,,,,,,,,,,,,,,,,,,,,,,,,,,,,,,,,,,,,,,,,,,,,,,,,,,,,,,,,,,,,,,,,,,,,,,,,,,,,,,
Data,12,record,timestamp,"944866282",s,position_lat,"390315221",semicircles,position_long,"-1398021381",semicircles,distance,"29147.67",m,altitude,"14.799999999999955",m,speed,"3.079",m/s,unknown,"0",,unknown,"100",,heart_rate,"131",bpm,cadence,"0",rpm,fractional_cadence,"0.0",rpm,enhanced_altitude,"14.799999999999955",m,enhanced_speed,"3.079",m/s,,,,,,,,,,,,,,,,,,,,,,,,,,,,,,,,,,,,,,,,,,,,,,,,,,,,,,,,,,,,,,,,,,,,,,,,,,,,,,,,,,,,,,,,,,,,,,,,,,,,,,,,,,,,,,,,,,,,,,,,,,,,,,,,,,,,,,,,,,,,,,,,,,,,,,,,,,,,,,,,,,,
Data,12,record,timestamp,"944866283",s,position_lat,"390315537",semicircles,position_long,"-1398021413",semicircles,distance,"29150.63",m,altitude,"14.799999999999955",m,speed,"2.939",m/s,unknown,"0",,unknown,"100",,heart_rate,"133",bpm,cadence,"0",rpm,fractional_cadence,"0.0",rpm,enhanced_altitude,"14.799999999999955",m,enhanced_speed,"2.939",m/s,,,,,,,,,,,,,,,,,,,,,,,,,,,,,,,,,,,,,,,,,,,,,,,,,,,,,,,,,,,,,,,,,,,,,,,,,,,,,,,,,,,,,,,,,,,,,,,,,,,,,,,,,,,,,,,,,,,,,,,,,,,,,,,,,,,,,,,,,,,,,,,,,,,,,,,,,,,,,,,,,,,
Data,12,record,timestamp,"944866291",s,position_lat,"390318292",semicircles,position_long,"-1398021595",semicircles,distance,"29176.2",m,altitude,"14.799999999999955",m,speed,"3.35",m/s,unknown,"0",,unknown,"100",,heart_rate,"134",bpm,cadence,"0",rpm,fractional_cadence,"0.0",rpm,enhanced_altitude,"14.799999999999955",m,enhanced_speed,"3.35",m/s,,,,,,,,,,,,,,,,,,,,,,,,,,,,,,,,,,,,,,,,,,,,,,,,,,,,,,,,,,,,,,,,,,,,,,,,,,,,,,,,,,,,,,,,,,,,,,,,,,,,,,,,,,,,,,,,,,,,,,,,,,,,,,,,,,,,,,,,,,,,,,,,,,,,,,,,,,,,,,,,,,,
Data,12,record,timestamp,"944866296",s,position_lat,"390319831",semicircles,position_long,"-1398021694",semicircles,distance,"29190.49",m,altitude,"14.799999999999955",m,speed,"2.846",m/s,unknown,"0",,unknown,"100",,heart_rate,"137",bpm,cadence,"0",rpm,fractional_cadence,"0.0",rpm,enhanced_altitude,"14.799999999999955",m,enhanced_speed,"2.846",m/s,,,,,,,,,,,,,,,,,,,,,,,,,,,,,,,,,,,,,,,,,,,,,,,,,,,,,,,,,,,,,,,,,,,,,,,,,,,,,,,,,,,,,,,,,,,,,,,,,,,,,,,,,,,,,,,,,,,,,,,,,,,,,,,,,,,,,,,,,,,,,,,,,,,,,,,,,,,,,,,,,,,
Data,12,record,timestamp,"944866299",s,position_lat,"390320737",semicircles,position_long,"-1398021774",semicircles,distance,"29198.93",m,altitude,"14.799999999999955",m,speed,"2.781",m/s,unknown,"0",,unknown,"100",,heart_rate,"137",bpm,cadence,"0",rpm,fractional_cadence,"0.0",rpm,enhanced_altitude,"14.799999999999955",m,enhanced_speed,"2.781",m/s,,,,,,,,,,,,,,,,,,,,,,,,,,,,,,,,,,,,,,,,,,,,,,,,,,,,,,,,,,,,,,,,,,,,,,,,,,,,,,,,,,,,,,,,,,,,,,,,,,,,,,,,,,,,,,,,,,,,,,,,,,,,,,,,,,,,,,,,,,,,,,,,,,,,,,,,,,,,,,,,,,,
Data,12,record,timestamp,"944866307",s,position_lat,"390323346",semicircles,position_long,"-1398021965",semicircles,distance,"29223.22",m,altitude,"14.600000000000023",m,speed,"2.948",m/s,unknown,"0",,unknown,"100",,heart_rate,"134",bpm,cadence,"0",rpm,fractional_cadence,"0.0",rpm,enhanced_altitude,"14.600000000000023",m,enhanced_speed,"2.948",m/s,,,,,,,,,,,,,,,,,,,,,,,,,,,,,,,,,,,,,,,,,,,,,,,,,,,,,,,,,,,,,,,,,,,,,,,,,,,,,,,,,,,,,,,,,,,,,,,,,,,,,,,,,,,,,,,,,,,,,,,,,,,,,,,,,,,,,,,,,,,,,,,,,,,,,,,,,,,,,,,,,,,
Data,12,record,timestamp,"944866309",s,position_lat,"390324038",semicircles,position_long,"-1398021972",semicircles,distance,"29229.67",m,altitude,"14.600000000000023",m,speed,"3.014",m/s,unknown,"0",,unknown,"100",,heart_rate,"134",bpm,cadence,"0",rpm,fractional_cadence,"0.0",rpm,enhanced_altitude,"14.600000000000023",m,enhanced_speed,"3.014",m/s,,,,,,,,,,,,,,,,,,,,,,,,,,,,,,,,,,,,,,,,,,,,,,,,,,,,,,,,,,,,,,,,,,,,,,,,,,,,,,,,,,,,,,,,,,,,,,,,,,,,,,,,,,,,,,,,,,,,,,,,,,,,,,,,,,,,,,,,,,,,,,,,,,,,,,,,,,,,,,,,,,,
Data,12,record,timestamp,"944866317",s,position_lat,"390326537",semicircles,position_long,"-1398022210",semicircles,distance,"29252.95",m,altitude,"14.600000000000023",m,speed,"2.678",m/s,unknown,"0",,unknown,"100",,heart_rate,"131",bpm,cadence,"0",rpm,fractional_cadence,"0.0",rpm,enhanced_altitude,"14.600000000000023",m,enhanced_speed,"2.678",m/s,,,,,,,,,,,,,,,,,,,,,,,,,,,,,,,,,,,,,,,,,,,,,,,,,,,,,,,,,,,,,,,,,,,,,,,,,,,,,,,,,,,,,,,,,,,,,,,,,,,,,,,,,,,,,,,,,,,,,,,,,,,,,,,,,,,,,,,,,,,,,,,,,,,,,,,,,,,,,,,,,,,
Data,12,record,timestamp,"944866319",s,position_lat,"390327137",semicircles,position_long,"-1398022278",semicircles,distance,"29258.54",m,altitude,"14.600000000000023",m,speed,"2.809",m/s,unknown,"0",,unknown,"100",,heart_rate,"131",bpm,cadence,"0",rpm,fractional_cadence,"0.0",rpm,enhanced_altitude,"14.600000000000023",m,enhanced_speed,"2.809",m/s,,,,,,,,,,,,,,,,,,,,,,,,,,,,,,,,,,,,,,,,,,,,,,,,,,,,,,,,,,,,,,,,,,,,,,,,,,,,,,,,,,,,,,,,,,,,,,,,,,,,,,,,,,,,,,,,,,,,,,,,,,,,,,,,,,,,,,,,,,,,,,,,,,,,,,,,,,,,,,,,,,,
Data,12,record,timestamp,"944866327",s,position_lat,"390329671",semicircles,position_long,"-1398022571",semicircles,distance,"29282.21",m,altitude,"14.600000000000023",m,speed,"3.004",m/s,unknown,"0",,unknown,"100",,heart_rate,"131",bpm,cadence,"0",rpm,fractional_cadence,"0.0",rpm,enhanced_altitude,"14.600000000000023",m,enhanced_speed,"3.004",m/s,,,,,,,,,,,,,,,,,,,,,,,,,,,,,,,,,,,,,,,,,,,,,,,,,,,,,,,,,,,,,,,,,,,,,,,,,,,,,,,,,,,,,,,,,,,,,,,,,,,,,,,,,,,,,,,,,,,,,,,,,,,,,,,,,,,,,,,,,,,,,,,,,,,,,,,,,,,,,,,,,,,
Data,12,record,timestamp,"944866333",s,position_lat,"390331338",semicircles,position_long,"-1398022626",semicircles,distance,"29297.69",m,altitude,"14.600000000000023",m,speed,"2.529",m/s,unknown,"0",,unknown,"100",,heart_rate,"127",bpm,cadence,"0",rpm,fractional_cadence,"0.0",rpm,enhanced_altitude,"14.600000000000023",m,enhanced_speed,"2.529",m/s,,,,,,,,,,,,,,,,,,,,,,,,,,,,,,,,,,,,,,,,,,,,,,,,,,,,,,,,,,,,,,,,,,,,,,,,,,,,,,,,,,,,,,,,,,,,,,,,,,,,,,,,,,,,,,,,,,,,,,,,,,,,,,,,,,,,,,,,,,,,,,,,,,,,,,,,,,,,,,,,,,,
Data,12,record,timestamp,"944866336",s,position_lat,"390332124",semicircles,position_long,"-1398022613",semicircles,distance,"29304.98",m,altitude,"14.399999999999977",m,speed,"2.603",m/s,unknown,"0",,unknown,"100",,heart_rate,"128",bpm,cadence,"0",rpm,fractional_cadence,"0.0",rpm,enhanced_altitude,"14.399999999999977",m,enhanced_speed,"2.603",m/s,,,,,,,,,,,,,,,,,,,,,,,,,,,,,,,,,,,,,,,,,,,,,,,,,,,,,,,,,,,,,,,,,,,,,,,,,,,,,,,,,,,,,,,,,,,,,,,,,,,,,,,,,,,,,,,,,,,,,,,,,,,,,,,,,,,,,,,,,,,,,,,,,,,,,,,,,,,,,,,,,,,
Data,12,record,timestamp,"944866345",s,position_lat,"390334731",semicircles,position_long,"-1398022790",semicircles,distance,"29329.26",m,altitude,"14.399999999999977",m,speed,"2.781",m/s,unknown,"0",,unknown,"100",,heart_rate,"124",bpm,cadence,"0",rpm,fractional_cadence,"0.0",rpm,enhanced_altitude,"14.399999999999977",m,enhanced_speed,"2.781",m/s,,,,,,,,,,,,,,,,,,,,,,,,,,,,,,,,,,,,,,,,,,,,,,,,,,,,,,,,,,,,,,,,,,,,,,,,,,,,,,,,,,,,,,,,,,,,,,,,,,,,,,,,,,,,,,,,,,,,,,,,,,,,,,,,,,,,,,,,,,,,,,,,,,,,,,,,,,,,,,,,,,,
Data,12,record,timestamp,"944866356",s,position_lat,"390338320",semicircles,position_long,"-1398023170",semicircles,distance,"29362.8",m,altitude,"14.399999999999977",m,speed,"2.809",m/s,unknown,"0",,unknown,"100",,heart_rate,"124",bpm,cadence,"0",rpm,fractional_cadence,"0.0",rpm,enhanced_altitude,"14.399999999999977",m,enhanced_speed,"2.809",m/s,,,,,,,,,,,,,,,,,,,,,,,,,,,,,,,,,,,,,,,,,,,,,,,,,,,,,,,,,,,,,,,,,,,,,,,,,,,,,,,,,,,,,,,,,,,,,,,,,,,,,,,,,,,,,,,,,,,,,,,,,,,,,,,,,,,,,,,,,,,,,,,,,,,,,,,,,,,,,,,,,,,
Data,12,record,timestamp,"944866360",s,position_lat,"390339520",semicircles,position_long,"-1398023039",semicircles,distance,"29373.92",m,altitude,"14.399999999999977",m,speed,"2.827",m/s,unknown,"0",,unknown,"100",,heart_rate,"121",bpm,cadence,"0",rpm,fractional_cadence,"0.0",rpm,enhanced_altitude,"14.399999999999977",m,enhanced_speed,"2.827",m/s,,,,,,,,,,,,,,,,,,,,,,,,,,,,,,,,,,,,,,,,,,,,,,,,,,,,,,,,,,,,,,,,,,,,,,,,,,,,,,,,,,,,,,,,,,,,,,,,,,,,,,,,,,,,,,,,,,,,,,,,,,,,,,,,,,,,,,,,,,,,,,,,,,,,,,,,,,,,,,,,,,,
Data,12,record,timestamp,"944866366",s,position_lat,"390341394",semicircles,position_long,"-1398023295",semicircles,distance,"29391.49",m,altitude,"14.399999999999977",m,speed,"2.865",m/s,unknown,"0",,unknown,"100",,heart_rate,"122",bpm,cadence,"0",rpm,fractional_cadence,"0.0",rpm,enhanced_altitude,"14.399999999999977",m,enhanced_speed,"2.865",m/s,,,,,,,,,,,,,,,,,,,,,,,,,,,,,,,,,,,,,,,,,,,,,,,,,,,,,,,,,,,,,,,,,,,,,,,,,,,,,,,,,,,,,,,,,,,,,,,,,,,,,,,,,,,,,,,,,,,,,,,,,,,,,,,,,,,,,,,,,,,,,,,,,,,,,,,,,,,,,,,,,,,
Data,12,record,timestamp,"944866376",s,position_lat,"390344788",semicircles,position_long,"-1398023586",semicircles,distance,"29423.21",m,altitude,"14.399999999999977",m,speed,"3.051",m/s,unknown,"0",,unknown,"100",,heart_rate,"123",bpm,cadence,"0",rpm,fractional_cadence,"0.0",rpm,enhanced_altitude,"14.399999999999977",m,enhanced_speed,"3.051",m/s,,,,,,,,,,,,,,,,,,,,,,,,,,,,,,,,,,,,,,,,,,,,,,,,,,,,,,,,,,,,,,,,,,,,,,,,,,,,,,,,,,,,,,,,,,,,,,,,,,,,,,,,,,,,,,,,,,,,,,,,,,,,,,,,,,,,,,,,,,,,,,,,,,,,,,,,,,,,,,,,,,,
Data,12,record,timestamp,"944866381",s,position_lat,"390346515",semicircles,position_long,"-1398023914",semicircles,distance,"29439.45",m,altitude,"14.399999999999977",m,speed,"3.406",m/s,unknown,"0",,unknown,"100",,heart_rate,"120",bpm,cadence,"0",rpm,fractional_cadence,"0.0",rpm,enhanced_altitude,"14.399999999999977",m,enhanced_speed,"3.406",m/s,,,,,,,,,,,,,,,,,,,,,,,,,,,,,,,,,,,,,,,,,,,,,,,,,,,,,,,,,,,,,,,,,,,,,,,,,,,,,,,,,,,,,,,,,,,,,,,,,,,,,,,,,,,,,,,,,,,,,,,,,,,,,,,,,,,,,,,,,,,,,,,,,,,,,,,,,,,,,,,,,,,
Data,12,record,timestamp,"944866382",s,position_lat,"390346873",semicircles,position_long,"-1398023983",semicircles,distance,"29442.83",m,altitude,"14.399999999999977",m,speed,"3.378",m/s,unknown,"0",,unknown,"100",,heart_rate,"120",bpm,cadence,"0",rpm,fractional_cadence,"0.0",rpm,enhanced_altitude,"14.399999999999977",m,enhanced_speed,"3.378",m/s,,,,,,,,,,,,,,,,,,,,,,,,,,,,,,,,,,,,,,,,,,,,,,,,,,,,,,,,,,,,,,,,,,,,,,,,,,,,,,,,,,,,,,,,,,,,,,,,,,,,,,,,,,,,,,,,,,,,,,,,,,,,,,,,,,,,,,,,,,,,,,,,,,,,,,,,,,,,,,,,,,,
Data,12,record,timestamp,"944866390",s,position_lat,"390349409",semicircles,position_long,"-1398024358",semicircles,distance,"29466.56",m,altitude,"14.200000000000045",m,speed,"3.079",m/s,unknown,"0",,unknown,"100",,heart_rate,"118",bpm,cadence,"0",rpm,fractional_cadence,"0.0",rpm,enhanced_altitude,"14.200000000000045",m,enhanced_speed,"3.079",m/s,,,,,,,,,,,,,,,,,,,,,,,,,,,,,,,,,,,,,,,,,,,,,,,,,,,,,,,,,,,,,,,,,,,,,,,,,,,,,,,,,,,,,,,,,,,,,,,,,,,,,,,,,,,,,,,,,,,,,,,,,,,,,,,,,,,,,,,,,,,,,,,,,,,,,,,,,,,,,,,,,,,
Data,12,record,timestamp,"944866391",s,position_lat,"390349743",semicircles,position_long,"-1398024443",semicircles,distance,"29469.74",m,altitude,"14.200000000000045",m,speed,"2.958",m/s,unknown,"0",,unknown,"100",,heart_rate,"121",bpm,cadence,"0",rpm,fractional_cadence,"0.0",rpm,enhanced_altitude,"14.200000000000045",m,enhanced_speed,"2.958",m/s,,,,,,,,,,,,,,,,,,,,,,,,,,,,,,,,,,,,,,,,,,,,,,,,,,,,,,,,,,,,,,,,,,,,,,,,,,,,,,,,,,,,,,,,,,,,,,,,,,,,,,,,,,,,,,,,,,,,,,,,,,,,,,,,,,,,,,,,,,,,,,,,,,,,,,,,,,,,,,,,,,,
Data,12,record,timestamp,"944866394",s,position_lat,"390350552",semicircles,position_long,"-1398024505",semicircles,distance,"29477.28",m,altitude,"14.200000000000045",m,speed,"2.921",m/s,unknown,"0",,unknown,"100",,heart_rate,"118",bpm,cadence,"0",rpm,fractional_cadence,"0.0",rpm,enhanced_altitude,"14.200000000000045",m,enhanced_speed,"2.921",m/s,,,,,,,,,,,,,,,,,,,,,,,,,,,,,,,,,,,,,,,,,,,,,,,,,,,,,,,,,,,,,,,,,,,,,,,,,,,,,,,,,,,,,,,,,,,,,,,,,,,,,,,,,,,,,,,,,,,,,,,,,,,,,,,,,,,,,,,,,,,,,,,,,,,,,,,,,,,,,,,,,,,
Data,12,record,timestamp,"944866399",s,position_lat,"390352139",semicircles,position_long,"-1398024721",semicircles,distance,"29492.14",m,altitude,"14.200000000000045",m,speed,"3.014",m/s,unknown,"0",,unknown,"100",,heart_rate,"117",bpm,cadence,"0",rpm,fractional_cadence,"0.0",rpm,enhanced_altitude,"14.200000000000045",m,enhanced_speed,"3.014",m/s,,,,,,,,,,,,,,,,,,,,,,,,,,,,,,,,,,,,,,,,,,,,,,,,,,,,,,,,,,,,,,,,,,,,,,,,,,,,,,,,,,,,,,,,,,,,,,,,,,,,,,,,,,,,,,,,,,,,,,,,,,,,,,,,,,,,,,,,,,,,,,,,,,,,,,,,,,,,,,,,,,,
Data,12,record,timestamp,"944866401",s,position_lat,"390352728",semicircles,position_long,"-1398024676",semicircles,distance,"29497.62",m,altitude,"14.200000000000045",m,speed,"3.023",m/s,unknown,"0",,unknown,"100",,heart_rate,"120",bpm,cadence,"0",rpm,fractional_cadence,"0.0",rpm,enhanced_altitude,"14.200000000000045",m,enhanced_speed,"3.023",m/s,,,,,,,,,,,,,,,,,,,,,,,,,,,,,,,,,,,,,,,,,,,,,,,,,,,,,,,,,,,,,,,,,,,,,,,,,,,,,,,,,,,,,,,,,,,,,,,,,,,,,,,,,,,,,,,,,,,,,,,,,,,,,,,,,,,,,,,,,,,,,,,,,,,,,,,,,,,,,,,,,,,
Data,12,record,timestamp,"944866406",s,position_lat,"390354034",semicircles,position_long,"-1398024509",semicircles,distance,"29509.8",m,altitude,"14.399999999999977",m,speed,"2.407",m/s,unknown,"0",,unknown,"100",,heart_rate,"118",bpm,cadence,"0",rpm,fractional_cadence,"0.0",rpm,enhanced_altitude,"14.399999999999977",m,enhanced_speed,"2.407",m/s,,,,,,,,,,,,,,,,,,,,,,,,,,,,,,,,,,,,,,,,,,,,,,,,,,,,,,,,,,,,,,,,,,,,,,,,,,,,,,,,,,,,,,,,,,,,,,,,,,,,,,,,,,,,,,,,,,,,,,,,,,,,,,,,,,,,,,,,,,,,,,,,,,,,,,,,,,,,,,,,,,,
Data,12,record,timestamp,"944866412",s,position_lat,"390356294",semicircles,position_long,"-1398024771",semicircles,distance,"29530.9",m,altitude,"14.200000000000045",m,speed,"2.976",m/s,unknown,"0",,unknown,"100",,heart_rate,"117",bpm,cadence,"0",rpm,fractional_cadence,"0.0",rpm,enhanced_altitude,"14.200000000000045",m,enhanced_speed,"2.976",m/s,,,,,,,,,,,,,,,,,,,,,,,,,,,,,,,,,,,,,,,,,,,,,,,,,,,,,,,,,,,,,,,,,,,,,,,,,,,,,,,,,,,,,,,,,,,,,,,,,,,,,,,,,,,,,,,,,,,,,,,,,,,,,,,,,,,,,,,,,,,,,,,,,,,,,,,,,,,,,,,,,,,
Data,12,record,timestamp,"944866417",s,position_lat,"390357922",semicircles,position_long,"-1398024971",semicircles,distance,"29546.11",m,altitude,"13.799999999999955",m,speed,"2.986",m/s,unknown,"0",,unknown,"100",,heart_rate,"120",bpm,cadence,"0",rpm,fractional_cadence,"0.0",rpm,enhanced_altitude,"13.799999999999955",m,enhanced_speed,"2.986",m/s,,,,,,,,,,,,,,,,,,,,,,,,,,,,,,,,,,,,,,,,,,,,,,,,,,,,,,,,,,,,,,,,,,,,,,,,,,,,,,,,,,,,,,,,,,,,,,,,,,,,,,,,,,,,,,,,,,,,,,,,,,,,,,,,,,,,,,,,,,,,,,,,,,,,,,,,,,,,,,,,,,,
Data,12,record,timestamp,"944866419",s,position_lat,"390358591",semicircles,position_long,"-1398025026",semicircles,distance,"29552.34",m,altitude,"13.799999999999955",m,speed,"2.939",m/s,unknown,"0",,unknown,"100",,heart_rate,"124",bpm,cadence,"0",rpm,fractional_cadence,"0.0",rpm,enhanced_altitude,"13.799999999999955",m,enhanced_speed,"2.939",m/s,,,,,,,,,,,,,,,,,,,,,,,,,,,,,,,,,,,,,,,,,,,,,,,,,,,,,,,,,,,,,,,,,,,,,,,,,,,,,,,,,,,,,,,,,,,,,,,,,,,,,,,,,,,,,,,,,,,,,,,,,,,,,,,,,,,,,,,,,,,,,,,,,,,,,,,,,,,,,,,,,,,
Data,12,record,timestamp,"944866421",s,position_lat,"390359212",semicircles,position_long,"-1398025086",semicircles,distance,"29558.13",m,altitude,"13.799999999999955",m,speed,"3.023",m/s,unknown,"0",,unknown,"100",,heart_rate,"126",bpm,cadence,"0",rpm,fractional_cadence,"0.0",rpm,enhanced_altitude,"13.799999999999955",m,enhanced_speed,"3.023",m/s,,,,,,,,,,,,,,,,,,,,,,,,,,,,,,,,,,,,,,,,,,,,,,,,,,,,,,,,,,,,,,,,,,,,,,,,,,,,,,,,,,,,,,,,,,,,,,,,,,,,,,,,,,,,,,,,,,,,,,,,,,,,,,,,,,,,,,,,,,,,,,,,,,,,,,,,,,,,,,,,,,,
Data,12,record,timestamp,"944866423",s,position_lat,"390359841",semicircles,position_long,"-1398025107",semicircles,distance,"29563.97",m,altitude,"13.799999999999955",m,speed,"2.902",m/s,unknown,"0",,unknown,"100",,heart_rate,"130",bpm,cadence,"0",rpm,fractional_cadence,"0.0",rpm,enhanced_altitude,"13.799999999999955",m,enhanced_speed,"2.902",m/s,,,,,,,,,,,,,,,,,,,,,,,,,,,,,,,,,,,,,,,,,,,,,,,,,,,,,,,,,,,,,,,,,,,,,,,,,,,,,,,,,,,,,,,,,,,,,,,,,,,,,,,,,,,,,,,,,,,,,,,,,,,,,,,,,,,,,,,,,,,,,,,,,,,,,,,,,,,,,,,,,,,
Data,12,record,timestamp,"944866431",s,position_lat,"390362319",semicircles,position_long,"-1398025187",semicircles,distance,"29586.98",m,altitude,"14.200000000000045",m,speed,"2.753",m/s,unknown,"0",,unknown,"100",,heart_rate,"132",bpm,cadence,"0",rpm,fractional_cadence,"0.0",rpm,enhanced_altitude,"14.200000000000045",m,enhanced_speed,"2.753",m/s,,,,,,,,,,,,,,,,,,,,,,,,,,,,,,,,,,,,,,,,,,,,,,,,,,,,,,,,,,,,,,,,,,,,,,,,,,,,,,,,,,,,,,,,,,,,,,,,,,,,,,,,,,,,,,,,,,,,,,,,,,,,,,,,,,,,,,,,,,,,,,,,,,,,,,,,,,,,,,,,,,,
Data,12,record,timestamp,"944866435",s,position_lat,"390363456",semicircles,position_long,"-1398025328",semicircles,distance,"29597.6",m,altitude,"14.399999999999977",m,speed,"2.893",m/s,unknown,"0",,unknown,"100",,heart_rate,"135",bpm,cadence,"0",rpm,fractional_cadence,"0.0",rpm,enhanced_altitude,"14.399999999999977",m,enhanced_speed,"2.893",m/s,,,,,,,,,,,,,,,,,,,,,,,,,,,,,,,,,,,,,,,,,,,,,,,,,,,,,,,,,,,,,,,,,,,,,,,,,,,,,,,,,,,,,,,,,,,,,,,,,,,,,,,,,,,,,,,,,,,,,,,,,,,,,,,,,,,,,,,,,,,,,,,,,,,,,,,,,,,,,,,,,,,
Data,12,record,timestamp,"944866439",s,position_lat,"390364847",semicircles,position_long,"-1398025591",semicircles,distance,"29610.66",m,altitude,"14.600000000000023",m,speed,"2.678",m/s,unknown,"0",,unknown,"100",,heart_rate,"133",bpm,cadence,"0",rpm,fractional_cadence,"0.0",rpm,enhanced_altitude,"14.600000000000023",m,enhanced_speed,"2.678",m/s,,,,,,,,,,,,,,,,,,,,,,,,,,,,,,,,,,,,,,,,,,,,,,,,,,,,,,,,,,,,,,,,,,,,,,,,,,,,,,,,,,,,,,,,,,,,,,,,,,,,,,,,,,,,,,,,,,,,,,,,,,,,,,,,,,,,,,,,,,,,,,,,,,,,,,,,,,,,,,,,,,,
Data,12,record,timestamp,"944866440",s,position_lat,"390365121",semicircles,position_long,"-1398025691",semicircles,distance,"29613.32",m,altitude,"14.600000000000023",m,speed,"2.687",m/s,unknown,"0",,unknown,"100",,heart_rate,"136",bpm,cadence,"0",rpm,fractional_cadence,"0.0",rpm,enhanced_altitude,"14.600000000000023",m,enhanced_speed,"2.687",m/s,,,,,,,,,,,,,,,,,,,,,,,,,,,,,,,,,,,,,,,,,,,,,,,,,,,,,,,,,,,,,,,,,,,,,,,,,,,,,,,,,,,,,,,,,,,,,,,,,,,,,,,,,,,,,,,,,,,,,,,,,,,,,,,,,,,,,,,,,,,,,,,,,,,,,,,,,,,,,,,,,,,
Data,12,record,timestamp,"944866446",s,position_lat,"390366643",semicircles,position_long,"-1398026333",semicircles,distance,"29628.34",m,altitude,"14.600000000000023",m,speed,"2.473",m/s,unknown,"0",,unknown,"100",,heart_rate,"133",bpm,cadence,"0",rpm,fractional_cadence,"0.0",rpm,enhanced_altitude,"14.600000000000023",m,enhanced_speed,"2.473",m/s,,,,,,,,,,,,,,,,,,,,,,,,,,,,,,,,,,,,,,,,,,,,,,,,,,,,,,,,,,,,,,,,,,,,,,,,,,,,,,,,,,,,,,,,,,,,,,,,,,,,,,,,,,,,,,,,,,,,,,,,,,,,,,,,,,,,,,,,,,,,,,,,,,,,,,,,,,,,,,,,,,,
Data,12,record,timestamp,"944866447",s,position_lat,"390366883",semicircles,position_long,"-1398026457",semicircles,distance,"29630.76",m,altitude,"14.600000000000023",m,speed,"2.445",m/s,unknown,"0",,unknown,"100",,heart_rate,"136",bpm,cadence,"0",rpm,fractional_cadence,"0.0",rpm,enhanced_altitude,"14.600000000000023",m,enhanced_speed,"2.445",m/s,,,,,,,,,,,,,,,,,,,,,,,,,,,,,,,,,,,,,,,,,,,,,,,,,,,,,,,,,,,,,,,,,,,,,,,,,,,,,,,,,,,,,,,,,,,,,,,,,,,,,,,,,,,,,,,,,,,,,,,,,,,,,,,,,,,,,,,,,,,,,,,,,,,,,,,,,,,,,,,,,,,
Data,12,record,timestamp,"944866449",s,position_lat,"390367400",semicircles,position_long,"-1398026726",semicircles,distance,"29636.01",m,altitude,"14.600000000000023",m,speed,"2.473",m/s,unknown,"0",,unknown,"100",,heart_rate,"135",bpm,cadence,"0",rpm,fractional_cadence,"0.0",rpm,enhanced_altitude,"14.600000000000023",m,enhanced_speed,"2.473",m/s,,,,,,,,,,,,,,,,,,,,,,,,,,,,,,,,,,,,,,,,,,,,,,,,,,,,,,,,,,,,,,,,,,,,,,,,,,,,,,,,,,,,,,,,,,,,,,,,,,,,,,,,,,,,,,,,,,,,,,,,,,,,,,,,,,,,,,,,,,,,,,,,,,,,,,,,,,,,,,,,,,,
Data,12,record,timestamp,"944866457",s,position_lat,"390369462",semicircles,position_long,"-1398027939",semicircles,distance,"29657.39",m,altitude,"14.600000000000023",m,speed,"2.809",m/s,unknown,"0",,unknown,"100",,heart_rate,"134",bpm,cadence,"0",rpm,fractional_cadence,"0.0",rpm,enhanced_altitude,"14.600000000000023",m,enhanced_speed,"2.809",m/s,,,,,,,,,,,,,,,,,,,,,,,,,,,,,,,,,,,,,,,,,,,,,,,,,,,,,,,,,,,,,,,,,,,,,,,,,,,,,,,,,,,,,,,,,,,,,,,,,,,,,,,,,,,,,,,,,,,,,,,,,,,,,,,,,,,,,,,,,,,,,,,,,,,,,,,,,,,,,,,,,,,
Data,12,record,timestamp,"944866467",s,position_lat,"390371833",semicircles,position_long,"-1398029100",semicircles,distance,"29681.23",m,altitude,"14.399999999999977",m,speed,"2.566",m/s,unknown,"0",,unknown,"300",,heart_rate,"132",bpm,cadence,"0",rpm,fractional_cadence,"0.0",rpm,enhanced_altitude,"14.399999999999977",m,enhanced_speed,"2.566",m/s,,,,,,,,,,,,,,,,,,,,,,,,,,,,,,,,,,,,,,,,,,,,,,,,,,,,,,,,,,,,,,,,,,,,,,,,,,,,,,,,,,,,,,,,,,,,,,,,,,,,,,,,,,,,,,,,,,,,,,,,,,,,,,,,,,,,,,,,,,,,,,,,,,,,,,,,,,,,,,,,,,,
Data,12,record,timestamp,"944866472",s,position_lat,"390372995",semicircles,position_long,"-1398029657",semicircles,distance,"29692.9",m,altitude,"14.399999999999977",m,speed,"2.762",m/s,unknown,"0",,unknown,"100",,heart_rate,"128",bpm,cadence,"0",rpm,fractional_cadence,"0.0",rpm,enhanced_altitude,"14.399999999999977",m,enhanced_speed,"2.762",m/s,,,,,,,,,,,,,,,,,,,,,,,,,,,,,,,,,,,,,,,,,,,,,,,,,,,,,,,,,,,,,,,,,,,,,,,,,,,,,,,,,,,,,,,,,,,,,,,,,,,,,,,,,,,,,,,,,,,,,,,,,,,,,,,,,,,,,,,,,,,,,,,,,,,,,,,,,,,,,,,,,,,
Data,12,record,timestamp,"944866477",s,position_lat,"390374450",semicircles,position_long,"-1398030519",semicircles,distance,"29708.03",m,altitude,"14.399999999999977",m,speed,"2.827",m/s,unknown,"0",,unknown,"100",,heart_rate,"130",bpm,cadence,"0",rpm,fractional_cadence,"0.0",rpm,enhanced_altitude,"14.399999999999977",m,enhanced_speed,"2.827",m/s,,,,,,,,,,,,,,,,,,,,,,,,,,,,,,,,,,,,,,,,,,,,,,,,,,,,,,,,,,,,,,,,,,,,,,,,,,,,,,,,,,,,,,,,,,,,,,,,,,,,,,,,,,,,,,,,,,,,,,,,,,,,,,,,,,,,,,,,,,,,,,,,,,,,,,,,,,,,,,,,,,,
Data,12,record,timestamp,"944866480",s,position_lat,"390375398",semicircles,position_long,"-1398031258",semicircles,distance,"29718.53",m,altitude,"14.399999999999977",m,speed,"2.948",m/s,unknown,"0",,unknown,"100",,heart_rate,"127",bpm,cadence,"0",rpm,fractional_cadence,"0.0",rpm,enhanced_altitude,"14.399999999999977",m,enhanced_speed,"2.948",m/s,,,,,,,,,,,,,,,,,,,,,,,,,,,,,,,,,,,,,,,,,,,,,,,,,,,,,,,,,,,,,,,,,,,,,,,,,,,,,,,,,,,,,,,,,,,,,,,,,,,,,,,,,,,,,,,,,,,,,,,,,,,,,,,,,,,,,,,,,,,,,,,,,,,,,,,,,,,,,,,,,,,
Data,12,record,timestamp,"944866485",s,position_lat,"390376870",semicircles,position_long,"-1398032202",semicircles,distance,"29734.1",m,altitude,"14.399999999999977",m,speed,"2.781",m/s,unknown,"0",,unknown,"100",,heart_rate,"126",bpm,cadence,"0",rpm,fractional_cadence,"0.0",rpm,enhanced_altitude,"14.399999999999977",m,enhanced_speed,"2.781",m/s,,,,,,,,,,,,,,,,,,,,,,,,,,,,,,,,,,,,,,,,,,,,,,,,,,,,,,,,,,,,,,,,,,,,,,,,,,,,,,,,,,,,,,,,,,,,,,,,,,,,,,,,,,,,,,,,,,,,,,,,,,,,,,,,,,,,,,,,,,,,,,,,,,,,,,,,,,,,,,,,,,,
Data,12,record,timestamp,"944866494",s,position_lat,"390379054",semicircles,position_long,"-1398033617",semicircles,distance,"29757.27",m,altitude,"14.200000000000045",m,speed,"2.622",m/s,unknown,"0",,unknown,"100",,heart_rate,"126",bpm,cadence,"0",rpm,fractional_cadence,"0.0",rpm,enhanced_altitude,"14.200000000000045",m,enhanced_speed,"2.622",m/s,,,,,,,,,,,,,,,,,,,,,,,,,,,,,,,,,,,,,,,,,,,,,,,,,,,,,,,,,,,,,,,,,,,,,,,,,,,,,,,,,,,,,,,,,,,,,,,,,,,,,,,,,,,,,,,,,,,,,,,,,,,,,,,,,,,,,,,,,,,,,,,,,,,,,,,,,,,,,,,,,,,
Data,12,record,timestamp,"944866501",s,position_lat,"390380690",semicircles,position_long,"-1398034731",semicircles,distance,"29774.79",m,altitude,"14.0",m,speed,"2.557",m/s,unknown,"0",,unknown,"100",,heart_rate,"123",bpm,cadence,"0",rpm,fractional_cadence,"0.0",rpm,enhanced_altitude,"14.0",m,enhanced_speed,"2.557",m/s,,,,,,,,,,,,,,,,,,,,,,,,,,,,,,,,,,,,,,,,,,,,,,,,,,,,,,,,,,,,,,,,,,,,,,,,,,,,,,,,,,,,,,,,,,,,,,,,,,,,,,,,,,,,,,,,,,,,,,,,,,,,,,,,,,,,,,,,,,,,,,,,,,,,,,,,,,,,,,,,,,,
Data,12,record,timestamp,"944866502",s,position_lat,"390380899",semicircles,position_long,"-1398034827",semicircles,distance,"29776.87",m,altitude,"14.0",m,speed,"2.277",m/s,unknown,"0",,unknown,"100",,heart_rate,"124",bpm,cadence,"0",rpm,fractional_cadence,"0.0",rpm,enhanced_altitude,"14.0",m,enhanced_speed,"2.277",m/s,,,,,,,,,,,,,,,,,,,,,,,,,,,,,,,,,,,,,,,,,,,,,,,,,,,,,,,,,,,,,,,,,,,,,,,,,,,,,,,,,,,,,,,,,,,,,,,,,,,,,,,,,,,,,,,,,,,,,,,,,,,,,,,,,,,,,,,,,,,,,,,,,,,,,,,,,,,,,,,,,,,
Data,12,record,timestamp,"944866510",s,position_lat,"390382653",semicircles,position_long,"-1398035744",semicircles,distance,"29794.7",m,altitude,"14.0",m,speed,"2.043",m/s,unknown,"0",,unknown,"300",,heart_rate,"121",bpm,cadence,"0",rpm,fractional_cadence,"0.0",rpm,enhanced_altitude,"14.0",m,enhanced_speed,"2.043",m/s,,,,,,,,,,,,,,,,,,,,,,,,,,,,,,,,,,,,,,,,,,,,,,,,,,,,,,,,,,,,,,,,,,,,,,,,,,,,,,,,,,,,,,,,,,,,,,,,,,,,,,,,,,,,,,,,,,,,,,,,,,,,,,,,,,,,,,,,,,,,,,,,,,,,,,,,,,,,,,,,,,,
Data,12,record,timestamp,"944866512",s,position_lat,"390383153",semicircles,position_long,"-1398035946",semicircles,distance,"29799.61",m,altitude,"14.0",m,speed,"1.978",m/s,unknown,"0",,unknown,"100",,heart_rate,"119",bpm,cadence,"0",rpm,fractional_cadence,"0.0",rpm,enhanced_altitude,"14.0",m,enhanced_speed,"1.978",m/s,,,,,,,,,,,,,,,,,,,,,,,,,,,,,,,,,,,,,,,,,,,,,,,,,,,,,,,,,,,,,,,,,,,,,,,,,,,,,,,,,,,,,,,,,,,,,,,,,,,,,,,,,,,,,,,,,,,,,,,,,,,,,,,,,,,,,,,,,,,,,,,,,,,,,,,,,,,,,,,,,,,
Data,12,record,timestamp,"944866517",s,position_lat,"390384282",semicircles,position_long,"-1398035726",semicircles,distance,"29810.47",m,altitude,"13.799999999999955",m,speed,"2.445",m/s,unknown,"0",,unknown,"100",,heart_rate,"122",bpm,cadence,"0",rpm,fractional_cadence,"0.0",rpm,enhanced_altitude,"13.799999999999955",m,enhanced_speed,"2.445",m/s,,,,,,,,,,,,,,,,,,,,,,,,,,,,,,,,,,,,,,,,,,,,,,,,,,,,,,,,,,,,,,,,,,,,,,,,,,,,,,,,,,,,,,,,,,,,,,,,,,,,,,,,,,,,,,,,,,,,,,,,,,,,,,,,,,,,,,,,,,,,,,,,,,,,,,,,,,,,,,,,,,,
Data,12,record,timestamp,"944866518",s,position_lat,"390384552",semicircles,position_long,"-1398035618",semicircles,distance,"29813.12",m,altitude,"13.799999999999955",m,speed,"2.491",m/s,unknown,"0",,unknown,"100",,heart_rate,"120",bpm,cadence,"0",rpm,fractional_cadence,"0.0",rpm,enhanced_altitude,"13.799999999999955",m,enhanced_speed,"2.491",m/s,,,,,,,,,,,,,,,,,,,,,,,,,,,,,,,,,,,,,,,,,,,,,,,,,,,,,,,,,,,,,,,,,,,,,,,,,,,,,,,,,,,,,,,,,,,,,,,,,,,,,,,,,,,,,,,,,,,,,,,,,,,,,,,,,,,,,,,,,,,,,,,,,,,,,,,,,,,,,,,,,,,
Data,12,record,timestamp,"944866524",s,position_lat,"390386100",semicircles,position_long,"-1398035123",semicircles,distance,"29828.01",m,altitude,"14.0",m,speed,"2.211",m/s,unknown,"0",,unknown,"100",,heart_rate,"121",bpm,cadence,"0",rpm,fractional_cadence,"0.0",rpm,enhanced_altitude,"14.0",m,enhanced_speed,"2.211",m/s,,,,,,,,,,,,,,,,,,,,,,,,,,,,,,,,,,,,,,,,,,,,,,,,,,,,,,,,,,,,,,,,,,,,,,,,,,,,,,,,,,,,,,,,,,,,,,,,,,,,,,,,,,,,,,,,,,,,,,,,,,,,,,,,,,,,,,,,,,,,,,,,,,,,,,,,,,,,,,,,,,,
Data,12,record,timestamp,"944866528",s,position_lat,"390387351",semicircles,position_long,"-1398034985",semicircles,distance,"29839.68",m,altitude,"14.200000000000045",m,speed,"2.725",m/s,unknown,"0",,unknown,"300",,heart_rate,"118",bpm,cadence,"0",rpm,fractional_cadence,"0.0",rpm,enhanced_altitude,"14.200000000000045",m,enhanced_speed,"2.725",m/s,,,,,,,,,,,,,,,,,,,,,,,,,,,,,,,,,,,,,,,,,,,,,,,,,,,,,,,,,,,,,,,,,,,,,,,,,,,,,,,,,,,,,,,,,,,,,,,,,,,,,,,,,,,,,,,,,,,,,,,,,,,,,,,,,,,,,,,,,,,,,,,,,,,,,,,,,,,,,,,,,,,
Data,12,record,timestamp,"944866530",s,position_lat,"390388040",semicircles,position_long,"-1398034999",semicircles,distance,"29846.08",m,altitude,"14.399999999999977",m,speed,"2.995",m/s,unknown,"0",,unknown,"300",,heart_rate,"118",bpm,cadence,"0",rpm,fractional_cadence,"0.0",rpm,enhanced_altitude,"14.399999999999977",m,enhanced_speed,"2.995",m/s,,,,,,,,,,,,,,,,,,,,,,,,,,,,,,,,,,,,,,,,,,,,,,,,,,,,,,,,,,,,,,,,,,,,,,,,,,,,,,,,,,,,,,,,,,,,,,,,,,,,,,,,,,,,,,,,,,,,,,,,,,,,,,,,,,,,,,,,,,,,,,,,,,,,,,,,,,,,,,,,,,,
Data,12,record,timestamp,"944866535",s,position_lat,"390389680",semicircles,position_long,"-1398035053",semicircles,distance,"29861.31",m,altitude,"14.799999999999955",m,speed,"3.275",m/s,unknown,"0",,unknown,"100",,heart_rate,"121",bpm,cadence,"0",rpm,fractional_cadence,"0.0",rpm,enhanced_altitude,"14.799999999999955",m,enhanced_speed,"3.275",m/s,,,,,,,,,,,,,,,,,,,,,,,,,,,,,,,,,,,,,,,,,,,,,,,,,,,,,,,,,,,,,,,,,,,,,,,,,,,,,,,,,,,,,,,,,,,,,,,,,,,,,,,,,,,,,,,,,,,,,,,,,,,,,,,,,,,,,,,,,,,,,,,,,,,,,,,,,,,,,,,,,,,
Data,12,record,timestamp,"944866538",s,position_lat,"390390597",semicircles,position_long,"-1398035093",semicircles,distance,"29869.83",m,altitude,"15.0",m,speed,"2.613",m/s,unknown,"0",,unknown,"100",,heart_rate,"124",bpm,cadence,"0",rpm,fractional_cadence,"0.0",rpm,enhanced_altitude,"15.0",m,enhanced_speed,"2.613",m/s,,,,,,,,,,,,,,,,,,,,,,,,,,,,,,,,,,,,,,,,,,,,,,,,,,,,,,,,,,,,,,,,,,,,,,,,,,,,,,,,,,,,,,,,,,,,,,,,,,,,,,,,,,,,,,,,,,,,,,,,,,,,,,,,,,,,,,,,,,,,,,,,,,,,,,,,,,,,,,,,,,,
Data,12,record,timestamp,"944866539",s,position_lat,"390390869",semicircles,position_long,"-1398035139",semicircles,distance,"29872.32",m,altitude,"15.0",m,speed,"2.79",m/s,unknown,"0",,unknown,"100",,heart_rate,"124",bpm,cadence,"0",rpm,fractional_cadence,"0.0",rpm,enhanced_altitude,"15.0",m,enhanced_speed,"2.79",m/s,,,,,,,,,,,,,,,,,,,,,,,,,,,,,,,,,,,,,,,,,,,,,,,,,,,,,,,,,,,,,,,,,,,,,,,,,,,,,,,,,,,,,,,,,,,,,,,,,,,,,,,,,,,,,,,,,,,,,,,,,,,,,,,,,,,,,,,,,,,,,,,,,,,,,,,,,,,,,,,,,,,
Data,12,record,timestamp,"944866545",s,position_lat,"390391852",semicircles,position_long,"-1398036377",semicircles,distance,"29886.15",m,altitude,"15.200000000000045",m,speed,"2.118",m/s,unknown,"0",,unknown,"100",,heart_rate,"123",bpm,cadence,"0",rpm,fractional_cadence,"0.0",rpm,enhanced_altitude,"15.200000000000045",m,enhanced_speed,"2.118",m/s,,,,,,,,,,,,,,,,,,,,,,,,,,,,,,,,,,,,,,,,,,,,,,,,,,,,,,,,,,,,,,,,,,,,,,,,,,,,,,,,,,,,,,,,,,,,,,,,,,,,,,,,,,,,,,,,,,,,,,,,,,,,,,,,,,,,,,,,,,,,,,,,,,,,,,,,,,,,,,,,,,,
Data,12,record,timestamp,"944866550",s,position_lat,"390391432",semicircles,position_long,"-1398037793",semicircles,distance,"29898.16",m,altitude,"15.0",m,speed,"2.174",m/s,unknown,"0",,unknown,"100",,heart_rate,"125",bpm,cadence,"0",rpm,fractional_cadence,"0.0",rpm,enhanced_altitude,"15.0",m,enhanced_speed,"2.174",m/s,,,,,,,,,,,,,,,,,,,,,,,,,,,,,,,,,,,,,,,,,,,,,,,,,,,,,,,,,,,,,,,,,,,,,,,,,,,,,,,,,,,,,,,,,,,,,,,,,,,,,,,,,,,,,,,,,,,,,,,,,,,,,,,,,,,,,,,,,,,,,,,,,,,,,,,,,,,,,,,,,,,
Data,12,record,timestamp,"944866556",s,position_lat,"390390982",semicircles,position_long,"-1398039650",semicircles,distance,"29913.36",m,altitude,"14.799999999999955",m,speed,"2.65",m/s,unknown,"0",,unknown,"100",,heart_rate,"128",bpm,cadence,"0",rpm,fractional_cadence,"0.0",rpm,enhanced_altitude,"14.799999999999955",m,enhanced_speed,"2.65",m/s,,,,,,,,,,,,,,,,,,,,,,,,,,,,,,,,,,,,,,,,,,,,,,,,,,,,,,,,,,,,,,,,,,,,,,,,,,,,,,,,,,,,,,,,,,,,,,,,,,,,,,,,,,,,,,,,,,,,,,,,,,,,,,,,,,,,,,,,,,,,,,,,,,,,,,,,,,,,,,,,,,,
Data,12,record,timestamp,"944866558",s,position_lat,"390390739",semicircles,position_long,"-1398040222",semicircles,distance,"29918.4",m,altitude,"14.799999999999955",m,speed,"2.407",m/s,unknown,"0",,unknown,"100",,heart_rate,"129",bpm,cadence,"0",rpm,fractional_cadence,"0.0",rpm,enhanced_altitude,"14.799999999999955",m,enhanced_speed,"2.407",m/s,,,,,,,,,,,,,,,,,,,,,,,,,,,,,,,,,,,,,,,,,,,,,,,,,,,,,,,,,,,,,,,,,,,,,,,,,,,,,,,,,,,,,,,,,,,,,,,,,,,,,,,,,,,,,,,,,,,,,,,,,,,,,,,,,,,,,,,,,,,,,,,,,,,,,,,,,,,,,,,,,,,
Data,12,record,timestamp,"944866565",s,position_lat,"390390043",semicircles,position_long,"-1398042338",semicircles,distance,"29936.41",m,altitude,"14.799999999999955",m,speed,"2.622",m/s,unknown,"0",,unknown,"100",,heart_rate,"128",bpm,cadence,"0",rpm,fractional_cadence,"0.0",rpm,enhanced_altitude,"14.799999999999955",m,enhanced_speed,"2.622",m/s,,,,,,,,,,,,,,,,,,,,,,,,,,,,,,,,,,,,,,,,,,,,,,,,,,,,,,,,,,,,,,,,,,,,,,,,,,,,,,,,,,,,,,,,,,,,,,,,,,,,,,,,,,,,,,,,,,,,,,,,,,,,,,,,,,,,,,,,,,,,,,,,,,,,,,,,,,,,,,,,,,,
Data,12,record,timestamp,"944866574",s,position_lat,"390389206",semicircles,position_long,"-1398045410",semicircles,distance,"29961.75",m,altitude,"14.799999999999955",m,speed,"2.482",m/s,unknown,"0",,unknown,"100",,heart_rate,"127",bpm,cadence,"0",rpm,fractional_cadence,"0.0",rpm,enhanced_altitude,"14.799999999999955",m,enhanced_speed,"2.482",m/s,,,,,,,,,,,,,,,,,,,,,,,,,,,,,,,,,,,,,,,,,,,,,,,,,,,,,,,,,,,,,,,,,,,,,,,,,,,,,,,,,,,,,,,,,,,,,,,,,,,,,,,,,,,,,,,,,,,,,,,,,,,,,,,,,,,,,,,,,,,,,,,,,,,,,,,,,,,,,,,,,,,
Data,12,record,timestamp,"944866581",s,position_lat,"390388651",semicircles,position_long,"-1398047513",semicircles,distance,"29979.06",m,altitude,"14.799999999999955",m,speed,"2.277",m/s,unknown,"0",,unknown,"100",,heart_rate,"130",bpm,cadence,"0",rpm,fractional_cadence,"0.0",rpm,enhanced_altitude,"14.799999999999955",m,enhanced_speed,"2.277",m/s,,,,,,,,,,,,,,,,,,,,,,,,,,,,,,,,,,,,,,,,,,,,,,,,,,,,,,,,,,,,,,,,,,,,,,,,,,,,,,,,,,,,,,,,,,,,,,,,,,,,,,,,,,,,,,,,,,,,,,,,,,,,,,,,,,,,,,,,,,,,,,,,,,,,,,,,,,,,,,,,,,,
Data,12,record,timestamp,"944866583",s,position_lat,"390388449",semicircles,position_long,"-1398048050",semicircles,distance,"29983.67",m,altitude,"14.799999999999955",m,speed,"2.286",m/s,unknown,"0",,unknown,"100",,heart_rate,"128",bpm,cadence,"0",rpm,fractional_cadence,"0.0",rpm,enhanced_altitude,"14.799999999999955",m,enhanced_speed,"2.286",m/s,,,,,,,,,,,,,,,,,,,,,,,,,,,,,,,,,,,,,,,,,,,,,,,,,,,,,,,,,,,,,,,,,,,,,,,,,,,,,,,,,,,,,,,,,,,,,,,,,,,,,,,,,,,,,,,,,,,,,,,,,,,,,,,,,,,,,,,,,,,,,,,,,,,,,,,,,,,,,,,,,,,
Data,12,record,timestamp,"944866592",s,position_lat,"390387424",semicircles,position_long,"-1398050475",semicircles,distance,"30005.06",m,altitude,"14.799999999999955",m,speed,"2.463",m/s,unknown,"0",,unknown,"100",,heart_rate,"125",bpm,cadence,"0",rpm,fractional_cadence,"0.0",rpm,enhanced_altitude,"14.799999999999955",m,enhanced_speed,"2.463",m/s,,,,,,,,,,,,,,,,,,,,,,,,,,,,,,,,,,,,,,,,,,,,,,,,,,,,,,,,,,,,,,,,,,,,,,,,,,,,,,,,,,,,,,,,,,,,,,,,,,,,,,,,,,,,,,,,,,,,,,,,,,,,,,,,,,,,,,,,,,,,,,,,,,,,,,,,,,,,,,,,,,,
Data,12,record,timestamp,"944866594",s,position_lat,"390387131",semicircles,position_long,"-1398051044",semicircles,distance,"30010.3",m,altitude,"14.600000000000023",m,speed,"2.445",m/s,unknown,"0",,unknown,"100",,heart_rate,"124",bpm,cadence,"0",rpm,fractional_cadence,"0.0",rpm,enhanced_altitude,"14.600000000000023",m,enhanced_speed,"2.445",m/s,,,,,,,,,,,,,,,,,,,,,,,,,,,,,,,,,,,,,,,,,,,,,,,,,,,,,,,,,,,,,,,,,,,,,,,,,,,,,,,,,,,,,,,,,,,,,,,,,,,,,,,,,,,,,,,,,,,,,,,,,,,,,,,,,,,,,,,,,,,,,,,,,,,,,,,,,,,,,,,,,,,
Data,12,record,timestamp,"944866604",s,position_lat,"390385622",semicircles,position_long,"-1398053834",semicircles,distance,"30036.33",m,altitude,"14.799999999999955",m,speed,"2.566",m/s,unknown,"0",,unknown,"100",,heart_rate,"121",bpm,cadence,"0",rpm,fractional_cadence,"0.0",rpm,enhanced_altitude,"14.799999999999955",m,enhanced_speed,"2.566",m/s,,,,,,,,,,,,,,,,,,,,,,,,,,,,,,,,,,,,,,,,,,,,,,,,,,,,,,,,,,,,,,,,,,,,,,,,,,,,,,,,,,,,,,,,,,,,,,,,,,,,,,,,,,,,,,,,,,,,,,,,,,,,,,,,,,,,,,,,,,,,,,,,,,,,,,,,,,,,,,,,,,,
Data,12,record,timestamp,"944866612",s,position_lat,"390384309",semicircles,position_long,"-1398056283",semicircles,distance,"30059.15",m,altitude,"14.799999999999955",m,speed,"2.883",m/s,unknown,"0",,unknown,"100",,heart_rate,"117",bpm,cadence,"0",rpm,fractional_cadence,"0.0",rpm,enhanced_altitude,"14.799999999999955",m,enhanced_speed,"2.883",m/s,,,,,,,,,,,,,,,,,,,,,,,,,,,,,,,,,,,,,,,,,,,,,,,,,,,,,,,,,,,,,,,,,,,,,,,,,,,,,,,,,,,,,,,,,,,,,,,,,,,,,,,,,,,,,,,,,,,,,,,,,,,,,,,,,,,,,,,,,,,,,,,,,,,,,,,,,,,,,,,,,,,
Data,12,record,timestamp,"944866614",s,position_lat,"390383967",semicircles,position_long,"-1398056870",semicircles,distance,"30064.76",m,altitude,"14.799999999999955",m,speed,"2.734",m/s,unknown,"0",,unknown,"100",,heart_rate,"118",bpm,cadence,"0",rpm,fractional_cadence,"0.0",rpm,enhanced_altitude,"14.799999999999955",m,enhanced_speed,"2.734",m/s,,,,,,,,,,,,,,,,,,,,,,,,,,,,,,,,,,,,,,,,,,,,,,,,,,,,,,,,,,,,,,,,,,,,,,,,,,,,,,,,,,,,,,,,,,,,,,,,,,,,,,,,,,,,,,,,,,,,,,,,,,,,,,,,,,,,,,,,,,,,,,,,,,,,,,,,,,,,,,,,,,,
Data,12,record,timestamp,"944866624",s,position_lat,"390382555",semicircles,position_long,"-1398059907",semicircles,distance,"30092.03",m,altitude,"14.799999999999955",m,speed,"2.753",m/s,unknown,"0",,unknown,"100",,heart_rate,"116",bpm,cadence,"0",rpm,fractional_cadence,"0.0",rpm,enhanced_altitude,"14.799999999999955",m,enhanced_speed,"2.753",m/s,,,,,,,,,,,,,,,,,,,,,,,,,,,,,,,,,,,,,,,,,,,,,,,,,,,,,,,,,,,,,,,,,,,,,,,,,,,,,,,,,,,,,,,,,,,,,,,,,,,,,,,,,,,,,,,,,,,,,,,,,,,,,,,,,,,,,,,,,,,,,,,,,,,,,,,,,,,,,,,,,,,
Data,12,record,timestamp,"944866631",s,position_lat,"390381801",semicircles,position_long,"-1398062015",semicircles,distance,"30110.01",m,altitude,"14.799999999999955",m,speed,"2.501",m/s,unknown,"0",,unknown,"100",,heart_rate,"113",bpm,cadence,"0",rpm,fractional_cadence,"0.0",rpm,enhanced_altitude,"14.799999999999955",m,enhanced_speed,"2.501",m/s,,,,,,,,,,,,,,,,,,,,,,,,,,,,,,,,,,,,,,,,,,,,,,,,,,,,,,,,,,,,,,,,,,,,,,,,,,,,,,,,,,,,,,,,,,,,,,,,,,,,,,,,,,,,,,,,,,,,,,,,,,,,,,,,,,,,,,,,,,,,,,,,,,,,,,,,,,,,,,,,,,,
Data,12,record,timestamp,"944866635",s,position_lat,"390381325",semicircles,position_long,"-1398063271",semicircles,distance,"30120.82",m,altitude,"14.799999999999955",m,speed,"2.706",m/s,unknown,"0",,unknown,"100",,heart_rate,"115",bpm,cadence,"0",rpm,fractional_cadence,"0.0",rpm,enhanced_altitude,"14.799999999999955",m,enhanced_speed,"2.706",m/s,,,,,,,,,,,,,,,,,,,,,,,,,,,,,,,,,,,,,,,,,,,,,,,,,,,,,,,,,,,,,,,,,,,,,,,,,,,,,,,,,,,,,,,,,,,,,,,,,,,,,,,,,,,,,,,,,,,,,,,,,,,,,,,,,,,,,,,,,,,,,,,,,,,,,,,,,,,,,,,,,,,
Data,12,record,timestamp,"944866642",s,position_lat,"390380800",semicircles,position_long,"-1398066054",semicircles,distance,"30143.31",m,altitude,"14.799999999999955",m,speed,"2.837",m/s,unknown,"0",,unknown,"100",,heart_rate,"112",bpm,cadence,"0",rpm,fractional_cadence,"0.0",rpm,enhanced_altitude,"14.799999999999955",m,enhanced_speed,"2.837",m/s,,,,,,,,,,,,,,,,,,,,,,,,,,,,,,,,,,,,,,,,,,,,,,,,,,,,,,,,,,,,,,,,,,,,,,,,,,,,,,,,,,,,,,,,,,,,,,,,,,,,,,,,,,,,,,,,,,,,,,,,,,,,,,,,,,,,,,,,,,,,,,,,,,,,,,,,,,,,,,,,,,,
Data,12,record,timestamp,"944866643",s,position_lat,"390380751",semicircles,position_long,"-1398066448",semicircles,distance,"30146.43",m,altitude,"14.799999999999955",m,speed,"2.818",m/s,unknown,"0",,unknown,"100",,heart_rate,"112",bpm,cadence,"0",rpm,fractional_cadence,"0.0",rpm,enhanced_altitude,"14.799999999999955",m,enhanced_speed,"2.818",m/s,,,,,,,,,,,,,,,,,,,,,,,,,,,,,,,,,,,,,,,,,,,,,,,,,,,,,,,,,,,,,,,,,,,,,,,,,,,,,,,,,,,,,,,,,,,,,,,,,,,,,,,,,,,,,,,,,,,,,,,,,,,,,,,,,,,,,,,,,,,,,,,,,,,,,,,,,,,,,,,,,,,
Data,12,record,timestamp,"944866651",s,position_lat,"390380458",semicircles,position_long,"-1398069486",semicircles,distance,"30170.52",m,altitude,"14.799999999999955",m,speed,"2.995",m/s,unknown,"0",,unknown,"100",,heart_rate,"113",bpm,cadence,"0",rpm,fractional_cadence,"0.0",rpm,enhanced_altitude,"14.799999999999955",m,enhanced_speed,"2.995",m/s,,,,,,,,,,,,,,,,,,,,,,,,,,,,,,,,,,,,,,,,,,,,,,,,,,,,,,,,,,,,,,,,,,,,,,,,,,,,,,,,,,,,,,,,,,,,,,,,,,,,,,,,,,,,,,,,,,,,,,,,,,,,,,,,,,,,,,,,,,,,,,,,,,,,,,,,,,,,,,,,,,,
Data,12,record,timestamp,"944866653",s,position_lat,"390380462",semicircles,position_long,"-1398070237",semicircles,distance,"30176.42",m,altitude,"14.799999999999955",m,speed,"2.958",m/s,unknown,"0",,unknown,"100",,heart_rate,"110",bpm,cadence,"0",rpm,fractional_cadence,"0.0",rpm,enhanced_altitude,"14.799999999999955",m,enhanced_speed,"2.958",m/s,,,,,,,,,,,,,,,,,,,,,,,,,,,,,,,,,,,,,,,,,,,,,,,,,,,,,,,,,,,,,,,,,,,,,,,,,,,,,,,,,,,,,,,,,,,,,,,,,,,,,,,,,,,,,,,,,,,,,,,,,,,,,,,,,,,,,,,,,,,,,,,,,,,,,,,,,,,,,,,,,,,
Data,12,record,timestamp,"944866662",s,position_lat,"390380378",semicircles,position_long,"-1398073671",semicircles,distance,"30203.38",m,altitude,"14.600000000000023",m,speed,"2.902",m/s,unknown,"0",,unknown,"100",,heart_rate,"110",bpm,cadence,"0",rpm,fractional_cadence,"0.0",rpm,enhanced_altitude,"14.600000000000023",m,enhanced_speed,"2.902",m/s,,,,,,,,,,,,,,,,,,,,,,,,,,,,,,,,,,,,,,,,,,,,,,,,,,,,,,,,,,,,,,,,,,,,,,,,,,,,,,,,,,,,,,,,,,,,,,,,,,,,,,,,,,,,,,,,,,,,,,,,,,,,,,,,,,,,,,,,,,,,,,,,,,,,,,,,,,,,,,,,,,,
Data,12,record,timestamp,"944866671",s,position_lat,"390380263",semicircles,position_long,"-1398076824",semicircles,distance,"30228.17",m,altitude,"14.399999999999977",m,speed,"2.669",m/s,unknown,"0",,unknown,"100",,heart_rate,"107",bpm,cadence,"0",rpm,fractional_cadence,"0.0",rpm,enhanced_altitude,"14.399999999999977",m,enhanced_speed,"2.669",m/s,,,,,,,,,,,,,,,,,,,,,,,,,,,,,,,,,,,,,,,,,,,,,,,,,,,,,,,,,,,,,,,,,,,,,,,,,,,,,,,,,,,,,,,,,,,,,,,,,,,,,,,,,,,,,,,,,,,,,,,,,,,,,,,,,,,,,,,,,,,,,,,,,,,,,,,,,,,,,,,,,,,
Data,12,record,timestamp,"944866673",s,position_lat,"390380231",semicircles,position_long,"-1398077526",semicircles,distance,"30233.7",m,altitude,"14.399999999999977",m,speed,"2.743",m/s,unknown,"0",,unknown,"100",,heart_rate,"106",bpm,cadence,"0",rpm,fractional_cadence,"0.0",rpm,enhanced_altitude,"14.399999999999977",m,enhanced_speed,"2.743",m/s,,,,,,,,,,,,,,,,,,,,,,,,,,,,,,,,,,,,,,,,,,,,,,,,,,,,,,,,,,,,,,,,,,,,,,,,,,,,,,,,,,,,,,,,,,,,,,,,,,,,,,,,,,,,,,,,,,,,,,,,,,,,,,,,,,,,,,,,,,,,,,,,,,,,,,,,,,,,,,,,,,,
Data,12,record,timestamp,"944866679",s,position_lat,"390380146",semicircles,position_long,"-1398079535",semicircles,distance,"30249.51",m,altitude,"14.200000000000045",m,speed,"2.659",m/s,unknown,"0",,unknown,"100",,heart_rate,"109",bpm,cadence,"0",rpm,fractional_cadence,"0.0",rpm,enhanced_altitude,"14.200000000000045",m,enhanced_speed,"2.659",m/s,,,,,,,,,,,,,,,,,,,,,,,,,,,,,,,,,,,,,,,,,,,,,,,,,,,,,,,,,,,,,,,,,,,,,,,,,,,,,,,,,,,,,,,,,,,,,,,,,,,,,,,,,,,,,,,,,,,,,,,,,,,,,,,,,,,,,,,,,,,,,,,,,,,,,,,,,,,,,,,,,,,
Data,12,record,timestamp,"944866683",s,position_lat,"390379943",semicircles,position_long,"-1398080790",semicircles,distance,"30259.54",m,altitude,"14.200000000000045",m,speed,"2.445",m/s,unknown,"0",,unknown,"100",,heart_rate,"108",bpm,cadence,"0",rpm,fractional_cadence,"0.0",rpm,enhanced_altitude,"14.200000000000045",m,enhanced_speed,"2.445",m/s,,,,,,,,,,,,,,,,,,,,,,,,,,,,,,,,,,,,,,,,,,,,,,,,,,,,,,,,,,,,,,,,,,,,,,,,,,,,,,,,,,,,,,,,,,,,,,,,,,,,,,,,,,,,,,,,,,,,,,,,,,,,,,,,,,,,,,,,,,,,,,,,,,,,,,,,,,,,,,,,,,,
Data,12,record,timestamp,"944866693",s,position_lat,"390379406",semicircles,position_long,"-1398083905",semicircles,distance,"30284.52",m,altitude,"14.600000000000023",m,speed,"2.547",m/s,unknown,"0",,unknown,"100",,heart_rate,"106",bpm,cadence,"0",rpm,fractional_cadence,"0.0",rpm,enhanced_altitude,"14.600000000000023",m,enhanced_speed,"2.547",m/s,,,,,,,,,,,,,,,,,,,,,,,,,,,,,,,,,,,,,,,,,,,,,,,,,,,,,,,,,,,,,,,,,,,,,,,,,,,,,,,,,,,,,,,,,,,,,,,,,,,,,,,,,,,,,,,,,,,,,,,,,,,,,,,,,,,,,,,,,,,,,,,,,,,,,,,,,,,,,,,,,,,
Data,12,record,timestamp,"944866702",s,position_lat,"390379153",semicircles,position_long,"-1398086888",semicircles,distance,"30308.1",m,altitude,"14.799999999999955",m,speed,"2.575",m/s,unknown,"0",,unknown,"100",,heart_rate,"107",bpm,cadence,"0",rpm,fractional_cadence,"0.0",rpm,enhanced_altitude,"14.799999999999955",m,enhanced_speed,"2.575",m/s,,,,,,,,,,,,,,,,,,,,,,,,,,,,,,,,,,,,,,,,,,,,,,,,,,,,,,,,,,,,,,,,,,,,,,,,,,,,,,,,,,,,,,,,,,,,,,,,,,,,,,,,,,,,,,,,,,,,,,,,,,,,,,,,,,,,,,,,,,,,,,,,,,,,,,,,,,,,,,,,,,,
Data,12,record,timestamp,"944866706",s,position_lat,"390379052",semicircles,position_long,"-1398088196",semicircles,distance,"30318.41",m,altitude,"14.799999999999955",m,speed,"2.519",m/s,unknown,"0",,unknown,"100",,heart_rate,"104",bpm,cadence,"0",rpm,fractional_cadence,"0.0",rpm,enhanced_altitude,"14.799999999999955",m,enhanced_speed,"2.519",m/s,,,,,,,,,,,,,,,,,,,,,,,,,,,,,,,,,,,,,,,,,,,,,,,,,,,,,,,,,,,,,,,,,,,,,,,,,,,,,,,,,,,,,,,,,,,,,,,,,,,,,,,,,,,,,,,,,,,,,,,,,,,,,,,,,,,,,,,,,,,,,,,,,,,,,,,,,,,,,,,,,,,
Data,12,record,timestamp,"944866712",s,position_lat,"390378854",semicircles,position_long,"-1398090125",semicircles,distance,"30333.66",m,altitude,"14.799999999999955",m,speed,"2.463",m/s,unknown,"0",,unknown,"100",,heart_rate,"104",bpm,cadence,"0",rpm,fractional_cadence,"0.0",rpm,enhanced_altitude,"14.799999999999955",m,enhanced_speed,"2.463",m/s,,,,,,,,,,,,,,,,,,,,,,,,,,,,,,,,,,,,,,,,,,,,,,,,,,,,,,,,,,,,,,,,,,,,,,,,,,,,,,,,,,,,,,,,,,,,,,,,,,,,,,,,,,,,,,,,,,,,,,,,,,,,,,,,,,,,,,,,,,,,,,,,,,,,,,,,,,,,,,,,,,,
Data,12,record,timestamp,"944866722",s,position_lat,"390378482",semicircles,position_long,"-1398093130",semicircles,distance,"30357.55",m,altitude,"14.399999999999977",m,speed,"2.398",m/s,unknown,"0",,unknown,"100",,heart_rate,"102",bpm,cadence,"0",rpm,fractional_cadence,"0.0",rpm,enhanced_altitude,"14.399999999999977",m,enhanced_speed,"2.398",m/s,,,,,,,,,,,,,,,,,,,,,,,,,,,,,,,,,,,,,,,,,,,,,,,,,,,,,,,,,,,,,,,,,,,,,,,,,,,,,,,,,,,,,,,,,,,,,,,,,,,,,,,,,,,,,,,,,,,,,,,,,,,,,,,,,,,,,,,,,,,,,,,,,,,,,,,,,,,,,,,,,,,
Data,12,record,timestamp,"944866730",s,position_lat,"390378164",semicircles,position_long,"-1398095530",semicircles,distance,"30376.64",m,altitude,"14.399999999999977",m,speed,"2.575",m/s,unknown,"0",,unknown,"100",,heart_rate,"104",bpm,cadence,"0",rpm,fractional_cadence,"0.0",rpm,enhanced_altitude,"14.399999999999977",m,enhanced_speed,"2.575",m/s,,,,,,,,,,,,,,,,,,,,,,,,,,,,,,,,,,,,,,,,,,,,,,,,,,,,,,,,,,,,,,,,,,,,,,,,,,,,,,,,,,,,,,,,,,,,,,,,,,,,,,,,,,,,,,,,,,,,,,,,,,,,,,,,,,,,,,,,,,,,,,,,,,,,,,,,,,,,,,,,,,,
Data,12,record,timestamp,"944866736",s,position_lat,"390378271",semicircles,position_long,"-1398097472",semicircles,distance,"30391.93",m,altitude,"14.200000000000045",m,speed,"2.631",m/s,unknown,"0",,unknown,"100",,heart_rate,"107",bpm,cadence,"0",rpm,fractional_cadence,"0.0",rpm,enhanced_altitude,"14.200000000000045",m,enhanced_speed,"2.631",m/s,,,,,,,,,,,,,,,,,,,,,,,,,,,,,,,,,,,,,,,,,,,,,,,,,,,,,,,,,,,,,,,,,,,,,,,,,,,,,,,,,,,,,,,,,,,,,,,,,,,,,,,,,,,,,,,,,,,,,,,,,,,,,,,,,,,,,,,,,,,,,,,,,,,,,,,,,,,,,,,,,,,
Data,12,record,timestamp,"944866737",s,position_lat,"390378242",semicircles,position_long,"-1398097813",semicircles,distance,"30394.63",m,altitude,"14.200000000000045",m,speed,"2.65",m/s,unknown,"0",,unknown,"100",,heart_rate,"110",bpm,cadence,"0",rpm,fractional_cadence,"0.0",rpm,enhanced_altitude,"14.200000000000045",m,enhanced_speed,"2.65",m/s,,,,,,,,,,,,,,,,,,,,,,,,,,,,,,,,,,,,,,,,,,,,,,,,,,,,,,,,,,,,,,,,,,,,,,,,,,,,,,,,,,,,,,,,,,,,,,,,,,,,,,,,,,,,,,,,,,,,,,,,,,,,,,,,,,,,,,,,,,,,,,,,,,,,,,,,,,,,,,,,,,,
Data,12,record,timestamp,"944866738",s,position_lat,"390378128",semicircles,position_long,"-1398098157",semicircles,distance,"30397.47",m,altitude,"14.200000000000045",m,speed,"2.781",m/s,unknown,"0",,unknown,"100",,heart_rate,"110",bpm,cadence,"0",rpm,fractional_cadence,"0.0",rpm,enhanced_altitude,"14.200000000000045",m,enhanced_speed,"2.781",m/s,,,,,,,,,,,,,,,,,,,,,,,,,,,,,,,,,,,,,,,,,,,,,,,,,,,,,,,,,,,,,,,,,,,,,,,,,,,,,,,,,,,,,,,,,,,,,,,,,,,,,,,,,,,,,,,,,,,,,,,,,,,,,,,,,,,,,,,,,,,,,,,,,,,,,,,,,,,,,,,,,,,
Data,12,record,timestamp,"944866739",s,position_lat,"390378037",semicircles,position_long,"-1398098509",semicircles,distance,"30400.35",m,altitude,"14.200000000000045",m,speed,"2.799",m/s,unknown,"0",,unknown,"100",,heart_rate,"113",bpm,cadence,"0",rpm,fractional_cadence,"0.0",rpm,enhanced_altitude,"14.200000000000045",m,enhanced_speed,"2.799",m/s,,,,,,,,,,,,,,,,,,,,,,,,,,,,,,,,,,,,,,,,,,,,,,,,,,,,,,,,,,,,,,,,,,,,,,,,,,,,,,,,,,,,,,,,,,,,,,,,,,,,,,,,,,,,,,,,,,,,,,,,,,,,,,,,,,,,,,,,,,,,,,,,,,,,,,,,,,,,,,,,,,,
Data,12,record,timestamp,"944866741",s,position_lat,"390377978",semicircles,position_long,"-1398099146",semicircles,distance,"30405.39",m,altitude,"14.0",m,speed,"2.482",m/s,unknown,"0",,unknown,"100",,heart_rate,"119",bpm,cadence,"0",rpm,fractional_cadence,"0.0",rpm,enhanced_altitude,"14.0",m,enhanced_speed,"2.482",m/s,,,,,,,,,,,,,,,,,,,,,,,,,,,,,,,,,,,,,,,,,,,,,,,,,,,,,,,,,,,,,,,,,,,,,,,,,,,,,,,,,,,,,,,,,,,,,,,,,,,,,,,,,,,,,,,,,,,,,,,,,,,,,,,,,,,,,,,,,,,,,,,,,,,,,,,,,,,,,,,,,,,
Data,12,record,timestamp,"944866742",s,position_lat,"390377989",semicircles,position_long,"-1398099434",semicircles,distance,"30407.65",m,altitude,"14.0",m,speed,"2.333",m/s,unknown,"0",,unknown,"100",,heart_rate,"116",bpm,cadence,"0",rpm,fractional_cadence,"0.0",rpm,enhanced_altitude,"14.0",m,enhanced_speed,"2.333",m/s,,,,,,,,,,,,,,,,,,,,,,,,,,,,,,,,,,,,,,,,,,,,,,,,,,,,,,,,,,,,,,,,,,,,,,,,,,,,,,,,,,,,,,,,,,,,,,,,,,,,,,,,,,,,,,,,,,,,,,,,,,,,,,,,,,,,,,,,,,,,,,,,,,,,,,,,,,,,,,,,,,,
Data,12,record,timestamp,"944866743",s,position_lat,"390378003",semicircles,position_long,"-1398099740",semicircles,distance,"30410.05",m,altitude,"13.799999999999955",m,speed,"2.389",m/s,unknown,"0",,unknown,"100",,heart_rate,"119",bpm,cadence,"0",rpm,fractional_cadence,"0.0",rpm,enhanced_altitude,"13.799999999999955",m,enhanced_speed,"2.389",m/s,,,,,,,,,,,,,,,,,,,,,,,,,,,,,,,,,,,,,,,,,,,,,,,,,,,,,,,,,,,,,,,,,,,,,,,,,,,,,,,,,,,,,,,,,,,,,,,,,,,,,,,,,,,,,,,,,,,,,,,,,,,,,,,,,,,,,,,,,,,,,,,,,,,,,,,,,,,,,,,,,,,
Data,12,record,timestamp,"944866744",s,position_lat,"390378009",semicircles,position_long,"-1398100047",semicircles,distance,"30412.47",m,altitude,"13.799999999999955",m,speed,"2.361",m/s,unknown,"0",,unknown,"100",,heart_rate,"119",bpm,cadence,"0",rpm,fractional_cadence,"0.0",rpm,enhanced_altitude,"13.799999999999955",m,enhanced_speed,"2.361",m/s,,,,,,,,,,,,,,,,,,,,,,,,,,,,,,,,,,,,,,,,,,,,,,,,,,,,,,,,,,,,,,,,,,,,,,,,,,,,,,,,,,,,,,,,,,,,,,,,,,,,,,,,,,,,,,,,,,,,,,,,,,,,,,,,,,,,,,,,,,,,,,,,,,,,,,,,,,,,,,,,,,,
Data,12,record,timestamp,"944866745",s,position_lat,"390377972",semicircles,position_long,"-1398100337",semicircles,distance,"30414.77",m,altitude,"13.799999999999955",m,speed,"2.286",m/s,unknown,"0",,unknown,"100",,heart_rate,"120",bpm,cadence,"0",rpm,fractional_cadence,"0.0",rpm,enhanced_altitude,"13.799999999999955",m,enhanced_speed,"2.286",m/s,,,,,,,,,,,,,,,,,,,,,,,,,,,,,,,,,,,,,,,,,,,,,,,,,,,,,,,,,,,,,,,,,,,,,,,,,,,,,,,,,,,,,,,,,,,,,,,,,,,,,,,,,,,,,,,,,,,,,,,,,,,,,,,,,,,,,,,,,,,,,,,,,,,,,,,,,,,,,,,,,,,
Data,12,record,timestamp,"944866750",s,position_lat,"390377972",semicircles,position_long,"-1398101992",semicircles,distance,"30427.81",m,altitude,"13.600000000000023",m,speed,"2.006",m/s,unknown,"0",,unknown,"100",,heart_rate,"124",bpm,cadence,"0",rpm,fractional_cadence,"0.0",rpm,enhanced_altitude,"13.600000000000023",m,enhanced_speed,"2.006",m/s,,,,,,,,,,,,,,,,,,,,,,,,,,,,,,,,,,,,,,,,,,,,,,,,,,,,,,,,,,,,,,,,,,,,,,,,,,,,,,,,,,,,,,,,,,,,,,,,,,,,,,,,,,,,,,,,,,,,,,,,,,,,,,,,,,,,,,,,,,,,,,,,,,,,,,,,,,,,,,,,,,,
Data,12,record,timestamp,"944866757",s,position_lat,"390377748",semicircles,position_long,"-1398104116",semicircles,distance,"30444.66",m,altitude,"13.799999999999955",m,speed,"2.407",m/s,unknown,"0",,unknown,"300",,heart_rate,"126",bpm,cadence,"0",rpm,fractional_cadence,"0.0",rpm,enhanced_altitude,"13.799999999999955",m,enhanced_speed,"2.407",m/s,,,,,,,,,,,,,,,,,,,,,,,,,,,,,,,,,,,,,,,,,,,,,,,,,,,,,,,,,,,,,,,,,,,,,,,,,,,,,,,,,,,,,,,,,,,,,,,,,,,,,,,,,,,,,,,,,,,,,,,,,,,,,,,,,,,,,,,,,,,,,,,,,,,,,,,,,,,,,,,,,,,
Data,12,record,timestamp,"944866764",s,position_lat,"390377735",semicircles,position_long,"-1398106222",semicircles,distance,"30461.31",m,altitude,"14.0",m,speed,"2.547",m/s,unknown,"0",,unknown,"300",,heart_rate,"123",bpm,cadence,"0",rpm,fractional_cadence,"0.0",rpm,enhanced_altitude,"14.0",m,enhanced_speed,"2.547",m/s,,,,,,,,,,,,,,,,,,,,,,,,,,,,,,,,,,,,,,,,,,,,,,,,,,,,,,,,,,,,,,,,,,,,,,,,,,,,,,,,,,,,,,,,,,,,,,,,,,,,,,,,,,,,,,,,,,,,,,,,,,,,,,,,,,,,,,,,,,,,,,,,,,,,,,,,,,,,,,,,,,,
Data,12,record,timestamp,"944866766",s,position_lat,"390377790",semicircles,position_long,"-1398106795",semicircles,distance,"30465.83",m,altitude,"14.200000000000045",m,speed,"2.351",m/s,unknown,"0",,unknown,"300",,heart_rate,"125",bpm,cadence,"0",rpm,fractional_cadence,"0.0",rpm,enhanced_altitude,"14.200000000000045",m,enhanced_speed,"2.351",m/s,,,,,,,,,,,,,,,,,,,,,,,,,,,,,,,,,,,,,,,,,,,,,,,,,,,,,,,,,,,,,,,,,,,,,,,,,,,,,,,,,,,,,,,,,,,,,,,,,,,,,,,,,,,,,,,,,,,,,,,,,,,,,,,,,,,,,,,,,,,,,,,,,,,,,,,,,,,,,,,,,,,
Data,12,record,timestamp,"944866770",s,position_lat,"390377779",semicircles,position_long,"-1398108085",semicircles,distance,"30475.99",m,altitude,"14.200000000000045",m,speed,"2.948",m/s,unknown,"0",,unknown,"300",,heart_rate,"128",bpm,cadence,"0",rpm,fractional_cadence,"0.0",rpm,enhanced_altitude,"14.200000000000045",m,enhanced_speed,"2.948",m/s,,,,,,,,,,,,,,,,,,,,,,,,,,,,,,,,,,,,,,,,,,,,,,,,,,,,,,,,,,,,,,,,,,,,,,,,,,,,,,,,,,,,,,,,,,,,,,,,,,,,,,,,,,,,,,,,,,,,,,,,,,,,,,,,,,,,,,,,,,,,,,,,,,,,,,,,,,,,,,,,,,,
Data,12,record,timestamp,"944866773",s,position_lat,"390377713",semicircles,position_long,"-1398109298",semicircles,distance,"30485.54",m,altitude,"14.200000000000045",m,speed,"3.023",m/s,unknown,"0",,unknown,"100",,heart_rate,"125",bpm,cadence,"0",rpm,fractional_cadence,"0.0",rpm,enhanced_altitude,"14.200000000000045",m,enhanced_speed,"3.023",m/s,,,,,,,,,,,,,,,,,,,,,,,,,,,,,,,,,,,,,,,,,,,,,,,,,,,,,,,,,,,,,,,,,,,,,,,,,,,,,,,,,,,,,,,,,,,,,,,,,,,,,,,,,,,,,,,,,,,,,,,,,,,,,,,,,,,,,,,,,,,,,,,,,,,,,,,,,,,,,,,,,,,
Data,12,record,timestamp,"944866779",s,position_lat,"390377970",semicircles,position_long,"-1398111054",semicircles,distance,"30499.57",m,altitude,"14.399999999999977",m,speed,"1.726",m/s,unknown,"0",,unknown,"100",,heart_rate,"124",bpm,cadence,"0",rpm,fractional_cadence,"0.0",rpm,enhanced_altitude,"14.399999999999977",m,enhanced_speed,"1.726",m/s,,,,,,,,,,,,,,,,,,,,,,,,,,,,,,,,,,,,,,,,,,,,,,,,,,,,,,,,,,,,,,,,,,,,,,,,,,,,,,,,,,,,,,,,,,,,,,,,,,,,,,,,,,,,,,,,,,,,,,,,,,,,,,,,,,,,,,,,,,,,,,,,,,,,,,,,,,,,,,,,,,,
Data,12,record,timestamp,"944866783",s,position_lat,"390378053",semicircles,position_long,"-1398111569",semicircles,distance,"30503.79",m,altitude,"14.600000000000023",m,speed,"1.101",m/s,unknown,"0",,unknown,"100",,heart_rate,"124",bpm,cadence,"0",rpm,fractional_cadence,"0.0",rpm,enhanced_altitude,"14.600000000000023",m,enhanced_speed,"1.101",m/s,,,,,,,,,,,,,,,,,,,,,,,,,,,,,,,,,,,,,,,,,,,,,,,,,,,,,,,,,,,,,,,,,,,,,,,,,,,,,,,,,,,,,,,,,,,,,,,,,,,,,,,,,,,,,,,,,,,,,,,,,,,,,,,,,,,,,,,,,,,,,,,,,,,,,,,,,,,,,,,,,,,
Data,12,record,timestamp,"944866784",s,position_lat,"390377997",semicircles,position_long,"-1398111798",semicircles,distance,"30505.65",m,altitude,"14.799999999999955",m,speed,"1.913",m/s,unknown,"0",,unknown,"100",,heart_rate,"124",bpm,cadence,"0",rpm,fractional_cadence,"0.0",rpm,enhanced_altitude,"14.799999999999955",m,enhanced_speed,"1.913",m/s,,,,,,,,,,,,,,,,,,,,,,,,,,,,,,,,,,,,,,,,,,,,,,,,,,,,,,,,,,,,,,,,,,,,,,,,,,,,,,,,,,,,,,,,,,,,,,,,,,,,,,,,,,,,,,,,,,,,,,,,,,,,,,,,,,,,,,,,,,,,,,,,,,,,,,,,,,,,,,,,,,,
Data,12,record,timestamp,"944866788",s,position_lat,"390377894",semicircles,position_long,"-1398113129",semicircles,distance,"30516.2",m,altitude,"15.200000000000045",m,speed,"2.09",m/s,unknown,"0",,unknown,"100",,heart_rate,"127",bpm,cadence,"0",rpm,fractional_cadence,"0.0",rpm,enhanced_altitude,"15.200000000000045",m,enhanced_speed,"2.09",m/s,,,,,,,,,,,,,,,,,,,,,,,,,,,,,,,,,,,,,,,,,,,,,,,,,,,,,,,,,,,,,,,,,,,,,,,,,,,,,,,,,,,,,,,,,,,,,,,,,,,,,,,,,,,,,,,,,,,,,,,,,,,,,,,,,,,,,,,,,,,,,,,,,,,,,,,,,,,,,,,,,,,
Data,12,record,timestamp,"944866789",s,position_lat,"390377922",semicircles,position_long,"-1398113361",semicircles,distance,"30518.03",m,altitude,"15.0",m,speed,"1.773",m/s,unknown,"0",,unknown,"100",,heart_rate,"128",bpm,cadence,"0",rpm,fractional_cadence,"0.0",rpm,enhanced_altitude,"15.0",m,enhanced_speed,"1.773",m/s,,,,,,,,,,,,,,,,,,,,,,,,,,,,,,,,,,,,,,,,,,,,,,,,,,,,,,,,,,,,,,,,,,,,,,,,,,,,,,,,,,,,,,,,,,,,,,,,,,,,,,,,,,,,,,,,,,,,,,,,,,,,,,,,,,,,,,,,,,,,,,,,,,,,,,,,,,,,,,,,,,,
Data,12,record,timestamp,"944866794",s,position_lat,"390377999",semicircles,position_long,"-1398114495",semicircles,distance,"30526.96",m,altitude,"14.799999999999955",m,speed,"1.866",m/s,unknown,"0",,unknown,"100",,heart_rate,"133",bpm,cadence,"0",rpm,fractional_cadence,"0.0",rpm,enhanced_altitude,"14.799999999999955",m,enhanced_speed,"1.866",m/s,,,,,,,,,,,,,,,,,,,,,,,,,,,,,,,,,,,,,,,,,,,,,,,,,,,,,,,,,,,,,,,,,,,,,,,,,,,,,,,,,,,,,,,,,,,,,,,,,,,,,,,,,,,,,,,,,,,,,,,,,,,,,,,,,,,,,,,,,,,,,,,,,,,,,,,,,,,,,,,,,,,
Data,12,record,timestamp,"944866795",s,position_lat,"390378031",semicircles,position_long,"-1398114749",semicircles,distance,"30528.96",m,altitude,"14.799999999999955",m,speed,"1.959",m/s,unknown,"0",,unknown,"100",,heart_rate,"138",bpm,cadence,"0",rpm,fractional_cadence,"0.0",rpm,enhanced_altitude,"14.799999999999955",m,enhanced_speed,"1.959",m/s,,,,,,,,,,,,,,,,,,,,,,,,,,,,,,,,,,,,,,,,,,,,,,,,,,,,,,,,,,,,,,,,,,,,,,,,,,,,,,,,,,,,,,,,,,,,,,,,,,,,,,,,,,,,,,,,,,,,,,,,,,,,,,,,,,,,,,,,,,,,,,,,,,,,,,,,,,,,,,,,,,,
Data,12,record,timestamp,"944866796",s,position_lat,"390378036",semicircles,position_long,"-1398114995",semicircles,distance,"30530.9",m,altitude,"14.799999999999955",m,speed,"1.875",m/s,unknown,"0",,unknown,"100",,heart_rate,"141",bpm,cadence,"0",rpm,fractional_cadence,"0.0",rpm,enhanced_altitude,"14.799999999999955",m,enhanced_speed,"1.875",m/s,,,,,,,,,,,,,,,,,,,,,,,,,,,,,,,,,,,,,,,,,,,,,,,,,,,,,,,,,,,,,,,,,,,,,,,,,,,,,,,,,,,,,,,,,,,,,,,,,,,,,,,,,,,,,,,,,,,,,,,,,,,,,,,,,,,,,,,,,,,,,,,,,,,,,,,,,,,,,,,,,,,
Data,12,record,timestamp,"944866797",s,position_lat,"390378055",semicircles,position_long,"-1398115251",semicircles,distance,"30532.91",m,altitude,"14.600000000000023",m,speed,"1.95",m/s,unknown,"0",,unknown,"100",,heart_rate,"145",bpm,cadence,"0",rpm,fractional_cadence,"0.0",rpm,enhanced_altitude,"14.600000000000023",m,enhanced_speed,"1.95",m/s,,,,,,,,,,,,,,,,,,,,,,,,,,,,,,,,,,,,,,,,,,,,,,,,,,,,,,,,,,,,,,,,,,,,,,,,,,,,,,,,,,,,,,,,,,,,,,,,,,,,,,,,,,,,,,,,,,,,,,,,,,,,,,,,,,,,,,,,,,,,,,,,,,,,,,,,,,,,,,,,,,,
Data,12,record,timestamp,"944866799",s,position_lat,"390378068",semicircles,position_long,"-1398115785",semicircles,distance,"30537.07",m,altitude,"14.399999999999977",m,speed,"2.043",m/s,unknown,"0",,unknown,"100",,heart_rate,"150",bpm,cadence,"0",rpm,fractional_cadence,"0.0",rpm,enhanced_altitude,"14.399999999999977",m,enhanced_speed,"2.043",m/s,,,,,,,,,,,,,,,,,,,,,,,,,,,,,,,,,,,,,,,,,,,,,,,,,,,,,,,,,,,,,,,,,,,,,,,,,,,,,,,,,,,,,,,,,,,,,,,,,,,,,,,,,,,,,,,,,,,,,,,,,,,,,,,,,,,,,,,,,,,,,,,,,,,,,,,,,,,,,,,,,,,
Data,12,record,timestamp,"944866801",s,position_lat,"390378095",semicircles,position_long,"-1398116356",semicircles,distance,"30541.56",m,altitude,"14.200000000000045",m,speed,"2.127",m/s,unknown,"0",,unknown,"100",,heart_rate,"153",bpm,cadence,"0",rpm,fractional_cadence,"0.0",rpm,enhanced_altitude,"14.200000000000045",m,enhanced_speed,"2.127",m/s,,,,,,,,,,,,,,,,,,,,,,,,,,,,,,,,,,,,,,,,,,,,,,,,,,,,,,,,,,,,,,,,,,,,,,,,,,,,,,,,,,,,,,,,,,,,,,,,,,,,,,,,,,,,,,,,,,,,,,,,,,,,,,,,,,,,,,,,,,,,,,,,,,,,,,,,,,,,,,,,,,,
Data,12,record,timestamp,"944866803",s,position_lat,"390378117",semicircles,position_long,"-1398116851",semicircles,distance,"30545.44",m,altitude,"14.200000000000045",m,speed,"1.801",m/s,unknown,"0",,unknown,"100",,heart_rate,"159",bpm,cadence,"0",rpm,fractional_cadence,"0.0",rpm,enhanced_altitude,"14.200000000000045",m,enhanced_speed,"1.801",m/s,,,,,,,,,,,,,,,,,,,,,,,,,,,,,,,,,,,,,,,,,,,,,,,,,,,,,,,,,,,,,,,,,,,,,,,,,,,,,,,,,,,,,,,,,,,,,,,,,,,,,,,,,,,,,,,,,,,,,,,,,,,,,,,,,,,,,,,,,,,,,,,,,,,,,,,,,,,,,,,,,,,
Data,12,record,timestamp,"944866805",s,position_lat,"390378115",semicircles,position_long,"-1398117364",semicircles,distance,"30549.47",m,altitude,"14.200000000000045",m,speed,"1.941",m/s,unknown,"0",,unknown,"100",,heart_rate,"162",bpm,cadence,"0",rpm,fractional_cadence,"0.0",rpm,enhanced_altitude,"14.200000000000045",m,enhanced_speed,"1.941",m/s,,,,,,,,,,,,,,,,,,,,,,,,,,,,,,,,,,,,,,,,,,,,,,,,,,,,,,,,,,,,,,,,,,,,,,,,,,,,,,,,,,,,,,,,,,,,,,,,,,,,,,,,,,,,,,,,,,,,,,,,,,,,,,,,,,,,,,,,,,,,,,,,,,,,,,,,,,,,,,,,,,,
Data,12,record,timestamp,"944866806",s,position_lat,"390378127",semicircles,position_long,"-1398117601",semicircles,distance,"30551.34",m,altitude,"14.200000000000045",m,speed,"1.847",m/s,unknown,"0",,unknown,"100",,heart_rate,"162",bpm,cadence,"0",rpm,fractional_cadence,"0.0",rpm,enhanced_altitude,"14.200000000000045",m,enhanced_speed,"1.847",m/s,,,,,,,,,,,,,,,,,,,,,,,,,,,,,,,,,,,,,,,,,,,,,,,,,,,,,,,,,,,,,,,,,,,,,,,,,,,,,,,,,,,,,,,,,,,,,,,,,,,,,,,,,,,,,,,,,,,,,,,,,,,,,,,,,,,,,,,,,,,,,,,,,,,,,,,,,,,,,,,,,,,
Data,12,record,timestamp,"944866808",s,position_lat,"390378170",semicircles,position_long,"-1398118090",semicircles,distance,"30555.2",m,altitude,"14.200000000000045",m,speed,"1.931",m/s,unknown,"0",,unknown,"100",,heart_rate,"165",bpm,cadence,"0",rpm,fractional_cadence,"0.0",rpm,enhanced_altitude,"14.200000000000045",m,enhanced_speed,"1.931",m/s,,,,,,,,,,,,,,,,,,,,,,,,,,,,,,,,,,,,,,,,,,,,,,,,,,,,,,,,,,,,,,,,,,,,,,,,,,,,,,,,,,,,,,,,,,,,,,,,,,,,,,,,,,,,,,,,,,,,,,,,,,,,,,,,,,,,,,,,,,,,,,,,,,,,,,,,,,,,,,,,,,,
Data,12,record,timestamp,"944866811",s,position_lat,"390378187",semicircles,position_long,"-1398119108",semicircles,distance,"30563.18",m,altitude,"14.600000000000023",m,speed,"2.305",m/s,unknown,"0",,unknown,"100",,heart_rate,"168",bpm,cadence,"0",rpm,fractional_cadence,"0.0",rpm,enhanced_altitude,"14.600000000000023",m,enhanced_speed,"2.305",m/s,,,,,,,,,,,,,,,,,,,,,,,,,,,,,,,,,,,,,,,,,,,,,,,,,,,,,,,,,,,,,,,,,,,,,,,,,,,,,,,,,,,,,,,,,,,,,,,,,,,,,,,,,,,,,,,,,,,,,,,,,,,,,,,,,,,,,,,,,,,,,,,,,,,,,,,,,,,,,,,,,,,
Data,12,record,timestamp,"944866813",s,position_lat,"390378229",semicircles,position_long,"-1398119680",semicircles,distance,"30567.69",m,altitude,"14.600000000000023",m,speed,"1.922",m/s,unknown,"0",,unknown,"100",,heart_rate,"168",bpm,cadence,"0",rpm,fractional_cadence,"0.0",rpm,enhanced_altitude,"14.600000000000023",m,enhanced_speed,"1.922",m/s,,,,,,,,,,,,,,,,,,,,,,,,,,,,,,,,,,,,,,,,,,,,,,,,,,,,,,,,,,,,,,,,,,,,,,,,,,,,,,,,,,,,,,,,,,,,,,,,,,,,,,,,,,,,,,,,,,,,,,,,,,,,,,,,,,,,,,,,,,,,,,,,,,,,,,,,,,,,,,,,,,,
Data,12,record,timestamp,"944866816",s,position_lat,"390378239",semicircles,position_long,"-1398120501",semicircles,distance,"30574.1",m,altitude,"15.0",m,speed,"1.549",m/s,unknown,"0",,unknown,"100",,heart_rate,"171",bpm,cadence,"0",rpm,fractional_cadence,"0.0",rpm,enhanced_altitude,"15.0",m,enhanced_speed,"1.549",m/s,,,,,,,,,,,,,,,,,,,,,,,,,,,,,,,,,,,,,,,,,,,,,,,,,,,,,,,,,,,,,,,,,,,,,,,,,,,,,,,,,,,,,,,,,,,,,,,,,,,,,,,,,,,,,,,,,,,,,,,,,,,,,,,,,,,,,,,,,,,,,,,,,,,,,,,,,,,,,,,,,,,
Data,12,record,timestamp,"944866820",s,position_lat,"390378226",semicircles,position_long,"-1398121404",semicircles,distance,"30581.2",m,altitude,"15.0",m,speed,"1.222",m/s,unknown,"0",,unknown,"100",,heart_rate,"171",bpm,cadence,"58",rpm,fractional_cadence,"0.5",rpm,enhanced_altitude,"15.0",m,enhanced_speed,"1.222",m/s,,,,,,,,,,,,,,,,,,,,,,,,,,,,,,,,,,,,,,,,,,,,,,,,,,,,,,,,,,,,,,,,,,,,,,,,,,,,,,,,,,,,,,,,,,,,,,,,,,,,,,,,,,,,,,,,,,,,,,,,,,,,,,,,,,,,,,,,,,,,,,,,,,,,,,,,,,,,,,,,,,,
Data,12,record,timestamp,"944866826",s,position_lat,"390378216",semicircles,position_long,"-1398122626",semicircles,distance,"30590.81",m,altitude,"14.799999999999955",m,speed,"1.791",m/s,unknown,"0",,unknown,"100",,heart_rate,"174",bpm,cadence,"0",rpm,fractional_cadence,"0.0",rpm,enhanced_altitude,"14.799999999999955",m,enhanced_speed,"1.791",m/s,,,,,,,,,,,,,,,,,,,,,,,,,,,,,,,,,,,,,,,,,,,,,,,,,,,,,,,,,,,,,,,,,,,,,,,,,,,,,,,,,,,,,,,,,,,,,,,,,,,,,,,,,,,,,,,,,,,,,,,,,,,,,,,,,,,,,,,,,,,,,,,,,,,,,,,,,,,,,,,,,,,
Data,12,record,timestamp,"944866828",s,position_lat,"390378241",semicircles,position_long,"-1398123086",semicircles,distance,"30594.44",m,altitude,"14.799999999999955",m,speed,"1.633",m/s,unknown,"0",,unknown,"100",,heart_rate,"174",bpm,cadence,"0",rpm,fractional_cadence,"0.0",rpm,enhanced_altitude,"14.799999999999955",m,enhanced_speed,"1.633",m/s,,,,,,,,,,,,,,,,,,,,,,,,,,,,,,,,,,,,,,,,,,,,,,,,,,,,,,,,,,,,,,,,,,,,,,,,,,,,,,,,,,,,,,,,,,,,,,,,,,,,,,,,,,,,,,,,,,,,,,,,,,,,,,,,,,,,,,,,,,,,,,,,,,,,,,,,,,,,,,,,,,,
Data,12,record,timestamp,"944866835",s,position_lat,"390378140",semicircles,position_long,"-1398124535",semicircles,distance,"30605.91",m,altitude,"14.600000000000023",m,speed,"1.717",m/s,unknown,"0",,unknown,"100",,heart_rate,"174",bpm,cadence,"0",rpm,fractional_cadence,"0.0",rpm,enhanced_altitude,"14.600000000000023",m,enhanced_speed,"1.717",m/s,,,,,,,,,,,,,,,,,,,,,,,,,,,,,,,,,,,,,,,,,,,,,,,,,,,,,,,,,,,,,,,,,,,,,,,,,,,,,,,,,,,,,,,,,,,,,,,,,,,,,,,,,,,,,,,,,,,,,,,,,,,,,,,,,,,,,,,,,,,,,,,,,,,,,,,,,,,,,,,,,,,
Data,12,record,timestamp,"944866837",s,position_lat,"390378049",semicircles,position_long,"-1398125021",semicircles,distance,"30609.83",m,altitude,"14.399999999999977",m,speed,"1.875",m/s,unknown,"0",,unknown,"100",,heart_rate,"177",bpm,cadence,"0",rpm,fractional_cadence,"0.0",rpm,enhanced_altitude,"14.399999999999977",m,enhanced_speed,"1.875",m/s,,,,,,,,,,,,,,,,,,,,,,,,,,,,,,,,,,,,,,,,,,,,,,,,,,,,,,,,,,,,,,,,,,,,,,,,,,,,,,,,,,,,,,,,,,,,,,,,,,,,,,,,,,,,,,,,,,,,,,,,,,,,,,,,,,,,,,,,,,,,,,,,,,,,,,,,,,,,,,,,,,,
Data,12,record,timestamp,"944866841",s,position_lat,"390378067",semicircles,position_long,"-1398125763",semicircles,distance,"30615.64",m,altitude,"14.799999999999955",m,speed,"1.017",m/s,unknown,"0",,unknown,"100",,heart_rate,"178",bpm,cadence,"0",rpm,fractional_cadence,"0.0",rpm,enhanced_altitude,"14.799999999999955",m,enhanced_speed,"1.017",m/s,,,,,,,,,,,,,,,,,,,,,,,,,,,,,,,,,,,,,,,,,,,,,,,,,,,,,,,,,,,,,,,,,,,,,,,,,,,,,,,,,,,,,,,,,,,,,,,,,,,,,,,,,,,,,,,,,,,,,,,,,,,,,,,,,,,,,,,,,,,,,,,,,,,,,,,,,,,,,,,,,,,
Data,12,record,timestamp,"944866848",s,position_lat,"390378124",semicircles,position_long,"-1398126555",semicircles,distance,"30621.9",m,altitude,"14.799999999999955",m,speed,"1.101",m/s,unknown,"0",,unknown,"100",,heart_rate,"177",bpm,cadence,"55",rpm,fractional_cadence,"0.5",rpm,enhanced_altitude,"14.799999999999955",m,enhanced_speed,"1.101",m/s,,,,,,,,,,,,,,,,,,,,,,,,,,,,,,,,,,,,,,,,,,,,,,,,,,,,,,,,,,,,,,,,,,,,,,,,,,,,,,,,,,,,,,,,,,,,,,,,,,,,,,,,,,,,,,,,,,,,,,,,,,,,,,,,,,,,,,,,,,,,,,,,,,,,,,,,,,,,,,,,,,,
Data,12,record,timestamp,"944866859",s,position_lat,"390377975",semicircles,position_long,"-1398128442",semicircles,distance,"30636.84",m,altitude,"15.200000000000045",m,speed,"1.241",m/s,unknown,"0",,unknown,"100",,heart_rate,"180",bpm,cadence,"55",rpm,fractional_cadence,"0.0",rpm,enhanced_altitude,"15.200000000000045",m,enhanced_speed,"1.241",m/s,,,,,,,,,,,,,,,,,,,,,,,,,,,,,,,,,,,,,,,,,,,,,,,,,,,,,,,,,,,,,,,,,,,,,,,,,,,,,,,,,,,,,,,,,,,,,,,,,,,,,,,,,,,,,,,,,,,,,,,,,,,,,,,,,,,,,,,,,,,,,,,,,,,,,,,,,,,,,,,,,,,
Data,12,record,timestamp,"944866871",s,position_lat,"390377568",semicircles,position_long,"-1398130566",semicircles,distance,"30654.0",m,altitude,"15.200000000000045",m,speed,"2.053",m/s,unknown,"0",,unknown,"100",,heart_rate,"178",bpm,cadence,"0",rpm,fractional_cadence,"0.0",rpm,enhanced_altitude,"15.200000000000045",m,enhanced_speed,"2.053",m/s,,,,,,,,,,,,,,,,,,,,,,,,,,,,,,,,,,,,,,,,,,,,,,,,,,,,,,,,,,,,,,,,,,,,,,,,,,,,,,,,,,,,,,,,,,,,,,,,,,,,,,,,,,,,,,,,,,,,,,,,,,,,,,,,,,,,,,,,,,,,,,,,,,,,,,,,,,,,,,,,,,,
Data,12,record,timestamp,"944866877",s,position_lat,"390377195",semicircles,position_long,"-1398132299",semicircles,distance,"30668.04",m,altitude,"15.200000000000045",m,speed,"2.557",m/s,unknown,"0",,unknown,"100",,heart_rate,"181",bpm,cadence,"0",rpm,fractional_cadence,"0.0",rpm,enhanced_altitude,"15.200000000000045",m,enhanced_speed,"2.557",m/s,,,,,,,,,,,,,,,,,,,,,,,,,,,,,,,,,,,,,,,,,,,,,,,,,,,,,,,,,,,,,,,,,,,,,,,,,,,,,,,,,,,,,,,,,,,,,,,,,,,,,,,,,,,,,,,,,,,,,,,,,,,,,,,,,,,,,,,,,,,,,,,,,,,,,,,,,,,,,,,,,,,
Data,12,record,timestamp,"944866879",s,position_lat,"390377033",semicircles,position_long,"-1398132902",semicircles,distance,"30673.01",m,altitude,"15.399999999999977",m,speed,"2.389",m/s,unknown,"0",,unknown,"100",,heart_rate,"179",bpm,cadence,"0",rpm,fractional_cadence,"0.0",rpm,enhanced_altitude,"15.399999999999977",m,enhanced_speed,"2.389",m/s,,,,,,,,,,,,,,,,,,,,,,,,,,,,,,,,,,,,,,,,,,,,,,,,,,,,,,,,,,,,,,,,,,,,,,,,,,,,,,,,,,,,,,,,,,,,,,,,,,,,,,,,,,,,,,,,,,,,,,,,,,,,,,,,,,,,,,,,,,,,,,,,,,,,,,,,,,,,,,,,,,,
Data,12,record,timestamp,"944866882",s,position_lat,"390376660",semicircles,position_long,"-1398133694",semicircles,distance,"30680.22",m,altitude,"15.399999999999977",m,speed,"2.37",m/s,unknown,"0",,unknown,"100",,heart_rate,"176",bpm,cadence,"0",rpm,fractional_cadence,"0.0",rpm,enhanced_altitude,"15.399999999999977",m,enhanced_speed,"2.37",m/s,,,,,,,,,,,,,,,,,,,,,,,,,,,,,,,,,,,,,,,,,,,,,,,,,,,,,,,,,,,,,,,,,,,,,,,,,,,,,,,,,,,,,,,,,,,,,,,,,,,,,,,,,,,,,,,,,,,,,,,,,,,,,,,,,,,,,,,,,,,,,,,,,,,,,,,,,,,,,,,,,,,
Data,12,record,timestamp,"944866885",s,position_lat,"390376023",semicircles,position_long,"-1398134372",semicircles,distance,"30688.2",m,altitude,"15.399999999999977",m,speed,"2.855",m/s,unknown,"0",,unknown,"100",,heart_rate,"175",bpm,cadence,"0",rpm,fractional_cadence,"0.0",rpm,enhanced_altitude,"15.399999999999977",m,enhanced_speed,"2.855",m/s,,,,,,,,,,,,,,,,,,,,,,,,,,,,,,,,,,,,,,,,,,,,,,,,,,,,,,,,,,,,,,,,,,,,,,,,,,,,,,,,,,,,,,,,,,,,,,,,,,,,,,,,,,,,,,,,,,,,,,,,,,,,,,,,,,,,,,,,,,,,,,,,,,,,,,,,,,,,,,,,,,,
Data,12,record,timestamp,"944866888",s,position_lat,"390375442",semicircles,position_long,"-1398134799",semicircles,distance,"30694.57",m,altitude,"15.399999999999977",m,speed,"2.342",m/s,unknown,"0",,unknown,"100",,heart_rate,"172",bpm,cadence,"0",rpm,fractional_cadence,"0.0",rpm,enhanced_altitude,"15.399999999999977",m,enhanced_speed,"2.342",m/s,,,,,,,,,,,,,,,,,,,,,,,,,,,,,,,,,,,,,,,,,,,,,,,,,,,,,,,,,,,,,,,,,,,,,,,,,,,,,,,,,,,,,,,,,,,,,,,,,,,,,,,,,,,,,,,,,,,,,,,,,,,,,,,,,,,,,,,,,,,,,,,,,,,,,,,,,,,,,,,,,,,
Data,12,record,timestamp,"944866890",s,position_lat,"390374973",semicircles,position_long,"-1398134985",semicircles,distance,"30699.17",m,altitude,"15.399999999999977",m,speed,"2.51",m/s,unknown,"0",,unknown,"100",,heart_rate,"171",bpm,cadence,"54",rpm,fractional_cadence,"0.5",rpm,enhanced_altitude,"15.399999999999977",m,enhanced_speed,"2.51",m/s,,,,,,,,,,,,,,,,,,,,,,,,,,,,,,,,,,,,,,,,,,,,,,,,,,,,,,,,,,,,,,,,,,,,,,,,,,,,,,,,,,,,,,,,,,,,,,,,,,,,,,,,,,,,,,,,,,,,,,,,,,,,,,,,,,,,,,,,,,,,,,,,,,,,,,,,,,,,,,,,,,,
Data,12,record,timestamp,"944866897",s,position_lat,"390373035",semicircles,position_long,"-1398135410",semicircles,distance,"30717.52",m,altitude,"15.200000000000045",m,speed,"2.445",m/s,unknown,"0",,unknown,"100",,heart_rate,"174",bpm,cadence,"0",rpm,fractional_cadence,"0.0",rpm,enhanced_altitude,"15.200000000000045",m,enhanced_speed,"2.445",m/s,,,,,,,,,,,,,,,,,,,,,,,,,,,,,,,,,,,,,,,,,,,,,,,,,,,,,,,,,,,,,,,,,,,,,,,,,,,,,,,,,,,,,,,,,,,,,,,,,,,,,,,,,,,,,,,,,,,,,,,,,,,,,,,,,,,,,,,,,,,,,,,,,,,,,,,,,,,,,,,,,,,
Data,12,record,timestamp,"944866898",s,position_lat,"390372812",semicircles,position_long,"-1398135382",semicircles,distance,"30719.6",m,altitude,"15.0",m,speed,"2.323",m/s,unknown,"0",,unknown,"100",,heart_rate,"176",bpm,cadence,"0",rpm,fractional_cadence,"0.0",rpm,enhanced_altitude,"15.0",m,enhanced_speed,"2.323",m/s,,,,,,,,,,,,,,,,,,,,,,,,,,,,,,,,,,,,,,,,,,,,,,,,,,,,,,,,,,,,,,,,,,,,,,,,,,,,,,,,,,,,,,,,,,,,,,,,,,,,,,,,,,,,,,,,,,,,,,,,,,,,,,,,,,,,,,,,,,,,,,,,,,,,,,,,,,,,,,,,,,,
Data,12,record,timestamp,"944866907",s,position_lat,"390370726",semicircles,position_long,"-1398134745",semicircles,distance,"30739.82",m,altitude,"14.799999999999955",m,speed,"1.978",m/s,unknown,"0",,unknown,"100",,heart_rate,"173",bpm,cadence,"0",rpm,fractional_cadence,"0.0",rpm,enhanced_altitude,"14.799999999999955",m,enhanced_speed,"1.978",m/s,,,,,,,,,,,,,,,,,,,,,,,,,,,,,,,,,,,,,,,,,,,,,,,,,,,,,,,,,,,,,,,,,,,,,,,,,,,,,,,,,,,,,,,,,,,,,,,,,,,,,,,,,,,,,,,,,,,,,,,,,,,,,,,,,,,,,,,,,,,,,,,,,,,,,,,,,,,,,,,,,,,
Data,12,record,timestamp,"944866911",s,position_lat,"390369864",semicircles,position_long,"-1398134159",semicircles,distance,"30749.06",m,altitude,"14.799999999999955",m,speed,"2.043",m/s,unknown,"0",,unknown,"100",,heart_rate,"170",bpm,cadence,"0",rpm,fractional_cadence,"0.0",rpm,enhanced_altitude,"14.799999999999955",m,enhanced_speed,"2.043",m/s,,,,,,,,,,,,,,,,,,,,,,,,,,,,,,,,,,,,,,,,,,,,,,,,,,,,,,,,,,,,,,,,,,,,,,,,,,,,,,,,,,,,,,,,,,,,,,,,,,,,,,,,,,,,,,,,,,,,,,,,,,,,,,,,,,,,,,,,,,,,,,,,,,,,,,,,,,,,,,,,,,,
Data,12,record,timestamp,"944866916",s,position_lat,"390368858",semicircles,position_long,"-1398133437",semicircles,distance,"30759.99",m,altitude,"14.799999999999955",m,speed,"1.913",m/s,unknown,"0",,unknown,"100",,heart_rate,"168",bpm,cadence,"0",rpm,fractional_cadence,"0.0",rpm,enhanced_altitude,"14.799999999999955",m,enhanced_speed,"1.913",m/s,,,,,,,,,,,,,,,,,,,,,,,,,,,,,,,,,,,,,,,,,,,,,,,,,,,,,,,,,,,,,,,,,,,,,,,,,,,,,,,,,,,,,,,,,,,,,,,,,,,,,,,,,,,,,,,,,,,,,,,,,,,,,,,,,,,,,,,,,,,,,,,,,,,,,,,,,,,,,,,,,,,
Data,12,record,timestamp,"944866922",s,position_lat,"390367719",semicircles,position_long,"-1398132794",semicircles,distance,"30771.71",m,altitude,"14.799999999999955",m,speed,"1.903",m/s,unknown,"0",,unknown,"100",,heart_rate,"166",bpm,cadence,"0",rpm,fractional_cadence,"0.0",rpm,enhanced_altitude,"14.799999999999955",m,enhanced_speed,"1.903",m/s,,,,,,,,,,,,,,,,,,,,,,,,,,,,,,,,,,,,,,,,,,,,,,,,,,,,,,,,,,,,,,,,,,,,,,,,,,,,,,,,,,,,,,,,,,,,,,,,,,,,,,,,,,,,,,,,,,,,,,,,,,,,,,,,,,,,,,,,,,,,,,,,,,,,,,,,,,,,,,,,,,,
Data,12,record,timestamp,"944866928",s,position_lat,"390366391",semicircles,position_long,"-1398132185",semicircles,distance,"30784.95",m,altitude,"14.600000000000023",m,speed,"2.127",m/s,unknown,"0",,unknown,"100",,heart_rate,"163",bpm,cadence,"0",rpm,fractional_cadence,"0.0",rpm,enhanced_altitude,"14.600000000000023",m,enhanced_speed,"2.127",m/s,,,,,,,,,,,,,,,,,,,,,,,,,,,,,,,,,,,,,,,,,,,,,,,,,,,,,,,,,,,,,,,,,,,,,,,,,,,,,,,,,,,,,,,,,,,,,,,,,,,,,,,,,,,,,,,,,,,,,,,,,,,,,,,,,,,,,,,,,,,,,,,,,,,,,,,,,,,,,,,,,,,
Data,12,record,timestamp,"944866930",s,position_lat,"390365965",semicircles,position_long,"-1398132001",semicircles,distance,"30789.17",m,altitude,"14.600000000000023",m,speed,"1.969",m/s,unknown,"0",,unknown,"100",,heart_rate,"162",bpm,cadence,"0",rpm,fractional_cadence,"0.0",rpm,enhanced_altitude,"14.600000000000023",m,enhanced_speed,"1.969",m/s,,,,,,,,,,,,,,,,,,,,,,,,,,,,,,,,,,,,,,,,,,,,,,,,,,,,,,,,,,,,,,,,,,,,,,,,,,,,,,,,,,,,,,,,,,,,,,,,,,,,,,,,,,,,,,,,,,,,,,,,,,,,,,,,,,,,,,,,,,,,,,,,,,,,,,,,,,,,,,,,,,,
Data,12,record,timestamp,"944866936",s,position_lat,"390364719",semicircles,position_long,"-1398131583",semicircles,distance,"30801.21",m,altitude,"15.399999999999977",m,speed,"2.193",m/s,unknown,"0",,unknown,"300",,heart_rate,"157",bpm,cadence,"0",rpm,fractional_cadence,"0.0",rpm,enhanced_altitude,"15.399999999999977",m,enhanced_speed,"2.193",m/s,,,,,,,,,,,,,,,,,,,,,,,,,,,,,,,,,,,,,,,,,,,,,,,,,,,,,,,,,,,,,,,,,,,,,,,,,,,,,,,,,,,,,,,,,,,,,,,,,,,,,,,,,,,,,,,,,,,,,,,,,,,,,,,,,,,,,,,,,,,,,,,,,,,,,,,,,,,,,,,,,,,
Data,12,record,timestamp,"944866937",s,position_lat,"390364494",semicircles,position_long,"-1398131514",semicircles,distance,"30803.37",m,altitude,"15.399999999999977",m,speed,"2.146",m/s,unknown,"0",,unknown,"300",,heart_rate,"153",bpm,cadence,"0",rpm,fractional_cadence,"0.0",rpm,enhanced_altitude,"15.399999999999977",m,enhanced_speed,"2.146",m/s,,,,,,,,,,,,,,,,,,,,,,,,,,,,,,,,,,,,,,,,,,,,,,,,,,,,,,,,,,,,,,,,,,,,,,,,,,,,,,,,,,,,,,,,,,,,,,,,,,,,,,,,,,,,,,,,,,,,,,,,,,,,,,,,,,,,,,,,,,,,,,,,,,,,,,,,,,,,,,,,,,,
Data,12,record,timestamp,"944866939",s,position_lat,"390364028",semicircles,position_long,"-1398131363",semicircles,distance,"30807.86",m,altitude,"15.200000000000045",m,speed,"2.193",m/s,unknown,"0",,unknown,"300",,heart_rate,"150",bpm,cadence,"0",rpm,fractional_cadence,"0.0",rpm,enhanced_altitude,"15.200000000000045",m,enhanced_speed,"2.193",m/s,,,,,,,,,,,,,,,,,,,,,,,,,,,,,,,,,,,,,,,,,,,,,,,,,,,,,,,,,,,,,,,,,,,,,,,,,,,,,,,,,,,,,,,,,,,,,,,,,,,,,,,,,,,,,,,,,,,,,,,,,,,,,,,,,,,,,,,,,,,,,,,,,,,,,,,,,,,,,,,,,,,
Data,12,record,timestamp,"944866940",s,position_lat,"390363762",semicircles,position_long,"-1398131297",semicircles,distance,"30810.39",m,altitude,"15.200000000000045",m,speed,"2.398",m/s,unknown,"0",,unknown,"300",,heart_rate,"149",bpm,cadence,"0",rpm,fractional_cadence,"0.0",rpm,enhanced_altitude,"15.200000000000045",m,enhanced_speed,"2.398",m/s,,,,,,,,,,,,,,,,,,,,,,,,,,,,,,,,,,,,,,,,,,,,,,,,,,,,,,,,,,,,,,,,,,,,,,,,,,,,,,,,,,,,,,,,,,,,,,,,,,,,,,,,,,,,,,,,,,,,,,,,,,,,,,,,,,,,,,,,,,,,,,,,,,,,,,,,,,,,,,,,,,,
Data,12,record,timestamp,"944866943",s,position_lat,"390363051",semicircles,position_long,"-1398131090",semicircles,distance,"30817.21",m,altitude,"15.399999999999977",m,speed,"2.407",m/s,unknown,"0",,unknown,"300",,heart_rate,"146",bpm,cadence,"0",rpm,fractional_cadence,"0.0",rpm,enhanced_altitude,"15.399999999999977",m,enhanced_speed,"2.407",m/s,,,,,,,,,,,,,,,,,,,,,,,,,,,,,,,,,,,,,,,,,,,,,,,,,,,,,,,,,,,,,,,,,,,,,,,,,,,,,,,,,,,,,,,,,,,,,,,,,,,,,,,,,,,,,,,,,,,,,,,,,,,,,,,,,,,,,,,,,,,,,,,,,,,,,,,,,,,,,,,,,,,
Data,12,record,timestamp,"944866947",s,position_lat,"390362219",semicircles,position_long,"-1398130464",semicircles,distance,"30826.39",m,altitude,"15.600000000000023",m,speed,"2.435",m/s,unknown,"0",,unknown,"300",,heart_rate,"143",bpm,cadence,"0",rpm,fractional_cadence,"0.0",rpm,enhanced_altitude,"15.600000000000023",m,enhanced_speed,"2.435",m/s,,,,,,,,,,,,,,,,,,,,,,,,,,,,,,,,,,,,,,,,,,,,,,,,,,,,,,,,,,,,,,,,,,,,,,,,,,,,,,,,,,,,,,,,,,,,,,,,,,,,,,,,,,,,,,,,,,,,,,,,,,,,,,,,,,,,,,,,,,,,,,,,,,,,,,,,,,,,,,,,,,,
Data,12,record,timestamp,"944866951",s,position_lat,"390361558",semicircles,position_long,"-1398129604",semicircles,distance,"30835.54",m,altitude,"15.799999999999955",m,speed,"2.314",m/s,unknown,"0",,unknown,"100",,heart_rate,"140",bpm,cadence,"0",rpm,fractional_cadence,"0.0",rpm,enhanced_altitude,"15.799999999999955",m,enhanced_speed,"2.314",m/s,,,,,,,,,,,,,,,,,,,,,,,,,,,,,,,,,,,,,,,,,,,,,,,,,,,,,,,,,,,,,,,,,,,,,,,,,,,,,,,,,,,,,,,,,,,,,,,,,,,,,,,,,,,,,,,,,,,,,,,,,,,,,,,,,,,,,,,,,,,,,,,,,,,,,,,,,,,,,,,,,,,
Data,12,record,timestamp,"944866953",s,position_lat,"390361276",semicircles,position_long,"-1398129198",semicircles,distance,"30839.7",m,altitude,"16.0",m,speed,"2.127",m/s,unknown,"0",,unknown,"300",,heart_rate,"139",bpm,cadence,"0",rpm,fractional_cadence,"0.0",rpm,enhanced_altitude,"16.0",m,enhanced_speed,"2.127",m/s,,,,,,,,,,,,,,,,,,,,,,,,,,,,,,,,,,,,,,,,,,,,,,,,,,,,,,,,,,,,,,,,,,,,,,,,,,,,,,,,,,,,,,,,,,,,,,,,,,,,,,,,,,,,,,,,,,,,,,,,,,,,,,,,,,,,,,,,,,,,,,,,,,,,,,,,,,,,,,,,,,,
Data,12,record,timestamp,"944866954",s,position_lat,"390361150",semicircles,position_long,"-1398128960",semicircles,distance,"30841.9",m,altitude,"15.799999999999955",m,speed,"2.118",m/s,unknown,"0",,unknown,"300",,heart_rate,"139",bpm,cadence,"0",rpm,fractional_cadence,"0.0",rpm,enhanced_altitude,"15.799999999999955",m,enhanced_speed,"2.118",m/s,,,,,,,,,,,,,,,,,,,,,,,,,,,,,,,,,,,,,,,,,,,,,,,,,,,,,,,,,,,,,,,,,,,,,,,,,,,,,,,,,,,,,,,,,,,,,,,,,,,,,,,,,,,,,,,,,,,,,,,,,,,,,,,,,,,,,,,,,,,,,,,,,,,,,,,,,,,,,,,,,,,
Data,12,record,timestamp,"944866960",s,position_lat,"390360570",semicircles,position_long,"-1398127554",semicircles,distance,"30854.17",m,altitude,"15.600000000000023",m,speed,"1.941",m/s,unknown,"0",,unknown,"300",,heart_rate,"142",bpm,cadence,"0",rpm,fractional_cadence,"0.0",rpm,enhanced_altitude,"15.600000000000023",m,enhanced_speed,"1.941",m/s,,,,,,,,,,,,,,,,,,,,,,,,,,,,,,,,,,,,,,,,,,,,,,,,,,,,,,,,,,,,,,,,,,,,,,,,,,,,,,,,,,,,,,,,,,,,,,,,,,,,,,,,,,,,,,,,,,,,,,,,,,,,,,,,,,,,,,,,,,,,,,,,,,,,,,,,,,,,,,,,,,,
Data,12,record,timestamp,"944866964",s,position_lat,"390360086",semicircles,position_long,"-1398126751",semicircles,distance,"30861.92",m,altitude,"15.600000000000023",m,speed,"1.764",m/s,unknown,"0",,unknown,"300",,heart_rate,"141",bpm,cadence,"0",rpm,fractional_cadence,"0.0",rpm,enhanced_altitude,"15.600000000000023",m,enhanced_speed,"1.764",m/s,,,,,,,,,,,,,,,,,,,,,,,,,,,,,,,,,,,,,,,,,,,,,,,,,,,,,,,,,,,,,,,,,,,,,,,,,,,,,,,,,,,,,,,,,,,,,,,,,,,,,,,,,,,,,,,,,,,,,,,,,,,,,,,,,,,,,,,,,,,,,,,,,,,,,,,,,,,,,,,,,,,
Data,12,record,timestamp,"944866968",s,position_lat,"390359549",semicircles,position_long,"-1398126000",semicircles,distance,"30869.68",m,altitude,"15.399999999999977",m,speed,"2.473",m/s,unknown,"0",,unknown,"100",,heart_rate,"138",bpm,cadence,"0",rpm,fractional_cadence,"0.0",rpm,enhanced_altitude,"15.399999999999977",m,enhanced_speed,"2.473",m/s,,,,,,,,,,,,,,,,,,,,,,,,,,,,,,,,,,,,,,,,,,,,,,,,,,,,,,,,,,,,,,,,,,,,,,,,,,,,,,,,,,,,,,,,,,,,,,,,,,,,,,,,,,,,,,,,,,,,,,,,,,,,,,,,,,,,,,,,,,,,,,,,,,,,,,,,,,,,,,,,,,,
Data,12,record,timestamp,"944866970",s,position_lat,"390359163",semicircles,position_long,"-1398125493",semicircles,distance,"30875.06",m,altitude,"15.200000000000045",m,speed,"2.482",m/s,unknown,"0",,unknown,"100",,heart_rate,"139",bpm,cadence,"0",rpm,fractional_cadence,"0.0",rpm,enhanced_altitude,"15.200000000000045",m,enhanced_speed,"2.482",m/s,,,,,,,,,,,,,,,,,,,,,,,,,,,,,,,,,,,,,,,,,,,,,,,,,,,,,,,,,,,,,,,,,,,,,,,,,,,,,,,,,,,,,,,,,,,,,,,,,,,,,,,,,,,,,,,,,,,,,,,,,,,,,,,,,,,,,,,,,,,,,,,,,,,,,,,,,,,,,,,,,,,
Data,12,record,timestamp,"944866976",s,position_lat,"390357586",semicircles,position_long,"-1398124691",semicircles,distance,"30891.07",m,altitude,"15.200000000000045",m,speed,"2.669",m/s,unknown,"0",,unknown,"100",,heart_rate,"138",bpm,cadence,"0",rpm,fractional_cadence,"0.0",rpm,enhanced_altitude,"15.200000000000045",m,enhanced_speed,"2.669",m/s,,,,,,,,,,,,,,,,,,,,,,,,,,,,,,,,,,,,,,,,,,,,,,,,,,,,,,,,,,,,,,,,,,,,,,,,,,,,,,,,,,,,,,,,,,,,,,,,,,,,,,,,,,,,,,,,,,,,,,,,,,,,,,,,,,,,,,,,,,,,,,,,,,,,,,,,,,,,,,,,,,,
Data,12,record,timestamp,"944866978",s,position_lat,"390356923",semicircles,position_long,"-1398124420",semicircles,distance,"30897.59",m,altitude,"15.0",m,speed,"3.116",m/s,unknown,"0",,unknown,"100",,heart_rate,"138",bpm,cadence,"0",rpm,fractional_cadence,"0.0",rpm,enhanced_altitude,"15.0",m,enhanced_speed,"3.116",m/s,,,,,,,,,,,,,,,,,,,,,,,,,,,,,,,,,,,,,,,,,,,,,,,,,,,,,,,,,,,,,,,,,,,,,,,,,,,,,,,,,,,,,,,,,,,,,,,,,,,,,,,,,,,,,,,,,,,,,,,,,,,,,,,,,,,,,,,,,,,,,,,,,,,,,,,,,,,,,,,,,,,
Data,12,record,timestamp,"944866984",s,position_lat,"390354805",semicircles,position_long,"-1398123457",semicircles,distance,"30918.68",m,altitude,"14.799999999999955",m,speed,"3.443",m/s,unknown,"0",,unknown,"100",,heart_rate,"138",bpm,cadence,"0",rpm,fractional_cadence,"0.0",rpm,enhanced_altitude,"14.799999999999955",m,enhanced_speed,"3.443",m/s,,,,,,,,,,,,,,,,,,,,,,,,,,,,,,,,,,,,,,,,,,,,,,,,,,,,,,,,,,,,,,,,,,,,,,,,,,,,,,,,,,,,,,,,,,,,,,,,,,,,,,,,,,,,,,,,,,,,,,,,,,,,,,,,,,,,,,,,,,,,,,,,,,,,,,,,,,,,,,,,,,,
Data,12,record,timestamp,"944866992",s,position_lat,"390352317",semicircles,position_long,"-1398121327",semicircles,distance,"30947.34",m,altitude,"14.799999999999955",m,speed,"3.546",m/s,unknown,"0",,unknown,"300",,heart_rate,"138",bpm,cadence,"0",rpm,fractional_cadence,"0.0",rpm,enhanced_altitude,"14.799999999999955",m,enhanced_speed,"3.546",m/s,,,,,,,,,,,,,,,,,,,,,,,,,,,,,,,,,,,,,,,,,,,,,,,,,,,,,,,,,,,,,,,,,,,,,,,,,,,,,,,,,,,,,,,,,,,,,,,,,,,,,,,,,,,,,,,,,,,,,,,,,,,,,,,,,,,,,,,,,,,,,,,,,,,,,,,,,,,,,,,,,,,
Data,12,record,timestamp,"944867000",s,position_lat,"390349968",semicircles,position_long,"-1398119340",semicircles,distance,"30974.2",m,altitude,"14.600000000000023",m,speed,"3.406",m/s,unknown,"0",,unknown,"100",,heart_rate,"135",bpm,cadence,"0",rpm,fractional_cadence,"0.0",rpm,enhanced_altitude,"14.600000000000023",m,enhanced_speed,"3.406",m/s,,,,,,,,,,,,,,,,,,,,,,,,,,,,,,,,,,,,,,,,,,,,,,,,,,,,,,,,,,,,,,,,,,,,,,,,,,,,,,,,,,,,,,,,,,,,,,,,,,,,,,,,,,,,,,,,,,,,,,,,,,,,,,,,,,,,,,,,,,,,,,,,,,,,,,,,,,,,,,,,,,,
Data,12,record,timestamp,"944867001",s,position_lat,"390349657",semicircles,position_long,"-1398119119",semicircles,distance,"30977.58",m,altitude,"14.600000000000023",m,speed,"3.322",m/s,unknown,"0",,unknown,"100",,heart_rate,"138",bpm,cadence,"0",rpm,fractional_cadence,"0.0",rpm,enhanced_altitude,"14.600000000000023",m,enhanced_speed,"3.322",m/s,,,,,,,,,,,,,,,,,,,,,,,,,,,,,,,,,,,,,,,,,,,,,,,,,,,,,,,,,,,,,,,,,,,,,,,,,,,,,,,,,,,,,,,,,,,,,,,,,,,,,,,,,,,,,,,,,,,,,,,,,,,,,,,,,,,,,,,,,,,,,,,,,,,,,,,,,,,,,,,,,,,
Data,12,record,timestamp,"944867003",s,position_lat,"390349034",semicircles,position_long,"-1398118683",semicircles,distance,"30984.31",m,altitude,"14.600000000000023",m,speed,"3.406",m/s,unknown,"0",,unknown,"100",,heart_rate,"135",bpm,cadence,"0",rpm,fractional_cadence,"0.0",rpm,enhanced_altitude,"14.600000000000023",m,enhanced_speed,"3.406",m/s,,,,,,,,,,,,,,,,,,,,,,,,,,,,,,,,,,,,,,,,,,,,,,,,,,,,,,,,,,,,,,,,,,,,,,,,,,,,,,,,,,,,,,,,,,,,,,,,,,,,,,,,,,,,,,,,,,,,,,,,,,,,,,,,,,,,,,,,,,,,,,,,,,,,,,,,,,,,,,,,,,,
Data,12,record,timestamp,"944867010",s,position_lat,"390346751",semicircles,position_long,"-1398116990",semicircles,distance,"31009.35",m,altitude,"14.600000000000023",m,speed,"3.378",m/s,unknown,"0",,unknown,"100",,heart_rate,"134",bpm,cadence,"0",rpm,fractional_cadence,"0.0",rpm,enhanced_altitude,"14.600000000000023",m,enhanced_speed,"3.378",m/s,,,,,,,,,,,,,,,,,,,,,,,,,,,,,,,,,,,,,,,,,,,,,,,,,,,,,,,,,,,,,,,,,,,,,,,,,,,,,,,,,,,,,,,,,,,,,,,,,,,,,,,,,,,,,,,,,,,,,,,,,,,,,,,,,,,,,,,,,,,,,,,,,,,,,,,,,,,,,,,,,,,
Data,12,record,timestamp,"944867018",s,position_lat,"390344301",semicircles,position_long,"-1398115368",semicircles,distance,"31035.45",m,altitude,"14.600000000000023",m,speed,"3.471",m/s,unknown,"0",,unknown,"100",,heart_rate,"131",bpm,cadence,"0",rpm,fractional_cadence,"0.0",rpm,enhanced_altitude,"14.600000000000023",m,enhanced_speed,"3.471",m/s,,,,,,,,,,,,,,,,,,,,,,,,,,,,,,,,,,,,,,,,,,,,,,,,,,,,,,,,,,,,,,,,,,,,,,,,,,,,,,,,,,,,,,,,,,,,,,,,,,,,,,,,,,,,,,,,,,,,,,,,,,,,,,,,,,,,,,,,,,,,,,,,,,,,,,,,,,,,,,,,,,,
Data,12,record,timestamp,"944867019",s,position_lat,"390343984",semicircles,position_long,"-1398115146",semicircles,distance,"31038.88",m,altitude,"14.600000000000023",m,speed,"3.35",m/s,unknown,"0",,unknown,"100",,heart_rate,"133",bpm,cadence,"0",rpm,fractional_cadence,"0.0",rpm,enhanced_altitude,"14.600000000000023",m,enhanced_speed,"3.35",m/s,,,,,,,,,,,,,,,,,,,,,,,,,,,,,,,,,,,,,,,,,,,,,,,,,,,,,,,,,,,,,,,,,,,,,,,,,,,,,,,,,,,,,,,,,,,,,,,,,,,,,,,,,,,,,,,,,,,,,,,,,,,,,,,,,,,,,,,,,,,,,,,,,,,,,,,,,,,,,,,,,,,
Data,12,record,timestamp,"944867026",s,position_lat,"390341860",semicircles,position_long,"-1398113703",semicircles,distance,"31061.63",m,altitude,"14.600000000000023",m,speed,"2.958",m/s,unknown,"0",,unknown,"100",,heart_rate,"130",bpm,cadence,"0",rpm,fractional_cadence,"0.0",rpm,enhanced_altitude,"14.600000000000023",m,enhanced_speed,"2.958",m/s,,,,,,,,,,,,,,,,,,,,,,,,,,,,,,,,,,,,,,,,,,,,,,,,,,,,,,,,,,,,,,,,,,,,,,,,,,,,,,,,,,,,,,,,,,,,,,,,,,,,,,,,,,,,,,,,,,,,,,,,,,,,,,,,,,,,,,,,,,,,,,,,,,,,,,,,,,,,,,,,,,,
Data,12,record,timestamp,"944867027",s,position_lat,"390341590",semicircles,position_long,"-1398113489",semicircles,distance,"31064.65",m,altitude,"14.600000000000023",m,speed,"3.088",m/s,unknown,"0",,unknown,"100",,heart_rate,"129",bpm,cadence,"0",rpm,fractional_cadence,"0.0",rpm,enhanced_altitude,"14.600000000000023",m,enhanced_speed,"3.088",m/s,,,,,,,,,,,,,,,,,,,,,,,,,,,,,,,,,,,,,,,,,,,,,,,,,,,,,,,,,,,,,,,,,,,,,,,,,,,,,,,,,,,,,,,,,,,,,,,,,,,,,,,,,,,,,,,,,,,,,,,,,,,,,,,,,,,,,,,,,,,,,,,,,,,,,,,,,,,,,,,,,,,
Data,12,record,timestamp,"944867028",s,position_lat,"390341325",semicircles,position_long,"-1398113276",semicircles,distance,"31067.64",m,altitude,"14.600000000000023",m,speed,"3.088",m/s,unknown,"0",,unknown,"100",,heart_rate,"133",bpm,cadence,"0",rpm,fractional_cadence,"0.0",rpm,enhanced_altitude,"14.600000000000023",m,enhanced_speed,"3.088",m/s,,,,,,,,,,,,,,,,,,,,,,,,,,,,,,,,,,,,,,,,,,,,,,,,,,,,,,,,,,,,,,,,,,,,,,,,,,,,,,,,,,,,,,,,,,,,,,,,,,,,,,,,,,,,,,,,,,,,,,,,,,,,,,,,,,,,,,,,,,,,,,,,,,,,,,,,,,,,,,,,,,,
Data,12,record,timestamp,"944867033",s,position_lat,"390340009",semicircles,position_long,"-1398112152",semicircles,distance,"31082.73",m,altitude,"14.399999999999977",m,speed,"3.126",m/s,unknown,"0",,unknown,"100",,heart_rate,"136",bpm,cadence,"0",rpm,fractional_cadence,"0.0",rpm,enhanced_altitude,"14.399999999999977",m,enhanced_speed,"3.126",m/s,,,,,,,,,,,,,,,,,,,,,,,,,,,,,,,,,,,,,,,,,,,,,,,,,,,,,,,,,,,,,,,,,,,,,,,,,,,,,,,,,,,,,,,,,,,,,,,,,,,,,,,,,,,,,,,,,,,,,,,,,,,,,,,,,,,,,,,,,,,,,,,,,,,,,,,,,,,,,,,,,,,
Data,12,record,timestamp,"944867036",s,position_lat,"390339122",semicircles,position_long,"-1398111427",semicircles,distance,"31092.76",m,altitude,"14.600000000000023",m,speed,"3.228",m/s,unknown,"0",,unknown,"100",,heart_rate,"137",bpm,cadence,"0",rpm,fractional_cadence,"0.0",rpm,enhanced_altitude,"14.600000000000023",m,enhanced_speed,"3.228",m/s,,,,,,,,,,,,,,,,,,,,,,,,,,,,,,,,,,,,,,,,,,,,,,,,,,,,,,,,,,,,,,,,,,,,,,,,,,,,,,,,,,,,,,,,,,,,,,,,,,,,,,,,,,,,,,,,,,,,,,,,,,,,,,,,,,,,,,,,,,,,,,,,,,,,,,,,,,,,,,,,,,,
Data,12,record,timestamp,"944867042",s,position_lat,"390337458",semicircles,position_long,"-1398109971",semicircles,distance,"31111.99",m,altitude,"14.600000000000023",m,speed,"3.396",m/s,unknown,"0",,unknown,"100",,heart_rate,"141",bpm,cadence,"0",rpm,fractional_cadence,"0.0",rpm,enhanced_altitude,"14.600000000000023",m,enhanced_speed,"3.396",m/s,,,,,,,,,,,,,,,,,,,,,,,,,,,,,,,,,,,,,,,,,,,,,,,,,,,,,,,,,,,,,,,,,,,,,,,,,,,,,,,,,,,,,,,,,,,,,,,,,,,,,,,,,,,,,,,,,,,,,,,,,,,,,,,,,,,,,,,,,,,,,,,,,,,,,,,,,,,,,,,,,,,
Data,12,record,timestamp,"944867043",s,position_lat,"390337180",semicircles,position_long,"-1398109698",semicircles,distance,"31115.35",m,altitude,"14.600000000000023",m,speed,"3.49",m/s,unknown,"0",,unknown,"100",,heart_rate,"141",bpm,cadence,"0",rpm,fractional_cadence,"0.0",rpm,enhanced_altitude,"14.600000000000023",m,enhanced_speed,"3.49",m/s,,,,,,,,,,,,,,,,,,,,,,,,,,,,,,,,,,,,,,,,,,,,,,,,,,,,,,,,,,,,,,,,,,,,,,,,,,,,,,,,,,,,,,,,,,,,,,,,,,,,,,,,,,,,,,,,,,,,,,,,,,,,,,,,,,,,,,,,,,,,,,,,,,,,,,,,,,,,,,,,,,,
Data,12,record,timestamp,"944867051",s,position_lat,"390335086",semicircles,position_long,"-1398107608",semicircles,distance,"31140.82",m,altitude,"14.600000000000023",m,speed,"3.116",m/s,unknown,"0",,unknown,"100",,heart_rate,"141",bpm,cadence,"40",rpm,fractional_cadence,"0.5",rpm,enhanced_altitude,"14.600000000000023",m,enhanced_speed,"3.116",m/s,,,,,,,,,,,,,,,,,,,,,,,,,,,,,,,,,,,,,,,,,,,,,,,,,,,,,,,,,,,,,,,,,,,,,,,,,,,,,,,,,,,,,,,,,,,,,,,,,,,,,,,,,,,,,,,,,,,,,,,,,,,,,,,,,,,,,,,,,,,,,,,,,,,,,,,,,,,,,,,,,,,
Data,12,record,timestamp,"944867060",s,position_lat,"390332416",semicircles,position_long,"-1398105366",semicircles,distance,"31171.27",m,altitude,"14.600000000000023",m,speed,"3.508",m/s,unknown,"0",,unknown,"100",,heart_rate,"142",bpm,cadence,"68",rpm,fractional_cadence,"0.0",rpm,enhanced_altitude,"14.600000000000023",m,enhanced_speed,"3.508",m/s,,,,,,,,,,,,,,,,,,,,,,,,,,,,,,,,,,,,,,,,,,,,,,,,,,,,,,,,,,,,,,,,,,,,,,,,,,,,,,,,,,,,,,,,,,,,,,,,,,,,,,,,,,,,,,,,,,,,,,,,,,,,,,,,,,,,,,,,,,,,,,,,,,,,,,,,,,,,,,,,,,,
Data,12,record,timestamp,"944867067",s,position_lat,"390330339",semicircles,position_long,"-1398103327",semicircles,distance,"31196.37",m,altitude,"14.600000000000023",m,speed,"3.247",m/s,unknown,"0",,unknown,"100",,heart_rate,"142",bpm,cadence,"0",rpm,fractional_cadence,"0.0",rpm,enhanced_altitude,"14.600000000000023",m,enhanced_speed,"3.247",m/s,,,,,,,,,,,,,,,,,,,,,,,,,,,,,,,,,,,,,,,,,,,,,,,,,,,,,,,,,,,,,,,,,,,,,,,,,,,,,,,,,,,,,,,,,,,,,,,,,,,,,,,,,,,,,,,,,,,,,,,,,,,,,,,,,,,,,,,,,,,,,,,,,,,,,,,,,,,,,,,,,,,
Data,12,record,timestamp,"944867073",s,position_lat,"390328832",semicircles,position_long,"-1398101714",semicircles,distance,"31215.27",m,altitude,"14.799999999999955",m,speed,"3.228",m/s,unknown,"0",,unknown,"100",,heart_rate,"140",bpm,cadence,"0",rpm,fractional_cadence,"0.0",rpm,enhanced_altitude,"14.799999999999955",m,enhanced_speed,"3.228",m/s,,,,,,,,,,,,,,,,,,,,,,,,,,,,,,,,,,,,,,,,,,,,,,,,,,,,,,,,,,,,,,,,,,,,,,,,,,,,,,,,,,,,,,,,,,,,,,,,,,,,,,,,,,,,,,,,,,,,,,,,,,,,,,,,,,,,,,,,,,,,,,,,,,,,,,,,,,,,,,,,,,,
Data,12,record,timestamp,"944867078",s,position_lat,"390327594",semicircles,position_long,"-1398100357",semicircles,distance,"31230.98",m,altitude,"14.799999999999955",m,speed,"3.219",m/s,unknown,"0",,unknown,"100",,heart_rate,"143",bpm,cadence,"52",rpm,fractional_cadence,"0.5",rpm,enhanced_altitude,"14.799999999999955",m,enhanced_speed,"3.219",m/s,,,,,,,,,,,,,,,,,,,,,,,,,,,,,,,,,,,,,,,,,,,,,,,,,,,,,,,,,,,,,,,,,,,,,,,,,,,,,,,,,,,,,,,,,,,,,,,,,,,,,,,,,,,,,,,,,,,,,,,,,,,,,,,,,,,,,,,,,,,,,,,,,,,,,,,,,,,,,,,,,,,
Data,12,record,timestamp,"944867081",s,position_lat,"390326776",semicircles,position_long,"-1398099572",semicircles,distance,"31240.77",m,altitude,"14.799999999999955",m,speed,"3.275",m/s,unknown,"0",,unknown,"100",,heart_rate,"141",bpm,cadence,"0",rpm,fractional_cadence,"0.0",rpm,enhanced_altitude,"14.799999999999955",m,enhanced_speed,"3.275",m/s,,,,,,,,,,,,,,,,,,,,,,,,,,,,,,,,,,,,,,,,,,,,,,,,,,,,,,,,,,,,,,,,,,,,,,,,,,,,,,,,,,,,,,,,,,,,,,,,,,,,,,,,,,,,,,,,,,,,,,,,,,,,,,,,,,,,,,,,,,,,,,,,,,,,,,,,,,,,,,,,,,,
Data,12,record,timestamp,"944867087",s,position_lat,"390325219",semicircles,position_long,"-1398098051",semicircles,distance,"31259.54",m,altitude,"14.600000000000023",m,speed,"3.079",m/s,unknown,"0",,unknown,"100",,heart_rate,"142",bpm,cadence,"0",rpm,fractional_cadence,"0.0",rpm,enhanced_altitude,"14.600000000000023",m,enhanced_speed,"3.079",m/s,,,,,,,,,,,,,,,,,,,,,,,,,,,,,,,,,,,,,,,,,,,,,,,,,,,,,,,,,,,,,,,,,,,,,,,,,,,,,,,,,,,,,,,,,,,,,,,,,,,,,,,,,,,,,,,,,,,,,,,,,,,,,,,,,,,,,,,,,,,,,,,,,,,,,,,,,,,,,,,,,,,
Data,12,record,timestamp,"944867093",s,position_lat,"390323967",semicircles,position_long,"-1398096542",semicircles,distance,"31276.13",m,altitude,"14.600000000000023",m,speed,"2.613",m/s,unknown,"0",,unknown,"100",,heart_rate,"140",bpm,cadence,"0",rpm,fractional_cadence,"0.0",rpm,enhanced_altitude,"14.600000000000023",m,enhanced_speed,"2.613",m/s,,,,,,,,,,,,,,,,,,,,,,,,,,,,,,,,,,,,,,,,,,,,,,,,,,,,,,,,,,,,,,,,,,,,,,,,,,,,,,,,,,,,,,,,,,,,,,,,,,,,,,,,,,,,,,,,,,,,,,,,,,,,,,,,,,,,,,,,,,,,,,,,,,,,,,,,,,,,,,,,,,,
Data,12,record,timestamp,"944867100",s,position_lat,"390321837",semicircles,position_long,"-1398094550",semicircles,distance,"31301.36",m,altitude,"14.600000000000023",m,speed,"3.107",m/s,unknown,"0",,unknown,"100",,heart_rate,"142",bpm,cadence,"0",rpm,fractional_cadence,"0.0",rpm,enhanced_altitude,"14.600000000000023",m,enhanced_speed,"3.107",m/s,,,,,,,,,,,,,,,,,,,,,,,,,,,,,,,,,,,,,,,,,,,,,,,,,,,,,,,,,,,,,,,,,,,,,,,,,,,,,,,,,,,,,,,,,,,,,,,,,,,,,,,,,,,,,,,,,,,,,,,,,,,,,,,,,,,,,,,,,,,,,,,,,,,,,,,,,,,,,,,,,,,
Data,12,record,timestamp,"944867107",s,position_lat,"390320252",semicircles,position_long,"-1398093097",semicircles,distance,"31320.01",m,altitude,"14.600000000000023",m,speed,"3.06",m/s,unknown,"0",,unknown,"100",,heart_rate,"139",bpm,cadence,"0",rpm,fractional_cadence,"0.0",rpm,enhanced_altitude,"14.600000000000023",m,enhanced_speed,"3.06",m/s,,,,,,,,,,,,,,,,,,,,,,,,,,,,,,,,,,,,,,,,,,,,,,,,,,,,,,,,,,,,,,,,,,,,,,,,,,,,,,,,,,,,,,,,,,,,,,,,,,,,,,,,,,,,,,,,,,,,,,,,,,,,,,,,,,,,,,,,,,,,,,,,,,,,,,,,,,,,,,,,,,,
Data,12,record,timestamp,"944867116",s,position_lat,"390317750",semicircles,position_long,"-1398090880",semicircles,distance,"31349.06",m,altitude,"14.600000000000023",m,speed,"3.088",m/s,unknown,"0",,unknown,"100",,heart_rate,"140",bpm,cadence,"0",rpm,fractional_cadence,"0.0",rpm,enhanced_altitude,"14.600000000000023",m,enhanced_speed,"3.088",m/s,,,,,,,,,,,,,,,,,,,,,,,,,,,,,,,,,,,,,,,,,,,,,,,,,,,,,,,,,,,,,,,,,,,,,,,,,,,,,,,,,,,,,,,,,,,,,,,,,,,,,,,,,,,,,,,,,,,,,,,,,,,,,,,,,,,,,,,,,,,,,,,,,,,,,,,,,,,,,,,,,,,
Data,12,record,timestamp,"944867124",s,position_lat,"390315462",semicircles,position_long,"-1398089101",semicircles,distance,"31374.51",m,altitude,"14.600000000000023",m,speed,"3.135",m/s,unknown,"0",,unknown,"100",,heart_rate,"138",bpm,cadence,"0",rpm,fractional_cadence,"0.0",rpm,enhanced_altitude,"14.600000000000023",m,enhanced_speed,"3.135",m/s,,,,,,,,,,,,,,,,,,,,,,,,,,,,,,,,,,,,,,,,,,,,,,,,,,,,,,,,,,,,,,,,,,,,,,,,,,,,,,,,,,,,,,,,,,,,,,,,,,,,,,,,,,,,,,,,,,,,,,,,,,,,,,,,,,,,,,,,,,,,,,,,,,,,,,,,,,,,,,,,,,,
Data,12,record,timestamp,"944867132",s,position_lat,"390313053",semicircles,position_long,"-1398087297",semicircles,distance,"31401.04",m,altitude,"14.600000000000023",m,speed,"3.219",m/s,unknown,"0",,unknown,"100",,heart_rate,"137",bpm,cadence,"0",rpm,fractional_cadence,"0.0",rpm,enhanced_altitude,"14.600000000000023",m,enhanced_speed,"3.219",m/s,,,,,,,,,,,,,,,,,,,,,,,,,,,,,,,,,,,,,,,,,,,,,,,,,,,,,,,,,,,,,,,,,,,,,,,,,,,,,,,,,,,,,,,,,,,,,,,,,,,,,,,,,,,,,,,,,,,,,,,,,,,,,,,,,,,,,,,,,,,,,,,,,,,,,,,,,,,,,,,,,,,
Data,12,record,timestamp,"944867139",s,position_lat,"390311087",semicircles,position_long,"-1398085563",semicircles,distance,"31423.93",m,altitude,"14.600000000000023",m,speed,"3.34",m/s,unknown,"0",,unknown,"100",,heart_rate,"136",bpm,cadence,"0",rpm,fractional_cadence,"0.0",rpm,enhanced_altitude,"14.600000000000023",m,enhanced_speed,"3.34",m/s,,,,,,,,,,,,,,,,,,,,,,,,,,,,,,,,,,,,,,,,,,,,,,,,,,,,,,,,,,,,,,,,,,,,,,,,,,,,,,,,,,,,,,,,,,,,,,,,,,,,,,,,,,,,,,,,,,,,,,,,,,,,,,,,,,,,,,,,,,,,,,,,,,,,,,,,,,,,,,,,,,,
Data,12,record,timestamp,"944867142",s,position_lat,"390310320",semicircles,position_long,"-1398084696",semicircles,distance,"31433.79",m,altitude,"14.600000000000023",m,speed,"3.051",m/s,unknown,"0",,unknown,"300",,heart_rate,"132",bpm,cadence,"0",rpm,fractional_cadence,"0.0",rpm,enhanced_altitude,"14.600000000000023",m,enhanced_speed,"3.051",m/s,,,,,,,,,,,,,,,,,,,,,,,,,,,,,,,,,,,,,,,,,,,,,,,,,,,,,,,,,,,,,,,,,,,,,,,,,,,,,,,,,,,,,,,,,,,,,,,,,,,,,,,,,,,,,,,,,,,,,,,,,,,,,,,,,,,,,,,,,,,,,,,,,,,,,,,,,,,,,,,,,,,
Data,12,record,timestamp,"944867147",s,position_lat,"390309370",semicircles,position_long,"-1398083179",semicircles,distance,"31448.61",m,altitude,"14.600000000000023",m,speed,"2.958",m/s,unknown,"0",,unknown,"100",,heart_rate,"131",bpm,cadence,"0",rpm,fractional_cadence,"0.0",rpm,enhanced_altitude,"14.600000000000023",m,enhanced_speed,"2.958",m/s,,,,,,,,,,,,,,,,,,,,,,,,,,,,,,,,,,,,,,,,,,,,,,,,,,,,,,,,,,,,,,,,,,,,,,,,,,,,,,,,,,,,,,,,,,,,,,,,,,,,,,,,,,,,,,,,,,,,,,,,,,,,,,,,,,,,,,,,,,,,,,,,,,,,,,,,,,,,,,,,,,,
Data,12,record,timestamp,"944867149",s,position_lat,"390309001",semicircles,position_long,"-1398082563",semicircles,distance,"31454.54",m,altitude,"14.600000000000023",m,speed,"2.874",m/s,unknown,"0",,unknown,"100",,heart_rate,"128",bpm,cadence,"56",rpm,fractional_cadence,"0.5",rpm,enhanced_altitude,"14.600000000000023",m,enhanced_speed,"2.874",m/s,,,,,,,,,,,,,,,,,,,,,,,,,,,,,,,,,,,,,,,,,,,,,,,,,,,,,,,,,,,,,,,,,,,,,,,,,,,,,,,,,,,,,,,,,,,,,,,,,,,,,,,,,,,,,,,,,,,,,,,,,,,,,,,,,,,,,,,,,,,,,,,,,,,,,,,,,,,,,,,,,,,
Data,12,record,timestamp,"944867153",s,position_lat,"390308257",semicircles,position_long,"-1398081316",semicircles,distance,"31466.63",m,altitude,"14.600000000000023",m,speed,"3.088",m/s,unknown,"0",,unknown,"100",,heart_rate,"130",bpm,cadence,"0",rpm,fractional_cadence,"0.0",rpm,enhanced_altitude,"14.600000000000023",m,enhanced_speed,"3.088",m/s,,,,,,,,,,,,,,,,,,,,,,,,,,,,,,,,,,,,,,,,,,,,,,,,,,,,,,,,,,,,,,,,,,,,,,,,,,,,,,,,,,,,,,,,,,,,,,,,,,,,,,,,,,,,,,,,,,,,,,,,,,,,,,,,,,,,,,,,,,,,,,,,,,,,,,,,,,,,,,,,,,,
Data,12,record,timestamp,"944867160",s,position_lat,"390306842",semicircles,position_long,"-1398079178",semicircles,distance,"31488.02",m,altitude,"14.600000000000023",m,speed,"3.126",m/s,unknown,"0",,unknown,"100",,heart_rate,"127",bpm,cadence,"0",rpm,fractional_cadence,"0.0",rpm,enhanced_altitude,"14.600000000000023",m,enhanced_speed,"3.126",m/s,,,,,,,,,,,,,,,,,,,,,,,,,,,,,,,,,,,,,,,,,,,,,,,,,,,,,,,,,,,,,,,,,,,,,,,,,,,,,,,,,,,,,,,,,,,,,,,,,,,,,,,,,,,,,,,,,,,,,,,,,,,,,,,,,,,,,,,,,,,,,,,,,,,,,,,,,,,,,,,,,,,
Data,12,record,timestamp,"944867161",s,position_lat,"390306621",semicircles,position_long,"-1398078894",semicircles,distance,"31491.06",m,altitude,"14.600000000000023",m,speed,"3.032",m/s,unknown,"0",,unknown,"100",,heart_rate,"126",bpm,cadence,"0",rpm,fractional_cadence,"0.0",rpm,enhanced_altitude,"14.600000000000023",m,enhanced_speed,"3.032",m/s,,,,,,,,,,,,,,,,,,,,,,,,,,,,,,,,,,,,,,,,,,,,,,,,,,,,,,,,,,,,,,,,,,,,,,,,,,,,,,,,,,,,,,,,,,,,,,,,,,,,,,,,,,,,,,,,,,,,,,,,,,,,,,,,,,,,,,,,,,,,,,,,,,,,,,,,,,,,,,,,,,,
Data,12,record,timestamp,"944867169",s,position_lat,"390304566",semicircles,position_long,"-1398076589",semicircles,distance,"31517.36",m,altitude,"14.600000000000023",m,speed,"2.939",m/s,unknown,"0",,unknown,"100",,heart_rate,"128",bpm,cadence,"0",rpm,fractional_cadence,"0.0",rpm,enhanced_altitude,"14.600000000000023",m,enhanced_speed,"2.939",m/s,,,,,,,,,,,,,,,,,,,,,,,,,,,,,,,,,,,,,,,,,,,,,,,,,,,,,,,,,,,,,,,,,,,,,,,,,,,,,,,,,,,,,,,,,,,,,,,,,,,,,,,,,,,,,,,,,,,,,,,,,,,,,,,,,,,,,,,,,,,,,,,,,,,,,,,,,,,,,,,,,,,
Data,12,record,timestamp,"944867175",s,position_lat,"390303191",semicircles,position_long,"-1398074924",semicircles,distance,"31535.62",m,altitude,"14.600000000000023",m,speed,"2.921",m/s,unknown,"0",,unknown,"100",,heart_rate,"127",bpm,cadence,"0",rpm,fractional_cadence,"0.0",rpm,enhanced_altitude,"14.600000000000023",m,enhanced_speed,"2.921",m/s,,,,,,,,,,,,,,,,,,,,,,,,,,,,,,,,,,,,,,,,,,,,,,,,,,,,,,,,,,,,,,,,,,,,,,,,,,,,,,,,,,,,,,,,,,,,,,,,,,,,,,,,,,,,,,,,,,,,,,,,,,,,,,,,,,,,,,,,,,,,,,,,,,,,,,,,,,,,,,,,,,,
Data,12,record,timestamp,"944867182",s,position_lat,"390301471",semicircles,position_long,"-1398073208",semicircles,distance,"31556.56",m,altitude,"14.600000000000023",m,speed,"2.771",m/s,unknown,"0",,unknown,"300",,heart_rate,"131",bpm,cadence,"0",rpm,fractional_cadence,"0.0",rpm,enhanced_altitude,"14.600000000000023",m,enhanced_speed,"2.771",m/s,,,,,,,,,,,,,,,,,,,,,,,,,,,,,,,,,,,,,,,,,,,,,,,,,,,,,,,,,,,,,,,,,,,,,,,,,,,,,,,,,,,,,,,,,,,,,,,,,,,,,,,,,,,,,,,,,,,,,,,,,,,,,,,,,,,,,,,,,,,,,,,,,,,,,,,,,,,,,,,,,,,
Data,12,record,timestamp,"944867185",s,position_lat,"390300687",semicircles,position_long,"-1398072495",semicircles,distance,"31565.76",m,altitude,"14.200000000000045",m,speed,"3.023",m/s,unknown,"0",,unknown,"300",,heart_rate,"134",bpm,cadence,"0",rpm,fractional_cadence,"0.0",rpm,enhanced_altitude,"14.200000000000045",m,enhanced_speed,"3.023",m/s,,,,,,,,,,,,,,,,,,,,,,,,,,,,,,,,,,,,,,,,,,,,,,,,,,,,,,,,,,,,,,,,,,,,,,,,,,,,,,,,,,,,,,,,,,,,,,,,,,,,,,,,,,,,,,,,,,,,,,,,,,,,,,,,,,,,,,,,,,,,,,,,,,,,,,,,,,,,,,,,,,,
Data,12,record,timestamp,"944867190",s,position_lat,"390299420",semicircles,position_long,"-1398071349",semicircles,distance,"31580.58",m,altitude,"14.0",m,speed,"2.855",m/s,unknown,"0",,unknown,"300",,heart_rate,"135",bpm,cadence,"0",rpm,fractional_cadence,"0.0",rpm,enhanced_altitude,"14.0",m,enhanced_speed,"2.855",m/s,,,,,,,,,,,,,,,,,,,,,,,,,,,,,,,,,,,,,,,,,,,,,,,,,,,,,,,,,,,,,,,,,,,,,,,,,,,,,,,,,,,,,,,,,,,,,,,,,,,,,,,,,,,,,,,,,,,,,,,,,,,,,,,,,,,,,,,,,,,,,,,,,,,,,,,,,,,,,,,,,,,
Data,12,record,timestamp,"944867197",s,position_lat,"390297732",semicircles,position_long,"-1398069734",semicircles,distance,"31600.77",m,altitude,"14.0",m,speed,"3.21",m/s,unknown,"0",,unknown,"100",,heart_rate,"136",bpm,cadence,"0",rpm,fractional_cadence,"0.0",rpm,enhanced_altitude,"14.0",m,enhanced_speed,"3.21",m/s,,,,,,,,,,,,,,,,,,,,,,,,,,,,,,,,,,,,,,,,,,,,,,,,,,,,,,,,,,,,,,,,,,,,,,,,,,,,,,,,,,,,,,,,,,,,,,,,,,,,,,,,,,,,,,,,,,,,,,,,,,,,,,,,,,,,,,,,,,,,,,,,,,,,,,,,,,,,,,,,,,,
Data,12,record,timestamp,"944867199",s,position_lat,"390297203",semicircles,position_long,"-1398069222",semicircles,distance,"31607.12",m,altitude,"14.200000000000045",m,speed,"3.07",m/s,unknown,"0",,unknown,"100",,heart_rate,"133",bpm,cadence,"0",rpm,fractional_cadence,"0.0",rpm,enhanced_altitude,"14.200000000000045",m,enhanced_speed,"3.07",m/s,,,,,,,,,,,,,,,,,,,,,,,,,,,,,,,,,,,,,,,,,,,,,,,,,,,,,,,,,,,,,,,,,,,,,,,,,,,,,,,,,,,,,,,,,,,,,,,,,,,,,,,,,,,,,,,,,,,,,,,,,,,,,,,,,,,,,,,,,,,,,,,,,,,,,,,,,,,,,,,,,,,
Data,12,record,timestamp,"944867204",s,position_lat,"390295966",semicircles,position_long,"-1398067952",semicircles,distance,"31622.35",m,altitude,"14.200000000000045",m,speed,"2.921",m/s,unknown,"0",,unknown,"100",,heart_rate,"133",bpm,cadence,"49",rpm,fractional_cadence,"0.5",rpm,enhanced_altitude,"14.200000000000045",m,enhanced_speed,"2.921",m/s,,,,,,,,,,,,,,,,,,,,,,,,,,,,,,,,,,,,,,,,,,,,,,,,,,,,,,,,,,,,,,,,,,,,,,,,,,,,,,,,,,,,,,,,,,,,,,,,,,,,,,,,,,,,,,,,,,,,,,,,,,,,,,,,,,,,,,,,,,,,,,,,,,,,,,,,,,,,,,,,,,,
Data,12,record,timestamp,"944867206",s,position_lat,"390295549",semicircles,position_long,"-1398067436",semicircles,distance,"31627.96",m,altitude,"14.200000000000045",m,speed,"2.781",m/s,unknown,"0",,unknown,"100",,heart_rate,"130",bpm,cadence,"0",rpm,fractional_cadence,"0.0",rpm,enhanced_altitude,"14.200000000000045",m,enhanced_speed,"2.781",m/s,,,,,,,,,,,,,,,,,,,,,,,,,,,,,,,,,,,,,,,,,,,,,,,,,,,,,,,,,,,,,,,,,,,,,,,,,,,,,,,,,,,,,,,,,,,,,,,,,,,,,,,,,,,,,,,,,,,,,,,,,,,,,,,,,,,,,,,,,,,,,,,,,,,,,,,,,,,,,,,,,,,
Data,12,record,timestamp,"944867209",s,position_lat,"390294846",semicircles,position_long,"-1398066694",semicircles,distance,"31636.72",m,altitude,"14.200000000000045",m,speed,"2.902",m/s,unknown,"0",,unknown,"100",,heart_rate,"134",bpm,cadence,"71",rpm,fractional_cadence,"0.5",rpm,enhanced_altitude,"14.200000000000045",m,enhanced_speed,"2.902",m/s,,,,,,,,,,,,,,,,,,,,,,,,,,,,,,,,,,,,,,,,,,,,,,,,,,,,,,,,,,,,,,,,,,,,,,,,,,,,,,,,,,,,,,,,,,,,,,,,,,,,,,,,,,,,,,,,,,,,,,,,,,,,,,,,,,,,,,,,,,,,,,,,,,,,,,,,,,,,,,,,,,,
Data,12,record,timestamp,"944867212",s,position_lat,"390294120",semicircles,position_long,"-1398065966",semicircles,distance,"31645.56",m,altitude,"14.200000000000045",m,speed,"3.079",m/s,unknown,"0",,unknown,"300",,heart_rate,"137",bpm,cadence,"71",rpm,fractional_cadence,"0.5",rpm,enhanced_altitude,"14.200000000000045",m,enhanced_speed,"3.079",m/s,,,,,,,,,,,,,,,,,,,,,,,,,,,,,,,,,,,,,,,,,,,,,,,,,,,,,,,,,,,,,,,,,,,,,,,,,,,,,,,,,,,,,,,,,,,,,,,,,,,,,,,,,,,,,,,,,,,,,,,,,,,,,,,,,,,,,,,,,,,,,,,,,,,,,,,,,,,,,,,,,,,
Data,12,record,timestamp,"944867213",s,position_lat,"390293887",semicircles,position_long,"-1398065714",semicircles,distance,"31648.5",m,altitude,"14.200000000000045",m,speed,"2.781",m/s,unknown,"0",,unknown,"300",,heart_rate,"137",bpm,cadence,"0",rpm,fractional_cadence,"0.0",rpm,enhanced_altitude,"14.200000000000045",m,enhanced_speed,"2.781",m/s,,,,,,,,,,,,,,,,,,,,,,,,,,,,,,,,,,,,,,,,,,,,,,,,,,,,,,,,,,,,,,,,,,,,,,,,,,,,,,,,,,,,,,,,,,,,,,,,,,,,,,,,,,,,,,,,,,,,,,,,,,,,,,,,,,,,,,,,,,,,,,,,,,,,,,,,,,,,,,,,,,,
Data,12,record,timestamp,"944867218",s,position_lat,"390292755",semicircles,position_long,"-1398064607",semicircles,distance,"31662.18",m,altitude,"14.0",m,speed,"2.613",m/s,unknown,"0",,unknown,"300",,heart_rate,"140",bpm,cadence,"0",rpm,fractional_cadence,"0.0",rpm,enhanced_altitude,"14.0",m,enhanced_speed,"2.613",m/s,,,,,,,,,,,,,,,,,,,,,,,,,,,,,,,,,,,,,,,,,,,,,,,,,,,,,,,,,,,,,,,,,,,,,,,,,,,,,,,,,,,,,,,,,,,,,,,,,,,,,,,,,,,,,,,,,,,,,,,,,,,,,,,,,,,,,,,,,,,,,,,,,,,,,,,,,,,,,,,,,,,
Data,12,record,timestamp,"944867220",s,position_lat,"390292308",semicircles,position_long,"-1398064110",semicircles,distance,"31667.88",m,altitude,"14.0",m,speed,"2.771",m/s,unknown,"0",,unknown,"300",,heart_rate,"140",bpm,cadence,"0",rpm,fractional_cadence,"0.0",rpm,enhanced_altitude,"14.0",m,enhanced_speed,"2.771",m/s,,,,,,,,,,,,,,,,,,,,,,,,,,,,,,,,,,,,,,,,,,,,,,,,,,,,,,,,,,,,,,,,,,,,,,,,,,,,,,,,,,,,,,,,,,,,,,,,,,,,,,,,,,,,,,,,,,,,,,,,,,,,,,,,,,,,,,,,,,,,,,,,,,,,,,,,,,,,,,,,,,,
Data,12,record,timestamp,"944867228",s,position_lat,"390290547",semicircles,position_long,"-1398062244",semicircles,distance,"31689.86",m,altitude,"14.0",m,speed,"2.893",m/s,unknown,"0",,unknown,"100",,heart_rate,"143",bpm,cadence,"0",rpm,fractional_cadence,"0.0",rpm,enhanced_altitude,"14.0",m,enhanced_speed,"2.893",m/s,,,,,,,,,,,,,,,,,,,,,,,,,,,,,,,,,,,,,,,,,,,,,,,,,,,,,,,,,,,,,,,,,,,,,,,,,,,,,,,,,,,,,,,,,,,,,,,,,,,,,,,,,,,,,,,,,,,,,,,,,,,,,,,,,,,,,,,,,,,,,,,,,,,,,,,,,,,,,,,,,,,
Data,12,record,timestamp,"944867229",s,position_lat,"390290301",semicircles,position_long,"-1398061981",semicircles,distance,"31692.94",m,altitude,"14.0",m,speed,"3.014",m/s,unknown,"0",,unknown,"100",,heart_rate,"144",bpm,cadence,"0",rpm,fractional_cadence,"0.0",rpm,enhanced_altitude,"14.0",m,enhanced_speed,"3.014",m/s,,,,,,,,,,,,,,,,,,,,,,,,,,,,,,,,,,,,,,,,,,,,,,,,,,,,,,,,,,,,,,,,,,,,,,,,,,,,,,,,,,,,,,,,,,,,,,,,,,,,,,,,,,,,,,,,,,,,,,,,,,,,,,,,,,,,,,,,,,,,,,,,,,,,,,,,,,,,,,,,,,,
Data,12,record,timestamp,"944867231",s,position_lat,"390289720",semicircles,position_long,"-1398061417",semicircles,distance,"31699.9",m,altitude,"14.0",m,speed,"3.032",m/s,unknown,"0",,unknown,"100",,heart_rate,"142",bpm,cadence,"0",rpm,fractional_cadence,"0.0",rpm,enhanced_altitude,"14.0",m,enhanced_speed,"3.032",m/s,,,,,,,,,,,,,,,,,,,,,,,,,,,,,,,,,,,,,,,,,,,,,,,,,,,,,,,,,,,,,,,,,,,,,,,,,,,,,,,,,,,,,,,,,,,,,,,,,,,,,,,,,,,,,,,,,,,,,,,,,,,,,,,,,,,,,,,,,,,,,,,,,,,,,,,,,,,,,,,,,,,
Data,12,record,timestamp,"944867236",s,position_lat,"390288424",semicircles,position_long,"-1398060168",semicircles,distance,"31715.43",m,altitude,"13.799999999999955",m,speed,"2.855",m/s,unknown,"0",,unknown,"300",,heart_rate,"139",bpm,cadence,"0",rpm,fractional_cadence,"0.0",rpm,enhanced_altitude,"13.799999999999955",m,enhanced_speed,"2.855",m/s,,,,,,,,,,,,,,,,,,,,,,,,,,,,,,,,,,,,,,,,,,,,,,,,,,,,,,,,,,,,,,,,,,,,,,,,,,,,,,,,,,,,,,,,,,,,,,,,,,,,,,,,,,,,,,,,,,,,,,,,,,,,,,,,,,,,,,,,,,,,,,,,,,,,,,,,,,,,,,,,,,,
Data,12,record,timestamp,"944867237",s,position_lat,"390288204",semicircles,position_long,"-1398059918",semicircles,distance,"31718.27",m,altitude,"13.799999999999955",m,speed,"2.846",m/s,unknown,"0",,unknown,"300",,heart_rate,"138",bpm,cadence,"0",rpm,fractional_cadence,"0.0",rpm,enhanced_altitude,"13.799999999999955",m,enhanced_speed,"2.846",m/s,,,,,,,,,,,,,,,,,,,,,,,,,,,,,,,,,,,,,,,,,,,,,,,,,,,,,,,,,,,,,,,,,,,,,,,,,,,,,,,,,,,,,,,,,,,,,,,,,,,,,,,,,,,,,,,,,,,,,,,,,,,,,,,,,,,,,,,,,,,,,,,,,,,,,,,,,,,,,,,,,,,
Data,12,record,timestamp,"944867242",s,position_lat,"390287130",semicircles,position_long,"-1398058734",semicircles,distance,"31731.91",m,altitude,"13.799999999999955",m,speed,"2.827",m/s,unknown,"0",,unknown,"100",,heart_rate,"135",bpm,cadence,"0",rpm,fractional_cadence,"0.0",rpm,enhanced_altitude,"13.799999999999955",m,enhanced_speed,"2.827",m/s,,,,,,,,,,,,,,,,,,,,,,,,,,,,,,,,,,,,,,,,,,,,,,,,,,,,,,,,,,,,,,,,,,,,,,,,,,,,,,,,,,,,,,,,,,,,,,,,,,,,,,,,,,,,,,,,,,,,,,,,,,,,,,,,,,,,,,,,,,,,,,,,,,,,,,,,,,,,,,,,,,,
Data,12,record,timestamp,"944867243",s,position_lat,"390286923",semicircles,position_long,"-1398058474",semicircles,distance,"31734.71",m,altitude,"13.799999999999955",m,speed,"2.743",m/s,unknown,"0",,unknown,"100",,heart_rate,"136",bpm,cadence,"0",rpm,fractional_cadence,"0.0",rpm,enhanced_altitude,"13.799999999999955",m,enhanced_speed,"2.743",m/s,,,,,,,,,,,,,,,,,,,,,,,,,,,,,,,,,,,,,,,,,,,,,,,,,,,,,,,,,,,,,,,,,,,,,,,,,,,,,,,,,,,,,,,,,,,,,,,,,,,,,,,,,,,,,,,,,,,,,,,,,,,,,,,,,,,,,,,,,,,,,,,,,,,,,,,,,,,,,,,,,,,
Data,12,record,timestamp,"944867251",s,position_lat,"390285055",semicircles,position_long,"-1398056517",semicircles,distance,"31757.92",m,altitude,"13.799999999999955",m,speed,"2.958",m/s,unknown,"0",,unknown,"100",,heart_rate,"137",bpm,cadence,"0",rpm,fractional_cadence,"0.0",rpm,enhanced_altitude,"13.799999999999955",m,enhanced_speed,"2.958",m/s,,,,,,,,,,,,,,,,,,,,,,,,,,,,,,,,,,,,,,,,,,,,,,,,,,,,,,,,,,,,,,,,,,,,,,,,,,,,,,,,,,,,,,,,,,,,,,,,,,,,,,,,,,,,,,,,,,,,,,,,,,,,,,,,,,,,,,,,,,,,,,,,,,,,,,,,,,,,,,,,,,,
Data,12,record,timestamp,"944867259",s,position_lat,"390283110",semicircles,position_long,"-1398054469",semicircles,distance,"31782.15",m,altitude,"13.799999999999955",m,speed,"3.004",m/s,unknown,"0",,unknown,"100",,heart_rate,"137",bpm,cadence,"0",rpm,fractional_cadence,"0.0",rpm,enhanced_altitude,"13.799999999999955",m,enhanced_speed,"3.004",m/s,,,,,,,,,,,,,,,,,,,,,,,,,,,,,,,,,,,,,,,,,,,,,,,,,,,,,,,,,,,,,,,,,,,,,,,,,,,,,,,,,,,,,,,,,,,,,,,,,,,,,,,,,,,,,,,,,,,,,,,,,,,,,,,,,,,,,,,,,,,,,,,,,,,,,,,,,,,,,,,,,,,
Data,12,record,timestamp,"944867264",s,position_lat,"390281979",semicircles,position_long,"-1398053149",semicircles,distance,"31796.92",m,altitude,"13.799999999999955",m,speed,"2.902",m/s,unknown,"0",,unknown,"100",,heart_rate,"136",bpm,cadence,"0",rpm,fractional_cadence,"0.0",rpm,enhanced_altitude,"13.799999999999955",m,enhanced_speed,"2.902",m/s,,,,,,,,,,,,,,,,,,,,,,,,,,,,,,,,,,,,,,,,,,,,,,,,,,,,,,,,,,,,,,,,,,,,,,,,,,,,,,,,,,,,,,,,,,,,,,,,,,,,,,,,,,,,,,,,,,,,,,,,,,,,,,,,,,,,,,,,,,,,,,,,,,,,,,,,,,,,,,,,,,,
Data,12,record,timestamp,"944867273",s,position_lat,"390279728",semicircles,position_long,"-1398050793",semicircles,distance,"31824.86",m,altitude,"13.799999999999955",m,speed,"2.893",m/s,unknown,"0",,unknown,"100",,heart_rate,"138",bpm,cadence,"0",rpm,fractional_cadence,"0.0",rpm,enhanced_altitude,"13.799999999999955",m,enhanced_speed,"2.893",m/s,,,,,,,,,,,,,,,,,,,,,,,,,,,,,,,,,,,,,,,,,,,,,,,,,,,,,,,,,,,,,,,,,,,,,,,,,,,,,,,,,,,,,,,,,,,,,,,,,,,,,,,,,,,,,,,,,,,,,,,,,,,,,,,,,,,,,,,,,,,,,,,,,,,,,,,,,,,,,,,,,,,
Data,12,record,timestamp,"944867279",s,position_lat,"390278279",semicircles,position_long,"-1398049273",semicircles,distance,"31842.91",m,altitude,"13.799999999999955",m,speed,"3.051",m/s,unknown,"0",,unknown,"100",,heart_rate,"135",bpm,cadence,"0",rpm,fractional_cadence,"0.0",rpm,enhanced_altitude,"13.799999999999955",m,enhanced_speed,"3.051",m/s,,,,,,,,,,,,,,,,,,,,,,,,,,,,,,,,,,,,,,,,,,,,,,,,,,,,,,,,,,,,,,,,,,,,,,,,,,,,,,,,,,,,,,,,,,,,,,,,,,,,,,,,,,,,,,,,,,,,,,,,,,,,,,,,,,,,,,,,,,,,,,,,,,,,,,,,,,,,,,,,,,,
Data,12,record,timestamp,"944867280",s,position_lat,"390278027",semicircles,position_long,"-1398049012",semicircles,distance,"31846.02",m,altitude,"13.799999999999955",m,speed,"3.163",m/s,unknown,"0",,unknown,"100",,heart_rate,"136",bpm,cadence,"0",rpm,fractional_cadence,"0.0",rpm,enhanced_altitude,"13.799999999999955",m,enhanced_speed,"3.163",m/s,,,,,,,,,,,,,,,,,,,,,,,,,,,,,,,,,,,,,,,,,,,,,,,,,,,,,,,,,,,,,,,,,,,,,,,,,,,,,,,,,,,,,,,,,,,,,,,,,,,,,,,,,,,,,,,,,,,,,,,,,,,,,,,,,,,,,,,,,,,,,,,,,,,,,,,,,,,,,,,,,,,
Data,12,record,timestamp,"944867288",s,position_lat,"390275966",semicircles,position_long,"-1398046944",semicircles,distance,"31871.14",m,altitude,"13.799999999999955",m,speed,"3.182",m/s,unknown,"0",,unknown,"100",,heart_rate,"133",bpm,cadence,"0",rpm,fractional_cadence,"0.0",rpm,enhanced_altitude,"13.799999999999955",m,enhanced_speed,"3.182",m/s,,,,,,,,,,,,,,,,,,,,,,,,,,,,,,,,,,,,,,,,,,,,,,,,,,,,,,,,,,,,,,,,,,,,,,,,,,,,,,,,,,,,,,,,,,,,,,,,,,,,,,,,,,,,,,,,,,,,,,,,,,,,,,,,,,,,,,,,,,,,,,,,,,,,,,,,,,,,,,,,,,,
Data,12,record,timestamp,"944867293",s,position_lat,"390274472",semicircles,position_long,"-1398045573",semicircles,distance,"31888.73",m,altitude,"13.799999999999955",m,speed,"3.574",m/s,unknown,"0",,unknown,"100",,heart_rate,"130",bpm,cadence,"0",rpm,fractional_cadence,"0.0",rpm,enhanced_altitude,"13.799999999999955",m,enhanced_speed,"3.574",m/s,,,,,,,,,,,,,,,,,,,,,,,,,,,,,,,,,,,,,,,,,,,,,,,,,,,,,,,,,,,,,,,,,,,,,,,,,,,,,,,,,,,,,,,,,,,,,,,,,,,,,,,,,,,,,,,,,,,,,,,,,,,,,,,,,,,,,,,,,,,,,,,,,,,,,,,,,,,,,,,,,,,
Data,12,record,timestamp,"944867296",s,position_lat,"390273566",semicircles,position_long,"-1398044818",semicircles,distance,"31899.01",m,altitude,"13.600000000000023",m,speed,"3.359",m/s,unknown,"0",,unknown,"100",,heart_rate,"131",bpm,cadence,"0",rpm,fractional_cadence,"0.0",rpm,enhanced_altitude,"13.600000000000023",m,enhanced_speed,"3.359",m/s,,,,,,,,,,,,,,,,,,,,,,,,,,,,,,,,,,,,,,,,,,,,,,,,,,,,,,,,,,,,,,,,,,,,,,,,,,,,,,,,,,,,,,,,,,,,,,,,,,,,,,,,,,,,,,,,,,,,,,,,,,,,,,,,,,,,,,,,,,,,,,,,,,,,,,,,,,,,,,,,,,,
Data,12,record,timestamp,"944867302",s,position_lat,"390272090",semicircles,position_long,"-1398043489",semicircles,distance,"31916.2",m,altitude,"13.600000000000023",m,speed,"3.21",m/s,unknown,"0",,unknown,"100",,heart_rate,"134",bpm,cadence,"0",rpm,fractional_cadence,"0.0",rpm,enhanced_altitude,"13.600000000000023",m,enhanced_speed,"3.21",m/s,,,,,,,,,,,,,,,,,,,,,,,,,,,,,,,,,,,,,,,,,,,,,,,,,,,,,,,,,,,,,,,,,,,,,,,,,,,,,,,,,,,,,,,,,,,,,,,,,,,,,,,,,,,,,,,,,,,,,,,,,,,,,,,,,,,,,,,,,,,,,,,,,,,,,,,,,,,,,,,,,,,
Data,12,record,timestamp,"944867310",s,position_lat,"390269910",semicircles,position_long,"-1398041146",semicircles,distance,"31943.57",m,altitude,"13.600000000000023",m,speed,"3.303",m/s,unknown,"0",,unknown,"100",,heart_rate,"131",bpm,cadence,"0",rpm,fractional_cadence,"0.0",rpm,enhanced_altitude,"13.600000000000023",m,enhanced_speed,"3.303",m/s,,,,,,,,,,,,,,,,,,,,,,,,,,,,,,,,,,,,,,,,,,,,,,,,,,,,,,,,,,,,,,,,,,,,,,,,,,,,,,,,,,,,,,,,,,,,,,,,,,,,,,,,,,,,,,,,,,,,,,,,,,,,,,,,,,,,,,,,,,,,,,,,,,,,,,,,,,,,,,,,,,,
Data,12,record,timestamp,"944867319",s,position_lat,"390267704",semicircles,position_long,"-1398038873",semicircles,distance,"31970.8",m,altitude,"13.600000000000023",m,speed,"3.07",m/s,unknown,"0",,unknown,"100",,heart_rate,"129",bpm,cadence,"0",rpm,fractional_cadence,"0.0",rpm,enhanced_altitude,"13.600000000000023",m,enhanced_speed,"3.07",m/s,,,,,,,,,,,,,,,,,,,,,,,,,,,,,,,,,,,,,,,,,,,,,,,,,,,,,,,,,,,,,,,,,,,,,,,,,,,,,,,,,,,,,,,,,,,,,,,,,,,,,,,,,,,,,,,,,,,,,,,,,,,,,,,,,,,,,,,,,,,,,,,,,,,,,,,,,,,,,,,,,,,
Data,12,record,timestamp,"944867328",s,position_lat,"390265501",semicircles,position_long,"-1398036693",semicircles,distance,"31997.51",m,altitude,"13.600000000000023",m,speed,"2.846",m/s,unknown,"0",,unknown,"100",,heart_rate,"128",bpm,cadence,"0",rpm,fractional_cadence,"0.0",rpm,enhanced_altitude,"13.600000000000023",m,enhanced_speed,"2.846",m/s,,,,,,,,,,,,,,,,,,,,,,,,,,,,,,,,,,,,,,,,,,,,,,,,,,,,,,,,,,,,,,,,,,,,,,,,,,,,,,,,,,,,,,,,,,,,,,,,,,,,,,,,,,,,,,,,,,,,,,,,,,,,,,,,,,,,,,,,,,,,,,,,,,,,,,,,,,,,,,,,,,,
Data,12,record,timestamp,"944867331",s,position_lat,"390264763",semicircles,position_long,"-1398036006",semicircles,distance,"32006.24",m,altitude,"13.600000000000023",m,speed,"3.06",m/s,unknown,"0",,unknown,"100",,heart_rate,"125",bpm,cadence,"0",rpm,fractional_cadence,"0.0",rpm,enhanced_altitude,"13.600000000000023",m,enhanced_speed,"3.06",m/s,,,,,,,,,,,,,,,,,,,,,,,,,,,,,,,,,,,,,,,,,,,,,,,,,,,,,,,,,,,,,,,,,,,,,,,,,,,,,,,,,,,,,,,,,,,,,,,,,,,,,,,,,,,,,,,,,,,,,,,,,,,,,,,,,,,,,,,,,,,,,,,,,,,,,,,,,,,,,,,,,,,
Data,12,record,timestamp,"944867336",s,position_lat,"390263244",semicircles,position_long,"-1398034916",semicircles,distance,"32022.75",m,altitude,"13.600000000000023",m,speed,"3.228",m/s,unknown,"0",,unknown,"100",,heart_rate,"124",bpm,cadence,"0",rpm,fractional_cadence,"0.0",rpm,enhanced_altitude,"13.600000000000023",m,enhanced_speed,"3.228",m/s,,,,,,,,,,,,,,,,,,,,,,,,,,,,,,,,,,,,,,,,,,,,,,,,,,,,,,,,,,,,,,,,,,,,,,,,,,,,,,,,,,,,,,,,,,,,,,,,,,,,,,,,,,,,,,,,,,,,,,,,,,,,,,,,,,,,,,,,,,,,,,,,,,,,,,,,,,,,,,,,,,,
Data,12,record,timestamp,"944867342",s,position_lat,"390261419",semicircles,position_long,"-1398033645",semicircles,distance,"32042.44",m,altitude,"13.600000000000023",m,speed,"3.098",m/s,unknown,"0",,unknown,"100",,heart_rate,"121",bpm,cadence,"0",rpm,fractional_cadence,"0.0",rpm,enhanced_altitude,"13.600000000000023",m,enhanced_speed,"3.098",m/s,,,,,,,,,,,,,,,,,,,,,,,,,,,,,,,,,,,,,,,,,,,,,,,,,,,,,,,,,,,,,,,,,,,,,,,,,,,,,,,,,,,,,,,,,,,,,,,,,,,,,,,,,,,,,,,,,,,,,,,,,,,,,,,,,,,,,,,,,,,,,,,,,,,,,,,,,,,,,,,,,,,
Data,12,record,timestamp,"944867346",s,position_lat,"390260328",semicircles,position_long,"-1398032707",semicircles,distance,"32054.98",m,altitude,"13.600000000000023",m,speed,"3.116",m/s,unknown,"0",,unknown,"100",,heart_rate,"123",bpm,cadence,"0",rpm,fractional_cadence,"0.0",rpm,enhanced_altitude,"13.600000000000023",m,enhanced_speed,"3.116",m/s,,,,,,,,,,,,,,,,,,,,,,,,,,,,,,,,,,,,,,,,,,,,,,,,,,,,,,,,,,,,,,,,,,,,,,,,,,,,,,,,,,,,,,,,,,,,,,,,,,,,,,,,,,,,,,,,,,,,,,,,,,,,,,,,,,,,,,,,,,,,,,,,,,,,,,,,,,,,,,,,,,,
Data,12,record,timestamp,"944867349",s,position_lat,"390259509",semicircles,position_long,"-1398032006",semicircles,distance,"32064.38",m,altitude,"13.399999999999977",m,speed,"3.088",m/s,unknown,"0",,unknown,"100",,heart_rate,"120",bpm,cadence,"0",rpm,fractional_cadence,"0.0",rpm,enhanced_altitude,"13.399999999999977",m,enhanced_speed,"3.088",m/s,,,,,,,,,,,,,,,,,,,,,,,,,,,,,,,,,,,,,,,,,,,,,,,,,,,,,,,,,,,,,,,,,,,,,,,,,,,,,,,,,,,,,,,,,,,,,,,,,,,,,,,,,,,,,,,,,,,,,,,,,,,,,,,,,,,,,,,,,,,,,,,,,,,,,,,,,,,,,,,,,,,
Data,12,record,timestamp,"944867355",s,position_lat,"390257973",semicircles,position_long,"-1398030618",semicircles,distance,"32082.34",m,altitude,"13.399999999999977",m,speed,"2.743",m/s,unknown,"0",,unknown,"100",,heart_rate,"118",bpm,cadence,"0",rpm,fractional_cadence,"0.0",rpm,enhanced_altitude,"13.399999999999977",m,enhanced_speed,"2.743",m/s,,,,,,,,,,,,,,,,,,,,,,,,,,,,,,,,,,,,,,,,,,,,,,,,,,,,,,,,,,,,,,,,,,,,,,,,,,,,,,,,,,,,,,,,,,,,,,,,,,,,,,,,,,,,,,,,,,,,,,,,,,,,,,,,,,,,,,,,,,,,,,,,,,,,,,,,,,,,,,,,,,,
Data,12,record,timestamp,"944867363",s,position_lat,"390256216",semicircles,position_long,"-1398028783",semicircles,distance,"32104.1",m,altitude,"13.399999999999977",m,speed,"2.799",m/s,unknown,"0",,unknown,"100",,heart_rate,"118",bpm,cadence,"0",rpm,fractional_cadence,"0.0",rpm,enhanced_altitude,"13.399999999999977",m,enhanced_speed,"2.799",m/s,,,,,,,,,,,,,,,,,,,,,,,,,,,,,,,,,,,,,,,,,,,,,,,,,,,,,,,,,,,,,,,,,,,,,,,,,,,,,,,,,,,,,,,,,,,,,,,,,,,,,,,,,,,,,,,,,,,,,,,,,,,,,,,,,,,,,,,,,,,,,,,,,,,,,,,,,,,,,,,,,,,
Data,12,record,timestamp,"944867369",s,position_lat,"390254957",semicircles,position_long,"-1398027325",semicircles,distance,"32120.47",m,altitude,"13.399999999999977",m,speed,"2.379",m/s,unknown,"0",,unknown,"100",,heart_rate,"115",bpm,cadence,"0",rpm,fractional_cadence,"0.0",rpm,enhanced_altitude,"13.399999999999977",m,enhanced_speed,"2.379",m/s,,,,,,,,,,,,,,,,,,,,,,,,,,,,,,,,,,,,,,,,,,,,,,,,,,,,,,,,,,,,,,,,,,,,,,,,,,,,,,,,,,,,,,,,,,,,,,,,,,,,,,,,,,,,,,,,,,,,,,,,,,,,,,,,,,,,,,,,,,,,,,,,,,,,,,,,,,,,,,,,,,,
Data,12,record,timestamp,"944867370",s,position_lat,"390254772",semicircles,position_long,"-1398027122",semicircles,distance,"32122.81",m,altitude,"13.399999999999977",m,speed,"2.342",m/s,unknown,"0",,unknown,"100",,heart_rate,"115",bpm,cadence,"0",rpm,fractional_cadence,"0.0",rpm,enhanced_altitude,"13.399999999999977",m,enhanced_speed,"2.342",m/s,,,,,,,,,,,,,,,,,,,,,,,,,,,,,,,,,,,,,,,,,,,,,,,,,,,,,,,,,,,,,,,,,,,,,,,,,,,,,,,,,,,,,,,,,,,,,,,,,,,,,,,,,,,,,,,,,,,,,,,,,,,,,,,,,,,,,,,,,,,,,,,,,,,,,,,,,,,,,,,,,,,
Data,12,record,timestamp,"944867373",s,position_lat,"390254182",semicircles,position_long,"-1398026392",semicircles,distance,"32130.76",m,altitude,"13.399999999999977",m,speed,"2.809",m/s,unknown,"0",,unknown,"100",,heart_rate,"118",bpm,cadence,"0",rpm,fractional_cadence,"0.0",rpm,enhanced_altitude,"13.399999999999977",m,enhanced_speed,"2.809",m/s,,,,,,,,,,,,,,,,,,,,,,,,,,,,,,,,,,,,,,,,,,,,,,,,,,,,,,,,,,,,,,,,,,,,,,,,,,,,,,,,,,,,,,,,,,,,,,,,,,,,,,,,,,,,,,,,,,,,,,,,,,,,,,,,,,,,,,,,,,,,,,,,,,,,,,,,,,,,,,,,,,,
Data,12,record,timestamp,"944867375",s,position_lat,"390253712",semicircles,position_long,"-1398025925",semicircles,distance,"32136.46",m,altitude,"13.399999999999977",m,speed,"2.678",m/s,unknown,"0",,unknown,"100",,heart_rate,"121",bpm,cadence,"0",rpm,fractional_cadence,"0.0",rpm,enhanced_altitude,"13.399999999999977",m,enhanced_speed,"2.678",m/s,,,,,,,,,,,,,,,,,,,,,,,,,,,,,,,,,,,,,,,,,,,,,,,,,,,,,,,,,,,,,,,,,,,,,,,,,,,,,,,,,,,,,,,,,,,,,,,,,,,,,,,,,,,,,,,,,,,,,,,,,,,,,,,,,,,,,,,,,,,,,,,,,,,,,,,,,,,,,,,,,,,
Data,12,record,timestamp,"944867377",s,position_lat,"390253278",semicircles,position_long,"-1398025453",semicircles,distance,"32141.94",m,altitude,"13.399999999999977",m,speed,"2.669",m/s,unknown,"0",,unknown,"100",,heart_rate,"123",bpm,cadence,"0",rpm,fractional_cadence,"0.0",rpm,enhanced_altitude,"13.399999999999977",m,enhanced_speed,"2.669",m/s,,,,,,,,,,,,,,,,,,,,,,,,,,,,,,,,,,,,,,,,,,,,,,,,,,,,,,,,,,,,,,,,,,,,,,,,,,,,,,,,,,,,,,,,,,,,,,,,,,,,,,,,,,,,,,,,,,,,,,,,,,,,,,,,,,,,,,,,,,,,,,,,,,,,,,,,,,,,,,,,,,,
Data,12,record,timestamp,"944867385",s,position_lat,"390251454",semicircles,position_long,"-1398023565",semicircles,distance,"32164.47",m,altitude,"13.200000000000045",m,speed,"2.846",m/s,unknown,"0",,unknown,"100",,heart_rate,"122",bpm,cadence,"0",rpm,fractional_cadence,"0.0",rpm,enhanced_altitude,"13.200000000000045",m,enhanced_speed,"2.846",m/s,,,,,,,,,,,,,,,,,,,,,,,,,,,,,,,,,,,,,,,,,,,,,,,,,,,,,,,,,,,,,,,,,,,,,,,,,,,,,,,,,,,,,,,,,,,,,,,,,,,,,,,,,,,,,,,,,,,,,,,,,,,,,,,,,,,,,,,,,,,,,,,,,,,,,,,,,,,,,,,,,,,
Data,12,record,timestamp,"944867387",s,position_lat,"390250953",semicircles,position_long,"-1398023106",semicircles,distance,"32170.38",m,altitude,"13.200000000000045",m,speed,"2.837",m/s,unknown,"0",,unknown,"100",,heart_rate,"119",bpm,cadence,"0",rpm,fractional_cadence,"0.0",rpm,enhanced_altitude,"13.200000000000045",m,enhanced_speed,"2.837",m/s,,,,,,,,,,,,,,,,,,,,,,,,,,,,,,,,,,,,,,,,,,,,,,,,,,,,,,,,,,,,,,,,,,,,,,,,,,,,,,,,,,,,,,,,,,,,,,,,,,,,,,,,,,,,,,,,,,,,,,,,,,,,,,,,,,,,,,,,,,,,,,,,,,,,,,,,,,,,,,,,,,,
Data,12,record,timestamp,"944867393",s,position_lat,"390249428",semicircles,position_long,"-1398021767",semicircles,distance,"32188.06",m,altitude,"13.200000000000045",m,speed,"2.902",m/s,unknown,"0",,unknown,"100",,heart_rate,"119",bpm,cadence,"0",rpm,fractional_cadence,"0.0",rpm,enhanced_altitude,"13.200000000000045",m,enhanced_speed,"2.902",m/s,,,,,,,,,,,,,,,,,,,,,,,,,,,,,,,,,,,,,,,,,,,,,,,,,,,,,,,,,,,,,,,,,,,,,,,,,,,,,,,,,,,,,,,,,,,,,,,,,,,,,,,,,,,,,,,,,,,,,,,,,,,,,,,,,,,,,,,,,,,,,,,,,,,,,,,,,,,,,,,,,,,
Data,12,record,timestamp,"944867401",s,position_lat,"390247176",semicircles,position_long,"-1398020172",semicircles,distance,"32212.45",m,altitude,"13.0",m,speed,"3.172",m/s,unknown,"0",,unknown,"100",,heart_rate,"121",bpm,cadence,"0",rpm,fractional_cadence,"0.0",rpm,enhanced_altitude,"13.0",m,enhanced_speed,"3.172",m/s,,,,,,,,,,,,,,,,,,,,,,,,,,,,,,,,,,,,,,,,,,,,,,,,,,,,,,,,,,,,,,,,,,,,,,,,,,,,,,,,,,,,,,,,,,,,,,,,,,,,,,,,,,,,,,,,,,,,,,,,,,,,,,,,,,,,,,,,,,,,,,,,,,,,,,,,,,,,,,,,,,,
Data,12,record,timestamp,"944867404",s,position_lat,"390246240",semicircles,position_long,"-1398019437",semicircles,distance,"32222.92",m,altitude,"13.0",m,speed,"3.658",m/s,unknown,"0",,unknown,"100",,heart_rate,"124",bpm,cadence,"0",rpm,fractional_cadence,"0.0",rpm,enhanced_altitude,"13.0",m,enhanced_speed,"3.658",m/s,,,,,,,,,,,,,,,,,,,,,,,,,,,,,,,,,,,,,,,,,,,,,,,,,,,,,,,,,,,,,,,,,,,,,,,,,,,,,,,,,,,,,,,,,,,,,,,,,,,,,,,,,,,,,,,,,,,,,,,,,,,,,,,,,,,,,,,,,,,,,,,,,,,,,,,,,,,,,,,,,,,
Data,12,record,timestamp,"944867405",s,position_lat,"390245946",semicircles,position_long,"-1398019230",semicircles,distance,"32226.1",m,altitude,"13.0",m,speed,"3.135",m/s,unknown,"0",,unknown,"100",,heart_rate,"127",bpm,cadence,"0",rpm,fractional_cadence,"0.0",rpm,enhanced_altitude,"13.0",m,enhanced_speed,"3.135",m/s,,,,,,,,,,,,,,,,,,,,,,,,,,,,,,,,,,,,,,,,,,,,,,,,,,,,,,,,,,,,,,,,,,,,,,,,,,,,,,,,,,,,,,,,,,,,,,,,,,,,,,,,,,,,,,,,,,,,,,,,,,,,,,,,,,,,,,,,,,,,,,,,,,,,,,,,,,,,,,,,,,,
Data,12,record,timestamp,"944867408",s,position_lat,"390245116",semicircles,position_long,"-1398018672",semicircles,distance,"32234.97",m,altitude,"13.0",m,speed,"3.154",m/s,unknown,"0",,unknown,"100",,heart_rate,"130",bpm,cadence,"0",rpm,fractional_cadence,"0.0",rpm,enhanced_altitude,"13.0",m,enhanced_speed,"3.154",m/s,,,,,,,,,,,,,,,,,,,,,,,,,,,,,,,,,,,,,,,,,,,,,,,,,,,,,,,,,,,,,,,,,,,,,,,,,,,,,,,,,,,,,,,,,,,,,,,,,,,,,,,,,,,,,,,,,,,,,,,,,,,,,,,,,,,,,,,,,,,,,,,,,,,,,,,,,,,,,,,,,,,
Data,12,record,timestamp,"944867415",s,position_lat,"390243241",semicircles,position_long,"-1398017053",semicircles,distance,"32256.58",m,altitude,"13.0",m,speed,"3.079",m/s,unknown,"0",,unknown,"100",,heart_rate,"133",bpm,cadence,"0",rpm,fractional_cadence,"0.0",rpm,enhanced_altitude,"13.0",m,enhanced_speed,"3.079",m/s,,,,,,,,,,,,,,,,,,,,,,,,,,,,,,,,,,,,,,,,,,,,,,,,,,,,,,,,,,,,,,,,,,,,,,,,,,,,,,,,,,,,,,,,,,,,,,,,,,,,,,,,,,,,,,,,,,,,,,,,,,,,,,,,,,,,,,,,,,,,,,,,,,,,,,,,,,,,,,,,,,,
Data,12,record,timestamp,"944867423",s,position_lat,"390241067",semicircles,position_long,"-1398015350",semicircles,distance,"32280.89",m,altitude,"13.200000000000045",m,speed,"3.499",m/s,unknown,"0",,unknown,"100",,heart_rate,"134",bpm,cadence,"0",rpm,fractional_cadence,"0.0",rpm,enhanced_altitude,"13.200000000000045",m,enhanced_speed,"3.499",m/s,,,,,,,,,,,,,,,,,,,,,,,,,,,,,,,,,,,,,,,,,,,,,,,,,,,,,,,,,,,,,,,,,,,,,,,,,,,,,,,,,,,,,,,,,,,,,,,,,,,,,,,,,,,,,,,,,,,,,,,,,,,,,,,,,,,,,,,,,,,,,,,,,,,,,,,,,,,,,,,,,,,
Data,12,record,timestamp,"944867428",s,position_lat,"390239787",semicircles,position_long,"-1398014382",semicircles,distance,"32295.02",m,altitude,"13.200000000000045",m,speed,"2.921",m/s,unknown,"0",,unknown,"100",,heart_rate,"134",bpm,cadence,"0",rpm,fractional_cadence,"0.0",rpm,enhanced_altitude,"13.200000000000045",m,enhanced_speed,"2.921",m/s,,,,,,,,,,,,,,,,,,,,,,,,,,,,,,,,,,,,,,,,,,,,,,,,,,,,,,,,,,,,,,,,,,,,,,,,,,,,,,,,,,,,,,,,,,,,,,,,,,,,,,,,,,,,,,,,,,,,,,,,,,,,,,,,,,,,,,,,,,,,,,,,,,,,,,,,,,,,,,,,,,,
Data,12,record,timestamp,"944867433",s,position_lat,"390238505",semicircles,position_long,"-1398013122",semicircles,distance,"32310.65",m,altitude,"13.399999999999977",m,speed,"2.501",m/s,unknown,"0",,unknown,"100",,heart_rate,"135",bpm,cadence,"109",rpm,fractional_cadence,"0.0",rpm,enhanced_altitude,"13.399999999999977",m,enhanced_speed,"2.501",m/s,,,,,,,,,,,,,,,,,,,,,,,,,,,,,,,,,,,,,,,,,,,,,,,,,,,,,,,,,,,,,,,,,,,,,,,,,,,,,,,,,,,,,,,,,,,,,,,,,,,,,,,,,,,,,,,,,,,,,,,,,,,,,,,,,,,,,,,,,,,,,,,,,,,,,,,,,,,,,,,,,,,
Data,12,record,timestamp,"944867439",s,position_lat,"390236923",semicircles,position_long,"-1398011806",semicircles,distance,"32328.7",m,altitude,"13.600000000000023",m,speed,"2.771",m/s,unknown,"0",,unknown,"100",,heart_rate,"135",bpm,cadence,"0",rpm,fractional_cadence,"0.0",rpm,enhanced_altitude,"13.600000000000023",m,enhanced_speed,"2.771",m/s,,,,,,,,,,,,,,,,,,,,,,,,,,,,,,,,,,,,,,,,,,,,,,,,,,,,,,,,,,,,,,,,,,,,,,,,,,,,,,,,,,,,,,,,,,,,,,,,,,,,,,,,,,,,,,,,,,,,,,,,,,,,,,,,,,,,,,,,,,,,,,,,,,,,,,,,,,,,,,,,,,,
Data,12,record,timestamp,"944867442",s,position_lat,"390236154",semicircles,position_long,"-1398011127",semicircles,distance,"32337.63",m,altitude,"14.0",m,speed,"3.172",m/s,unknown,"0",,unknown,"300",,heart_rate,"132",bpm,cadence,"0",rpm,fractional_cadence,"0.0",rpm,enhanced_altitude,"14.0",m,enhanced_speed,"3.172",m/s,,,,,,,,,,,,,,,,,,,,,,,,,,,,,,,,,,,,,,,,,,,,,,,,,,,,,,,,,,,,,,,,,,,,,,,,,,,,,,,,,,,,,,,,,,,,,,,,,,,,,,,,,,,,,,,,,,,,,,,,,,,,,,,,,,,,,,,,,,,,,,,,,,,,,,,,,,,,,,,,,,,
Data,12,record,timestamp,"944867443",s,position_lat,"390235934",semicircles,position_long,"-1398010821",semicircles,distance,"32340.79",m,altitude,"14.0",m,speed,"3.07",m/s,unknown,"0",,unknown,"300",,heart_rate,"131",bpm,cadence,"0",rpm,fractional_cadence,"0.0",rpm,enhanced_altitude,"14.0",m,enhanced_speed,"3.07",m/s,,,,,,,,,,,,,,,,,,,,,,,,,,,,,,,,,,,,,,,,,,,,,,,,,,,,,,,,,,,,,,,,,,,,,,,,,,,,,,,,,,,,,,,,,,,,,,,,,,,,,,,,,,,,,,,,,,,,,,,,,,,,,,,,,,,,,,,,,,,,,,,,,,,,,,,,,,,,,,,,,,,
Data,12,record,timestamp,"944867446",s,position_lat,"390235287",semicircles,position_long,"-1398010015",semicircles,distance,"32349.52",m,altitude,"14.0",m,speed,"2.613",m/s,unknown,"0",,unknown,"300",,heart_rate,"126",bpm,cadence,"0",rpm,fractional_cadence,"0.0",rpm,enhanced_altitude,"14.0",m,enhanced_speed,"2.613",m/s,,,,,,,,,,,,,,,,,,,,,,,,,,,,,,,,,,,,,,,,,,,,,,,,,,,,,,,,,,,,,,,,,,,,,,,,,,,,,,,,,,,,,,,,,,,,,,,,,,,,,,,,,,,,,,,,,,,,,,,,,,,,,,,,,,,,,,,,,,,,,,,,,,,,,,,,,,,,,,,,,,,
Data,12,record,timestamp,"944867448",s,position_lat,"390234895",semicircles,position_long,"-1398009499",semicircles,distance,"32354.97",m,altitude,"14.0",m,speed,"2.519",m/s,unknown,"0",,unknown,"300",,heart_rate,"123",bpm,cadence,"0",rpm,fractional_cadence,"0.0",rpm,enhanced_altitude,"14.0",m,enhanced_speed,"2.519",m/s,,,,,,,,,,,,,,,,,,,,,,,,,,,,,,,,,,,,,,,,,,,,,,,,,,,,,,,,,,,,,,,,,,,,,,,,,,,,,,,,,,,,,,,,,,,,,,,,,,,,,,,,,,,,,,,,,,,,,,,,,,,,,,,,,,,,,,,,,,,,,,,,,,,,,,,,,,,,,,,,,,,
Data,12,record,timestamp,"944867455",s,position_lat,"390233427",semicircles,position_long,"-1398007974",semicircles,distance,"32373.18",m,altitude,"13.600000000000023",m,speed,"2.659",m/s,unknown,"0",,unknown,"100",,heart_rate,"125",bpm,cadence,"0",rpm,fractional_cadence,"0.0",rpm,enhanced_altitude,"13.600000000000023",m,enhanced_speed,"2.659",m/s,,,,,,,,,,,,,,,,,,,,,,,,,,,,,,,,,,,,,,,,,,,,,,,,,,,,,,,,,,,,,,,,,,,,,,,,,,,,,,,,,,,,,,,,,,,,,,,,,,,,,,,,,,,,,,,,,,,,,,,,,,,,,,,,,,,,,,,,,,,,,,,,,,,,,,,,,,,,,,,,,,,
Data,12,record,timestamp,"944867461",s,position_lat,"390232324",semicircles,position_long,"-1398006845",semicircles,distance,"32386.73",m,altitude,"13.399999999999977",m,speed,"2.491",m/s,unknown,"0",,unknown,"100",,heart_rate,"122",bpm,cadence,"0",rpm,fractional_cadence,"0.0",rpm,enhanced_altitude,"13.399999999999977",m,enhanced_speed,"2.491",m/s,,,,,,,,,,,,,,,,,,,,,,,,,,,,,,,,,,,,,,,,,,,,,,,,,,,,,,,,,,,,,,,,,,,,,,,,,,,,,,,,,,,,,,,,,,,,,,,,,,,,,,,,,,,,,,,,,,,,,,,,,,,,,,,,,,,,,,,,,,,,,,,,,,,,,,,,,,,,,,,,,,,
Data,12,record,timestamp,"944867462",s,position_lat,"390232095",semicircles,position_long,"-1398006622",semicircles,distance,"32389.49",m,altitude,"13.399999999999977",m,speed,"2.463",m/s,unknown,"0",,unknown,"100",,heart_rate,"122",bpm,cadence,"0",rpm,fractional_cadence,"0.0",rpm,enhanced_altitude,"13.399999999999977",m,enhanced_speed,"2.463",m/s,,,,,,,,,,,,,,,,,,,,,,,,,,,,,,,,,,,,,,,,,,,,,,,,,,,,,,,,,,,,,,,,,,,,,,,,,,,,,,,,,,,,,,,,,,,,,,,,,,,,,,,,,,,,,,,,,,,,,,,,,,,,,,,,,,,,,,,,,,,,,,,,,,,,,,,,,,,,,,,,,,,
Data,12,record,timestamp,"944867465",s,position_lat,"390231471",semicircles,position_long,"-1398005963",semicircles,distance,"32397.26",m,altitude,"13.399999999999977",m,speed,"2.305",m/s,unknown,"0",,unknown,"100",,heart_rate,"119",bpm,cadence,"0",rpm,fractional_cadence,"0.0",rpm,enhanced_altitude,"13.399999999999977",m,enhanced_speed,"2.305",m/s,,,,,,,,,,,,,,,,,,,,,,,,,,,,,,,,,,,,,,,,,,,,,,,,,,,,,,,,,,,,,,,,,,,,,,,,,,,,,,,,,,,,,,,,,,,,,,,,,,,,,,,,,,,,,,,,,,,,,,,,,,,,,,,,,,,,,,,,,,,,,,,,,,,,,,,,,,,,,,,,,,,
Data,12,record,timestamp,"944867469",s,position_lat,"390230759",semicircles,position_long,"-1398005165",semicircles,distance,"32406.38",m,altitude,"13.399999999999977",m,speed,"2.37",m/s,unknown,"0",,unknown,"100",,heart_rate,"121",bpm,cadence,"0",rpm,fractional_cadence,"0.0",rpm,enhanced_altitude,"13.399999999999977",m,enhanced_speed,"2.37",m/s,,,,,,,,,,,,,,,,,,,,,,,,,,,,,,,,,,,,,,,,,,,,,,,,,,,,,,,,,,,,,,,,,,,,,,,,,,,,,,,,,,,,,,,,,,,,,,,,,,,,,,,,,,,,,,,,,,,,,,,,,,,,,,,,,,,,,,,,,,,,,,,,,,,,,,,,,,,,,,,,,,,
Data,12,record,timestamp,"944867476",s,position_lat,"390229520",semicircles,position_long,"-1398003772",semicircles,distance,"32422.3",m,altitude,"13.399999999999977",m,speed,"2.239",m/s,unknown,"0",,unknown,"100",,heart_rate,"120",bpm,cadence,"70",rpm,fractional_cadence,"0.0",rpm,enhanced_altitude,"13.399999999999977",m,enhanced_speed,"2.239",m/s,,,,,,,,,,,,,,,,,,,,,,,,,,,,,,,,,,,,,,,,,,,,,,,,,,,,,,,,,,,,,,,,,,,,,,,,,,,,,,,,,,,,,,,,,,,,,,,,,,,,,,,,,,,,,,,,,,,,,,,,,,,,,,,,,,,,,,,,,,,,,,,,,,,,,,,,,,,,,,,,,,,
Data,12,record,timestamp,"944867482",s,position_lat,"390228411",semicircles,position_long,"-1398002536",semicircles,distance,"32436.49",m,altitude,"13.200000000000045",m,speed,"2.323",m/s,unknown,"0",,unknown,"100",,heart_rate,"124",bpm,cadence,"34",rpm,fractional_cadence,"0.0",rpm,enhanced_altitude,"13.200000000000045",m,enhanced_speed,"2.323",m/s,,,,,,,,,,,,,,,,,,,,,,,,,,,,,,,,,,,,,,,,,,,,,,,,,,,,,,,,,,,,,,,,,,,,,,,,,,,,,,,,,,,,,,,,,,,,,,,,,,,,,,,,,,,,,,,,,,,,,,,,,,,,,,,,,,,,,,,,,,,,,,,,,,,,,,,,,,,,,,,,,,,
Data,12,record,timestamp,"944867483",s,position_lat,"390228208",semicircles,position_long,"-1398002336",semicircles,distance,"32438.94",m,altitude,"13.200000000000045",m,speed,"2.342",m/s,unknown,"0",,unknown,"100",,heart_rate,"122",bpm,cadence,"34",rpm,fractional_cadence,"0.0",rpm,enhanced_altitude,"13.200000000000045",m,enhanced_speed,"2.342",m/s,,,,,,,,,,,,,,,,,,,,,,,,,,,,,,,,,,,,,,,,,,,,,,,,,,,,,,,,,,,,,,,,,,,,,,,,,,,,,,,,,,,,,,,,,,,,,,,,,,,,,,,,,,,,,,,,,,,,,,,,,,,,,,,,,,,,,,,,,,,,,,,,,,,,,,,,,,,,,,,,,,,
Data,12,record,timestamp,"944867492",s,position_lat,"390226719",semicircles,position_long,"-1398000360",semicircles,distance,"32459.89",m,altitude,"13.200000000000045",m,speed,"2.333",m/s,unknown,"0",,unknown,"100",,heart_rate,"121",bpm,cadence,"34",rpm,fractional_cadence,"0.0",rpm,enhanced_altitude,"13.200000000000045",m,enhanced_speed,"2.333",m/s,,,,,,,,,,,,,,,,,,,,,,,,,,,,,,,,,,,,,,,,,,,,,,,,,,,,,,,,,,,,,,,,,,,,,,,,,,,,,,,,,,,,,,,,,,,,,,,,,,,,,,,,,,,,,,,,,,,,,,,,,,,,,,,,,,,,,,,,,,,,,,,,,,,,,,,,,,,,,,,,,,,
Data,12,record,timestamp,"944867501",s,position_lat,"390226242",semicircles,position_long,"-1397997944",semicircles,distance,"32479.68",m,altitude,"13.200000000000045",m,speed,"2.127",m/s,unknown,"0",,unknown,"100",,heart_rate,"123",bpm,cadence,"0",rpm,fractional_cadence,"0.0",rpm,enhanced_altitude,"13.200000000000045",m,enhanced_speed,"2.127",m/s,,,,,,,,,,,,,,,,,,,,,,,,,,,,,,,,,,,,,,,,,,,,,,,,,,,,,,,,,,,,,,,,,,,,,,,,,,,,,,,,,,,,,,,,,,,,,,,,,,,,,,,,,,,,,,,,,,,,,,,,,,,,,,,,,,,,,,,,,,,,,,,,,,,,,,,,,,,,,,,,,,,
Data,12,record,timestamp,"944867507",s,position_lat,"390226790",semicircles,position_long,"-1397996619",semicircles,distance,"32491.18",m,altitude,"13.600000000000023",m,speed,"1.652",m/s,unknown,"0",,unknown,"100",,heart_rate,"123",bpm,cadence,"0",rpm,fractional_cadence,"0.0",rpm,enhanced_altitude,"13.600000000000023",m,enhanced_speed,"1.652",m/s,,,,,,,,,,,,,,,,,,,,,,,,,,,,,,,,,,,,,,,,,,,,,,,,,,,,,,,,,,,,,,,,,,,,,,,,,,,,,,,,,,,,,,,,,,,,,,,,,,,,,,,,,,,,,,,,,,,,,,,,,,,,,,,,,,,,,,,,,,,,,,,,,,,,,,,,,,,,,,,,,,,
Data,12,record,timestamp,"944867511",s,position_lat,"390227386",semicircles,position_long,"-1397995864",semicircles,distance,"32499.42",m,altitude,"13.799999999999955",m,speed,"2.547",m/s,unknown,"0",,unknown,"100",,heart_rate,"118",bpm,cadence,"0",rpm,fractional_cadence,"0.0",rpm,enhanced_altitude,"13.799999999999955",m,enhanced_speed,"2.547",m/s,,,,,,,,,,,,,,,,,,,,,,,,,,,,,,,,,,,,,,,,,,,,,,,,,,,,,,,,,,,,,,,,,,,,,,,,,,,,,,,,,,,,,,,,,,,,,,,,,,,,,,,,,,,,,,,,,,,,,,,,,,,,,,,,,,,,,,,,,,,,,,,,,,,,,,,,,,,,,,,,,,,
Data,12,record,timestamp,"944867513",s,position_lat,"390227667",semicircles,position_long,"-1397995397",semicircles,distance,"32503.91",m,altitude,"13.799999999999955",m,speed,"2.174",m/s,unknown,"0",,unknown,"100",,heart_rate,"120",bpm,cadence,"0",rpm,fractional_cadence,"0.0",rpm,enhanced_altitude,"13.799999999999955",m,enhanced_speed,"2.174",m/s,,,,,,,,,,,,,,,,,,,,,,,,,,,,,,,,,,,,,,,,,,,,,,,,,,,,,,,,,,,,,,,,,,,,,,,,,,,,,,,,,,,,,,,,,,,,,,,,,,,,,,,,,,,,,,,,,,,,,,,,,,,,,,,,,,,,,,,,,,,,,,,,,,,,,,,,,,,,,,,,,,,
Data,12,record,timestamp,"944867514",s,position_lat,"390227855",semicircles,position_long,"-1397995281",semicircles,distance,"32505.88",m,altitude,"13.799999999999955",m,speed,"1.941",m/s,unknown,"0",,unknown,"100",,heart_rate,"124",bpm,cadence,"0",rpm,fractional_cadence,"0.0",rpm,enhanced_altitude,"13.799999999999955",m,enhanced_speed,"1.941",m/s,,,,,,,,,,,,,,,,,,,,,,,,,,,,,,,,,,,,,,,,,,,,,,,,,,,,,,,,,,,,,,,,,,,,,,,,,,,,,,,,,,,,,,,,,,,,,,,,,,,,,,,,,,,,,,,,,,,,,,,,,,,,,,,,,,,,,,,,,,,,,,,,,,,,,,,,,,,,,,,,,,,
Data,12,record,timestamp,"944867515",s,position_lat,"390228040",semicircles,position_long,"-1397995148",semicircles,distance,"32507.88",m,altitude,"13.799999999999955",m,speed,"2.165",m/s,unknown,"0",,unknown,"100",,heart_rate,"129",bpm,cadence,"50",rpm,fractional_cadence,"0.5",rpm,enhanced_altitude,"13.799999999999955",m,enhanced_speed,"2.165",m/s,,,,,,,,,,,,,,,,,,,,,,,,,,,,,,,,,,,,,,,,,,,,,,,,,,,,,,,,,,,,,,,,,,,,,,,,,,,,,,,,,,,,,,,,,,,,,,,,,,,,,,,,,,,,,,,,,,,,,,,,,,,,,,,,,,,,,,,,,,,,,,,,,,,,,,,,,,,,,,,,,,,
Data,12,record,timestamp,"944867517",s,position_lat,"390228341",semicircles,position_long,"-1397994869",semicircles,distance,"32511.43",m,altitude,"13.799999999999955",m,speed,"1.913",m/s,unknown,"0",,unknown,"100",,heart_rate,"133",bpm,cadence,"50",rpm,fractional_cadence,"0.5",rpm,enhanced_altitude,"13.799999999999955",m,enhanced_speed,"1.913",m/s,,,,,,,,,,,,,,,,,,,,,,,,,,,,,,,,,,,,,,,,,,,,,,,,,,,,,,,,,,,,,,,,,,,,,,,,,,,,,,,,,,,,,,,,,,,,,,,,,,,,,,,,,,,,,,,,,,,,,,,,,,,,,,,,,,,,,,,,,,,,,,,,,,,,,,,,,,,,,,,,,,,
Data,12,record,timestamp,"944867518",s,position_lat,"390228535",semicircles,position_long,"-1397994748",semicircles,distance,"32513.45",m,altitude,"14.0",m,speed,"1.903",m/s,unknown,"0",,unknown,"100",,heart_rate,"136",bpm,cadence,"0",rpm,fractional_cadence,"0.0",rpm,enhanced_altitude,"14.0",m,enhanced_speed,"1.903",m/s,,,,,,,,,,,,,,,,,,,,,,,,,,,,,,,,,,,,,,,,,,,,,,,,,,,,,,,,,,,,,,,,,,,,,,,,,,,,,,,,,,,,,,,,,,,,,,,,,,,,,,,,,,,,,,,,,,,,,,,,,,,,,,,,,,,,,,,,,,,,,,,,,,,,,,,,,,,,,,,,,,,
Data,12,record,timestamp,"944867520",s,position_lat,"390228851",semicircles,position_long,"-1397994459",semicircles,distance,"32517.16",m,altitude,"14.0",m,speed,"1.969",m/s,unknown,"0",,unknown,"100",,heart_rate,"140",bpm,cadence,"0",rpm,fractional_cadence,"0.0",rpm,enhanced_altitude,"14.0",m,enhanced_speed,"1.969",m/s,,,,,,,,,,,,,,,,,,,,,,,,,,,,,,,,,,,,,,,,,,,,,,,,,,,,,,,,,,,,,,,,,,,,,,,,,,,,,,,,,,,,,,,,,,,,,,,,,,,,,,,,,,,,,,,,,,,,,,,,,,,,,,,,,,,,,,,,,,,,,,,,,,,,,,,,,,,,,,,,,,,
Data,12,record,timestamp,"944867522",s,position_lat,"390229214",semicircles,position_long,"-1397994221",semicircles,distance,"32521.01",m,altitude,"14.0",m,speed,"1.819",m/s,unknown,"0",,unknown,"100",,heart_rate,"144",bpm,cadence,"0",rpm,fractional_cadence,"0.0",rpm,enhanced_altitude,"14.0",m,enhanced_speed,"1.819",m/s,,,,,,,,,,,,,,,,,,,,,,,,,,,,,,,,,,,,,,,,,,,,,,,,,,,,,,,,,,,,,,,,,,,,,,,,,,,,,,,,,,,,,,,,,,,,,,,,,,,,,,,,,,,,,,,,,,,,,,,,,,,,,,,,,,,,,,,,,,,,,,,,,,,,,,,,,,,,,,,,,,,
Data,12,record,timestamp,"944867524",s,position_lat,"390229787",semicircles,position_long,"-1397994174",semicircles,distance,"32526.34",m,altitude,"14.0",m,speed,"3.126",m/s,unknown,"0",,unknown,"100",,heart_rate,"147",bpm,cadence,"0",rpm,fractional_cadence,"0.0",rpm,enhanced_altitude,"14.0",m,enhanced_speed,"3.126",m/s,,,,,,,,,,,,,,,,,,,,,,,,,,,,,,,,,,,,,,,,,,,,,,,,,,,,,,,,,,,,,,,,,,,,,,,,,,,,,,,,,,,,,,,,,,,,,,,,,,,,,,,,,,,,,,,,,,,,,,,,,,,,,,,,,,,,,,,,,,,,,,,,,,,,,,,,,,,,,,,,,,,
Data,12,record,timestamp,"944867528",s,position_lat,"390231093",semicircles,position_long,"-1397994063",semicircles,distance,"32538.54",m,altitude,"13.799999999999955",m,speed,"2.659",m/s,unknown,"0",,unknown,"100",,heart_rate,"151",bpm,cadence,"0",rpm,fractional_cadence,"0.0",rpm,enhanced_altitude,"13.799999999999955",m,enhanced_speed,"2.659",m/s,,,,,,,,,,,,,,,,,,,,,,,,,,,,,,,,,,,,,,,,,,,,,,,,,,,,,,,,,,,,,,,,,,,,,,,,,,,,,,,,,,,,,,,,,,,,,,,,,,,,,,,,,,,,,,,,,,,,,,,,,,,,,,,,,,,,,,,,,,,,,,,,,,,,,,,,,,,,,,,,,,,
Data,12,record,timestamp,"944867529",s,position_lat,"390231346",semicircles,position_long,"-1397994078",semicircles,distance,"32540.88",m,altitude,"13.600000000000023",m,speed,"2.23",m/s,unknown,"0",,unknown,"100",,heart_rate,"153",bpm,cadence,"0",rpm,fractional_cadence,"0.0",rpm,enhanced_altitude,"13.600000000000023",m,enhanced_speed,"2.23",m/s,,,,,,,,,,,,,,,,,,,,,,,,,,,,,,,,,,,,,,,,,,,,,,,,,,,,,,,,,,,,,,,,,,,,,,,,,,,,,,,,,,,,,,,,,,,,,,,,,,,,,,,,,,,,,,,,,,,,,,,,,,,,,,,,,,,,,,,,,,,,,,,,,,,,,,,,,,,,,,,,,,,
Data,12,record,timestamp,"944867535",s,position_lat,"390232800",semicircles,position_long,"-1397994399",semicircles,distance,"32554.68",m,altitude,"14.0",m,speed,"2.286",m/s,unknown,"0",,unknown,"100",,heart_rate,"156",bpm,cadence,"59",rpm,fractional_cadence,"0.0",rpm,enhanced_altitude,"14.0",m,enhanced_speed,"2.286",m/s,,,,,,,,,,,,,,,,,,,,,,,,,,,,,,,,,,,,,,,,,,,,,,,,,,,,,,,,,,,,,,,,,,,,,,,,,,,,,,,,,,,,,,,,,,,,,,,,,,,,,,,,,,,,,,,,,,,,,,,,,,,,,,,,,,,,,,,,,,,,,,,,,,,,,,,,,,,,,,,,,,,
Data,12,record,timestamp,"944867543",s,position_lat,"390234734",semicircles,position_long,"-1397993857",semicircles,distance,"32573.2",m,altitude,"13.399999999999977",m,speed,"2.463",m/s,unknown,"0",,unknown,"100",,heart_rate,"158",bpm,cadence,"0",rpm,fractional_cadence,"0.0",rpm,enhanced_altitude,"13.399999999999977",m,enhanced_speed,"2.463",m/s,,,,,,,,,,,,,,,,,,,,,,,,,,,,,,,,,,,,,,,,,,,,,,,,,,,,,,,,,,,,,,,,,,,,,,,,,,,,,,,,,,,,,,,,,,,,,,,,,,,,,,,,,,,,,,,,,,,,,,,,,,,,,,,,,,,,,,,,,,,,,,,,,,,,,,,,,,,,,,,,,,,
Data,12,record,timestamp,"944867548",s,position_lat,"390236139",semicircles,position_long,"-1397993233",semicircles,distance,"32587.14",m,altitude,"13.399999999999977",m,speed,"2.79",m/s,unknown,"0",,unknown,"100",,heart_rate,"155",bpm,cadence,"0",rpm,fractional_cadence,"0.0",rpm,enhanced_altitude,"13.399999999999977",m,enhanced_speed,"2.79",m/s,,,,,,,,,,,,,,,,,,,,,,,,,,,,,,,,,,,,,,,,,,,,,,,,,,,,,,,,,,,,,,,,,,,,,,,,,,,,,,,,,,,,,,,,,,,,,,,,,,,,,,,,,,,,,,,,,,,,,,,,,,,,,,,,,,,,,,,,,,,,,,,,,,,,,,,,,,,,,,,,,,,
Data,12,record,timestamp,"944867551",s,position_lat,"390237118",semicircles,position_long,"-1397992741",semicircles,distance,"32597.04",m,altitude,"13.399999999999977",m,speed,"3.135",m/s,unknown,"0",,unknown,"100",,heart_rate,"153",bpm,cadence,"0",rpm,fractional_cadence,"0.0",rpm,enhanced_altitude,"13.399999999999977",m,enhanced_speed,"3.135",m/s,,,,,,,,,,,,,,,,,,,,,,,,,,,,,,,,,,,,,,,,,,,,,,,,,,,,,,,,,,,,,,,,,,,,,,,,,,,,,,,,,,,,,,,,,,,,,,,,,,,,,,,,,,,,,,,,,,,,,,,,,,,,,,,,,,,,,,,,,,,,,,,,,,,,,,,,,,,,,,,,,,,
Data,12,record,timestamp,"944867556",s,position_lat,"390238416",semicircles,position_long,"-1397992267",semicircles,distance,"32609.64",m,altitude,"13.600000000000023",m,speed,"2.323",m/s,unknown,"0",,unknown,"100",,heart_rate,"153",bpm,cadence,"54",rpm,fractional_cadence,"0.5",rpm,enhanced_altitude,"13.600000000000023",m,enhanced_speed,"2.323",m/s,,,,,,,,,,,,,,,,,,,,,,,,,,,,,,,,,,,,,,,,,,,,,,,,,,,,,,,,,,,,,,,,,,,,,,,,,,,,,,,,,,,,,,,,,,,,,,,,,,,,,,,,,,,,,,,,,,,,,,,,,,,,,,,,,,,,,,,,,,,,,,,,,,,,,,,,,,,,,,,,,,,
Data,12,record,timestamp,"944867557",s,position_lat,"390238671",semicircles,position_long,"-1397992184",semicircles,distance,"32612.1",m,altitude,"13.600000000000023",m,speed,"2.454",m/s,unknown,"0",,unknown,"100",,heart_rate,"150",bpm,cadence,"0",rpm,fractional_cadence,"0.0",rpm,enhanced_altitude,"13.600000000000023",m,enhanced_speed,"2.454",m/s,,,,,,,,,,,,,,,,,,,,,,,,,,,,,,,,,,,,,,,,,,,,,,,,,,,,,,,,,,,,,,,,,,,,,,,,,,,,,,,,,,,,,,,,,,,,,,,,,,,,,,,,,,,,,,,,,,,,,,,,,,,,,,,,,,,,,,,,,,,,,,,,,,,,,,,,,,,,,,,,,,,
Data,12,record,timestamp,"944867561",s,position_lat,"390239759",semicircles,position_long,"-1397991916",semicircles,distance,"32622.4",m,altitude,"13.600000000000023",m,speed,"2.734",m/s,unknown,"0",,unknown,"100",,heart_rate,"149",bpm,cadence,"0",rpm,fractional_cadence,"0.0",rpm,enhanced_altitude,"13.600000000000023",m,enhanced_speed,"2.734",m/s,,,,,,,,,,,,,,,,,,,,,,,,,,,,,,,,,,,,,,,,,,,,,,,,,,,,,,,,,,,,,,,,,,,,,,,,,,,,,,,,,,,,,,,,,,,,,,,,,,,,,,,,,,,,,,,,,,,,,,,,,,,,,,,,,,,,,,,,,,,,,,,,,,,,,,,,,,,,,,,,,,,
Data,12,record,timestamp,"944867569",s,position_lat,"390242085",semicircles,position_long,"-1397991389",semicircles,distance,"32644.43",m,altitude,"13.600000000000023",m,speed,"2.865",m/s,unknown,"0",,unknown,"100",,heart_rate,"146",bpm,cadence,"0",rpm,fractional_cadence,"0.0",rpm,enhanced_altitude,"13.600000000000023",m,enhanced_speed,"2.865",m/s,,,,,,,,,,,,,,,,,,,,,,,,,,,,,,,,,,,,,,,,,,,,,,,,,,,,,,,,,,,,,,,,,,,,,,,,,,,,,,,,,,,,,,,,,,,,,,,,,,,,,,,,,,,,,,,,,,,,,,,,,,,,,,,,,,,,,,,,,,,,,,,,,,,,,,,,,,,,,,,,,,,
Data,12,record,timestamp,"944867576",s,position_lat,"390244216",semicircles,position_long,"-1397991110",semicircles,distance,"32664.43",m,altitude,"13.200000000000045",m,speed,"2.986",m/s,unknown,"0",,unknown,"100",,heart_rate,"143",bpm,cadence,"0",rpm,fractional_cadence,"0.0",rpm,enhanced_altitude,"13.200000000000045",m,enhanced_speed,"2.986",m/s,,,,,,,,,,,,,,,,,,,,,,,,,,,,,,,,,,,,,,,,,,,,,,,,,,,,,,,,,,,,,,,,,,,,,,,,,,,,,,,,,,,,,,,,,,,,,,,,,,,,,,,,,,,,,,,,,,,,,,,,,,,,,,,,,,,,,,,,,,,,,,,,,,,,,,,,,,,,,,,,,,,
Data,12,record,timestamp,"944867577",s,position_lat,"390244520",semicircles,position_long,"-1397991157",semicircles,distance,"32667.28",m,altitude,"13.200000000000045",m,speed,"2.939",m/s,unknown,"0",,unknown,"100",,heart_rate,"142",bpm,cadence,"0",rpm,fractional_cadence,"0.0",rpm,enhanced_altitude,"13.200000000000045",m,enhanced_speed,"2.939",m/s,,,,,,,,,,,,,,,,,,,,,,,,,,,,,,,,,,,,,,,,,,,,,,,,,,,,,,,,,,,,,,,,,,,,,,,,,,,,,,,,,,,,,,,,,,,,,,,,,,,,,,,,,,,,,,,,,,,,,,,,,,,,,,,,,,,,,,,,,,,,,,,,,,,,,,,,,,,,,,,,,,,
Data,12,record,timestamp,"944867581",s,position_lat,"390246074",semicircles,position_long,"-1397991382",semicircles,distance,"32681.83",m,altitude,"13.399999999999977",m,speed,"3.602",m/s,unknown,"0",,unknown,"100",,heart_rate,"138",bpm,cadence,"0",rpm,fractional_cadence,"0.0",rpm,enhanced_altitude,"13.399999999999977",m,enhanced_speed,"3.602",m/s,,,,,,,,,,,,,,,,,,,,,,,,,,,,,,,,,,,,,,,,,,,,,,,,,,,,,,,,,,,,,,,,,,,,,,,,,,,,,,,,,,,,,,,,,,,,,,,,,,,,,,,,,,,,,,,,,,,,,,,,,,,,,,,,,,,,,,,,,,,,,,,,,,,,,,,,,,,,,,,,,,,
Data,12,record,timestamp,"944867582",s,position_lat,"390246502",semicircles,position_long,"-1397991421",semicircles,distance,"32685.82",m,altitude,"13.399999999999977",m,speed,"4.245",m/s,unknown,"0",,unknown,"100",,heart_rate,"136",bpm,cadence,"0",rpm,fractional_cadence,"0.0",rpm,enhanced_altitude,"13.399999999999977",m,enhanced_speed,"4.245",m/s,,,,,,,,,,,,,,,,,,,,,,,,,,,,,,,,,,,,,,,,,,,,,,,,,,,,,,,,,,,,,,,,,,,,,,,,,,,,,,,,,,,,,,,,,,,,,,,,,,,,,,,,,,,,,,,,,,,,,,,,,,,,,,,,,,,,,,,,,,,,,,,,,,,,,,,,,,,,,,,,,,,
Data,12,record,timestamp,"944867587",s,position_lat,"390248729",semicircles,position_long,"-1397991299",semicircles,distance,"32706.55",m,altitude,"13.600000000000023",m,speed,"3.331",m/s,unknown,"0",,unknown,"100",,heart_rate,"137",bpm,cadence,"0",rpm,fractional_cadence,"0.0",rpm,enhanced_altitude,"13.600000000000023",m,enhanced_speed,"3.331",m/s,,,,,,,,,,,,,,,,,,,,,,,,,,,,,,,,,,,,,,,,,,,,,,,,,,,,,,,,,,,,,,,,,,,,,,,,,,,,,,,,,,,,,,,,,,,,,,,,,,,,,,,,,,,,,,,,,,,,,,,,,,,,,,,,,,,,,,,,,,,,,,,,,,,,,,,,,,,,,,,,,,,
Data,12,record,timestamp,"944867590",s,position_lat,"390249543",semicircles,position_long,"-1397991158",semicircles,distance,"32714.2",m,altitude,"14.0",m,speed,"2.379",m/s,unknown,"0",,unknown,"100",,heart_rate,"134",bpm,cadence,"0",rpm,fractional_cadence,"0.0",rpm,enhanced_altitude,"14.0",m,enhanced_speed,"2.379",m/s,,,,,,,,,,,,,,,,,,,,,,,,,,,,,,,,,,,,,,,,,,,,,,,,,,,,,,,,,,,,,,,,,,,,,,,,,,,,,,,,,,,,,,,,,,,,,,,,,,,,,,,,,,,,,,,,,,,,,,,,,,,,,,,,,,,,,,,,,,,,,,,,,,,,,,,,,,,,,,,,,,,
Data,12,record,timestamp,"944867592",s,position_lat,"390250092",semicircles,position_long,"-1397991144",semicircles,distance,"32719.3",m,altitude,"14.399999999999977",m,speed,"2.491",m/s,unknown,"0",,unknown,"100",,heart_rate,"134",bpm,cadence,"0",rpm,fractional_cadence,"0.0",rpm,enhanced_altitude,"14.399999999999977",m,enhanced_speed,"2.491",m/s,,,,,,,,,,,,,,,,,,,,,,,,,,,,,,,,,,,,,,,,,,,,,,,,,,,,,,,,,,,,,,,,,,,,,,,,,,,,,,,,,,,,,,,,,,,,,,,,,,,,,,,,,,,,,,,,,,,,,,,,,,,,,,,,,,,,,,,,,,,,,,,,,,,,,,,,,,,,,,,,,,,
Data,12,record,timestamp,"944867598",s,position_lat,"390252285",semicircles,position_long,"-1397990762",semicircles,distance,"32739.89",m,altitude,"14.399999999999977",m,speed,"3.303",m/s,unknown,"0",,unknown,"100",,heart_rate,"134",bpm,cadence,"0",rpm,fractional_cadence,"0.0",rpm,enhanced_altitude,"14.399999999999977",m,enhanced_speed,"3.303",m/s,,,,,,,,,,,,,,,,,,,,,,,,,,,,,,,,,,,,,,,,,,,,,,,,,,,,,,,,,,,,,,,,,,,,,,,,,,,,,,,,,,,,,,,,,,,,,,,,,,,,,,,,,,,,,,,,,,,,,,,,,,,,,,,,,,,,,,,,,,,,,,,,,,,,,,,,,,,,,,,,,,,
Data,12,record,timestamp,"944867604",s,position_lat,"390254406",semicircles,position_long,"-1397990934",semicircles,distance,"32759.7",m,altitude,"13.399999999999977",m,speed,"3.107",m/s,unknown,"0",,unknown,"100",,heart_rate,"131",bpm,cadence,"0",rpm,fractional_cadence,"0.0",rpm,enhanced_altitude,"13.399999999999977",m,enhanced_speed,"3.107",m/s,,,,,,,,,,,,,,,,,,,,,,,,,,,,,,,,,,,,,,,,,,,,,,,,,,,,,,,,,,,,,,,,,,,,,,,,,,,,,,,,,,,,,,,,,,,,,,,,,,,,,,,,,,,,,,,,,,,,,,,,,,,,,,,,,,,,,,,,,,,,,,,,,,,,,,,,,,,,,,,,,,,
Data,12,record,timestamp,"944867606",s,position_lat,"390255083",semicircles,position_long,"-1397991062",semicircles,distance,"32766.08",m,altitude,"13.200000000000045",m,speed,"3.2",m/s,unknown,"0",,unknown,"100",,heart_rate,"132",bpm,cadence,"0",rpm,fractional_cadence,"0.0",rpm,enhanced_altitude,"13.200000000000045",m,enhanced_speed,"3.2",m/s,,,,,,,,,,,,,,,,,,,,,,,,,,,,,,,,,,,,,,,,,,,,,,,,,,,,,,,,,,,,,,,,,,,,,,,,,,,,,,,,,,,,,,,,,,,,,,,,,,,,,,,,,,,,,,,,,,,,,,,,,,,,,,,,,,,,,,,,,,,,,,,,,,,,,,,,,,,,,,,,,,,
Data,12,record,timestamp,"944867608",s,position_lat,"390255757",semicircles,position_long,"-1397991178",semicircles,distance,"32772.41",m,altitude,"13.0",m,speed,"3.387",m/s,unknown,"0",,unknown,"100",,heart_rate,"132",bpm,cadence,"0",rpm,fractional_cadence,"0.0",rpm,enhanced_altitude,"13.0",m,enhanced_speed,"3.387",m/s,,,,,,,,,,,,,,,,,,,,,,,,,,,,,,,,,,,,,,,,,,,,,,,,,,,,,,,,,,,,,,,,,,,,,,,,,,,,,,,,,,,,,,,,,,,,,,,,,,,,,,,,,,,,,,,,,,,,,,,,,,,,,,,,,,,,,,,,,,,,,,,,,,,,,,,,,,,,,,,,,,,
Data,12,record,timestamp,"944867615",s,position_lat,"390257954",semicircles,position_long,"-1397991210",semicircles,distance,"32792.82",m,altitude,"13.0",m,speed,"3.042",m/s,unknown,"0",,unknown,"100",,heart_rate,"131",bpm,cadence,"0",rpm,fractional_cadence,"0.0",rpm,enhanced_altitude,"13.0",m,enhanced_speed,"3.042",m/s,,,,,,,,,,,,,,,,,,,,,,,,,,,,,,,,,,,,,,,,,,,,,,,,,,,,,,,,,,,,,,,,,,,,,,,,,,,,,,,,,,,,,,,,,,,,,,,,,,,,,,,,,,,,,,,,,,,,,,,,,,,,,,,,,,,,,,,,,,,,,,,,,,,,,,,,,,,,,,,,,,,
Data,12,record,timestamp,"944867621",s,position_lat,"390259690",semicircles,position_long,"-1397991273",semicircles,distance,"32808.96",m,altitude,"12.600000000000023",m,speed,"2.818",m/s,unknown,"0",,unknown,"100",,heart_rate,"130",bpm,cadence,"0",rpm,fractional_cadence,"0.0",rpm,enhanced_altitude,"12.600000000000023",m,enhanced_speed,"2.818",m/s,,,,,,,,,,,,,,,,,,,,,,,,,,,,,,,,,,,,,,,,,,,,,,,,,,,,,,,,,,,,,,,,,,,,,,,,,,,,,,,,,,,,,,,,,,,,,,,,,,,,,,,,,,,,,,,,,,,,,,,,,,,,,,,,,,,,,,,,,,,,,,,,,,,,,,,,,,,,,,,,,,,
Data,12,record,timestamp,"944867628",s,position_lat,"390261945",semicircles,position_long,"-1397991567",semicircles,distance,"32830.05",m,altitude,"13.399999999999977",m,speed,"2.762",m/s,unknown,"0",,unknown,"100",,heart_rate,"128",bpm,cadence,"0",rpm,fractional_cadence,"0.0",rpm,enhanced_altitude,"13.399999999999977",m,enhanced_speed,"2.762",m/s,,,,,,,,,,,,,,,,,,,,,,,,,,,,,,,,,,,,,,,,,,,,,,,,,,,,,,,,,,,,,,,,,,,,,,,,,,,,,,,,,,,,,,,,,,,,,,,,,,,,,,,,,,,,,,,,,,,,,,,,,,,,,,,,,,,,,,,,,,,,,,,,,,,,,,,,,,,,,,,,,,,
Data,12,record,timestamp,"944867629",s,position_lat,"390262297",semicircles,position_long,"-1397991619",semicircles,distance,"32833.34",m,altitude,"13.600000000000023",m,speed,"3.284",m/s,unknown,"0",,unknown,"100",,heart_rate,"133",bpm,cadence,"0",rpm,fractional_cadence,"0.0",rpm,enhanced_altitude,"13.600000000000023",m,enhanced_speed,"3.284",m/s,,,,,,,,,,,,,,,,,,,,,,,,,,,,,,,,,,,,,,,,,,,,,,,,,,,,,,,,,,,,,,,,,,,,,,,,,,,,,,,,,,,,,,,,,,,,,,,,,,,,,,,,,,,,,,,,,,,,,,,,,,,,,,,,,,,,,,,,,,,,,,,,,,,,,,,,,,,,,,,,,,,
Data,12,record,timestamp,"944867630",s,position_lat,"390262646",semicircles,position_long,"-1397991717",semicircles,distance,"32836.68",m,altitude,"13.600000000000023",m,speed,"3.06",m/s,unknown,"0",,unknown,"100",,heart_rate,"136",bpm,cadence,"0",rpm,fractional_cadence,"0.0",rpm,enhanced_altitude,"13.600000000000023",m,enhanced_speed,"3.06",m/s,,,,,,,,,,,,,,,,,,,,,,,,,,,,,,,,,,,,,,,,,,,,,,,,,,,,,,,,,,,,,,,,,,,,,,,,,,,,,,,,,,,,,,,,,,,,,,,,,,,,,,,,,,,,,,,,,,,,,,,,,,,,,,,,,,,,,,,,,,,,,,,,,,,,,,,,,,,,,,,,,,,
Data,12,record,timestamp,"944867632",s,position_lat,"390263356",semicircles,position_long,"-1397991920",semicircles,distance,"32843.45",m,altitude,"13.799999999999955",m,speed,"3.368",m/s,unknown,"0",,unknown,"100",,heart_rate,"140",bpm,cadence,"0",rpm,fractional_cadence,"0.0",rpm,enhanced_altitude,"13.799999999999955",m,enhanced_speed,"3.368",m/s,,,,,,,,,,,,,,,,,,,,,,,,,,,,,,,,,,,,,,,,,,,,,,,,,,,,,,,,,,,,,,,,,,,,,,,,,,,,,,,,,,,,,,,,,,,,,,,,,,,,,,,,,,,,,,,,,,,,,,,,,,,,,,,,,,,,,,,,,,,,,,,,,,,,,,,,,,,,,,,,,,,
Data,12,record,timestamp,"944867633",s,position_lat,"390263718",semicircles,position_long,"-1397992009",semicircles,distance,"32846.89",m,altitude,"14.0",m,speed,"3.116",m/s,unknown,"0",,unknown,"100",,heart_rate,"141",bpm,cadence,"0",rpm,fractional_cadence,"0.0",rpm,enhanced_altitude,"14.0",m,enhanced_speed,"3.116",m/s,,,,,,,,,,,,,,,,,,,,,,,,,,,,,,,,,,,,,,,,,,,,,,,,,,,,,,,,,,,,,,,,,,,,,,,,,,,,,,,,,,,,,,,,,,,,,,,,,,,,,,,,,,,,,,,,,,,,,,,,,,,,,,,,,,,,,,,,,,,,,,,,,,,,,,,,,,,,,,,,,,,
Data,12,record,timestamp,"944867634",s,position_lat,"390264064",semicircles,position_long,"-1397992127",semicircles,distance,"32850.23",m,altitude,"14.200000000000045",m,speed,"3.247",m/s,unknown,"0",,unknown,"100",,heart_rate,"144",bpm,cadence,"0",rpm,fractional_cadence,"0.0",rpm,enhanced_altitude,"14.200000000000045",m,enhanced_speed,"3.247",m/s,,,,,,,,,,,,,,,,,,,,,,,,,,,,,,,,,,,,,,,,,,,,,,,,,,,,,,,,,,,,,,,,,,,,,,,,,,,,,,,,,,,,,,,,,,,,,,,,,,,,,,,,,,,,,,,,,,,,,,,,,,,,,,,,,,,,,,,,,,,,,,,,,,,,,,,,,,,,,,,,,,,
Data,12,record,timestamp,"944867637",s,position_lat,"390265098",semicircles,position_long,"-1397992565",semicircles,distance,"32860.44",m,altitude,"14.399999999999977",m,speed,"3.518",m/s,unknown,"0",,unknown,"100",,heart_rate,"147",bpm,cadence,"0",rpm,fractional_cadence,"0.0",rpm,enhanced_altitude,"14.399999999999977",m,enhanced_speed,"3.518",m/s,,,,,,,,,,,,,,,,,,,,,,,,,,,,,,,,,,,,,,,,,,,,,,,,,,,,,,,,,,,,,,,,,,,,,,,,,,,,,,,,,,,,,,,,,,,,,,,,,,,,,,,,,,,,,,,,,,,,,,,,,,,,,,,,,,,,,,,,,,,,,,,,,,,,,,,,,,,,,,,,,,,
Data,12,record,timestamp,"944867639",s,position_lat,"390265749",semicircles,position_long,"-1397992803",semicircles,distance,"32866.77",m,altitude,"14.399999999999977",m,speed,"3.135",m/s,unknown,"0",,unknown,"100",,heart_rate,"150",bpm,cadence,"0",rpm,fractional_cadence,"0.0",rpm,enhanced_altitude,"14.399999999999977",m,enhanced_speed,"3.135",m/s,,,,,,,,,,,,,,,,,,,,,,,,,,,,,,,,,,,,,,,,,,,,,,,,,,,,,,,,,,,,,,,,,,,,,,,,,,,,,,,,,,,,,,,,,,,,,,,,,,,,,,,,,,,,,,,,,,,,,,,,,,,,,,,,,,,,,,,,,,,,,,,,,,,,,,,,,,,,,,,,,,,
Data,12,record,timestamp,"944867644",s,position_lat,"390267351",semicircles,position_long,"-1397993468",semicircles,distance,"32882.55",m,altitude,"14.200000000000045",m,speed,"3.079",m/s,unknown,"0",,unknown,"100",,heart_rate,"154",bpm,cadence,"0",rpm,fractional_cadence,"0.0",rpm,enhanced_altitude,"14.200000000000045",m,enhanced_speed,"3.079",m/s,,,,,,,,,,,,,,,,,,,,,,,,,,,,,,,,,,,,,,,,,,,,,,,,,,,,,,,,,,,,,,,,,,,,,,,,,,,,,,,,,,,,,,,,,,,,,,,,,,,,,,,,,,,,,,,,,,,,,,,,,,,,,,,,,,,,,,,,,,,,,,,,,,,,,,,,,,,,,,,,,,,
Data,12,record,timestamp,"944867647",s,position_lat,"390268317",semicircles,position_long,"-1397993838",semicircles,distance,"32891.99",m,altitude,"14.200000000000045",m,speed,"3.06",m/s,unknown,"0",,unknown,"100",,heart_rate,"156",bpm,cadence,"0",rpm,fractional_cadence,"0.0",rpm,enhanced_altitude,"14.200000000000045",m,enhanced_speed,"3.06",m/s,,,,,,,,,,,,,,,,,,,,,,,,,,,,,,,,,,,,,,,,,,,,,,,,,,,,,,,,,,,,,,,,,,,,,,,,,,,,,,,,,,,,,,,,,,,,,,,,,,,,,,,,,,,,,,,,,,,,,,,,,,,,,,,,,,,,,,,,,,,,,,,,,,,,,,,,,,,,,,,,,,,
Data,12,record,timestamp,"944867656",s,position_lat,"390271177",semicircles,position_long,"-1397995038",semicircles,distance,"32920.21",m,altitude,"13.799999999999955",m,speed,"3.116",m/s,unknown,"0",,unknown,"100",,heart_rate,"153",bpm,cadence,"0",rpm,fractional_cadence,"0.0",rpm,enhanced_altitude,"13.799999999999955",m,enhanced_speed,"3.116",m/s,,,,,,,,,,,,,,,,,,,,,,,,,,,,,,,,,,,,,,,,,,,,,,,,,,,,,,,,,,,,,,,,,,,,,,,,,,,,,,,,,,,,,,,,,,,,,,,,,,,,,,,,,,,,,,,,,,,,,,,,,,,,,,,,,,,,,,,,,,,,,,,,,,,,,,,,,,,,,,,,,,,
Data,12,record,timestamp,"944867666",s,position_lat,"390274276",semicircles,position_long,"-1397996324",semicircles,distance,"32950.76",m,altitude,"13.200000000000045",m,speed,"2.837",m/s,unknown,"0",,unknown,"300",,heart_rate,"156",bpm,cadence,"0",rpm,fractional_cadence,"0.0",rpm,enhanced_altitude,"13.200000000000045",m,enhanced_speed,"2.837",m/s,,,,,,,,,,,,,,,,,,,,,,,,,,,,,,,,,,,,,,,,,,,,,,,,,,,,,,,,,,,,,,,,,,,,,,,,,,,,,,,,,,,,,,,,,,,,,,,,,,,,,,,,,,,,,,,,,,,,,,,,,,,,,,,,,,,,,,,,,,,,,,,,,,,,,,,,,,,,,,,,,,,
Data,12,record,timestamp,"944867670",s,position_lat,"390275578",semicircles,position_long,"-1397996914",semicircles,distance,"32963.72",m,altitude,"13.399999999999977",m,speed,"3.107",m/s,unknown,"0",,unknown,"100",,heart_rate,"153",bpm,cadence,"0",rpm,fractional_cadence,"0.0",rpm,enhanced_altitude,"13.399999999999977",m,enhanced_speed,"3.107",m/s,,,,,,,,,,,,,,,,,,,,,,,,,,,,,,,,,,,,,,,,,,,,,,,,,,,,,,,,,,,,,,,,,,,,,,,,,,,,,,,,,,,,,,,,,,,,,,,,,,,,,,,,,,,,,,,,,,,,,,,,,,,,,,,,,,,,,,,,,,,,,,,,,,,,,,,,,,,,,,,,,,,
Data,12,record,timestamp,"944867672",s,position_lat,"390276204",semicircles,position_long,"-1397997243",semicircles,distance,"32970.08",m,altitude,"13.600000000000023",m,speed,"3.051",m/s,unknown,"0",,unknown,"100",,heart_rate,"152",bpm,cadence,"0",rpm,fractional_cadence,"0.0",rpm,enhanced_altitude,"13.600000000000023",m,enhanced_speed,"3.051",m/s,,,,,,,,,,,,,,,,,,,,,,,,,,,,,,,,,,,,,,,,,,,,,,,,,,,,,,,,,,,,,,,,,,,,,,,,,,,,,,,,,,,,,,,,,,,,,,,,,,,,,,,,,,,,,,,,,,,,,,,,,,,,,,,,,,,,,,,,,,,,,,,,,,,,,,,,,,,,,,,,,,,
Data,12,record,timestamp,"944867674",s,position_lat,"390276820",semicircles,position_long,"-1397997588",semicircles,distance,"32976.4",m,altitude,"13.600000000000023",m,speed,"2.827",m/s,unknown,"0",,unknown,"100",,heart_rate,"149",bpm,cadence,"0",rpm,fractional_cadence,"0.0",rpm,enhanced_altitude,"13.600000000000023",m,enhanced_speed,"2.827",m/s,,,,,,,,,,,,,,,,,,,,,,,,,,,,,,,,,,,,,,,,,,,,,,,,,,,,,,,,,,,,,,,,,,,,,,,,,,,,,,,,,,,,,,,,,,,,,,,,,,,,,,,,,,,,,,,,,,,,,,,,,,,,,,,,,,,,,,,,,,,,,,,,,,,,,,,,,,,,,,,,,,,
Data,12,record,timestamp,"944867678",s,position_lat,"390277892",semicircles,position_long,"-1397998140",semicircles,distance,"32987.27",m,altitude,"14.0",m,speed,"2.631",m/s,unknown,"0",,unknown,"100",,heart_rate,"146",bpm,cadence,"56",rpm,fractional_cadence,"0.5",rpm,enhanced_altitude,"14.0",m,enhanced_speed,"2.631",m/s,,,,,,,,,,,,,,,,,,,,,,,,,,,,,,,,,,,,,,,,,,,,,,,,,,,,,,,,,,,,,,,,,,,,,,,,,,,,,,,,,,,,,,,,,,,,,,,,,,,,,,,,,,,,,,,,,,,,,,,,,,,,,,,,,,,,,,,,,,,,,,,,,,,,,,,,,,,,,,,,,,,
Data,12,record,timestamp,"944867680",s,position_lat,"390278410",semicircles,position_long,"-1397998474",semicircles,distance,"32992.74",m,altitude,"14.200000000000045",m,speed,"2.958",m/s,unknown,"0",,unknown,"100",,heart_rate,"146",bpm,cadence,"0",rpm,fractional_cadence,"0.0",rpm,enhanced_altitude,"14.200000000000045",m,enhanced_speed,"2.958",m/s,,,,,,,,,,,,,,,,,,,,,,,,,,,,,,,,,,,,,,,,,,,,,,,,,,,,,,,,,,,,,,,,,,,,,,,,,,,,,,,,,,,,,,,,,,,,,,,,,,,,,,,,,,,,,,,,,,,,,,,,,,,,,,,,,,,,,,,,,,,,,,,,,,,,,,,,,,,,,,,,,,,
Data,12,record,timestamp,"944867683",s,position_lat,"390279173",semicircles,position_long,"-1397998833",semicircles,distance,"33000.35",m,altitude,"14.399999999999977",m,speed,"2.501",m/s,unknown,"0",,unknown,"100",,heart_rate,"143",bpm,cadence,"0",rpm,fractional_cadence,"0.0",rpm,enhanced_altitude,"14.399999999999977",m,enhanced_speed,"2.501",m/s,,,,,,,,,,,,,,,,,,,,,,,,,,,,,,,,,,,,,,,,,,,,,,,,,,,,,,,,,,,,,,,,,,,,,,,,,,,,,,,,,,,,,,,,,,,,,,,,,,,,,,,,,,,,,,,,,,,,,,,,,,,,,,,,,,,,,,,,,,,,,,,,,,,,,,,,,,,,,,,,,,,
Data,12,record,timestamp,"944867686",s,position_lat,"390279990",semicircles,position_long,"-1397999254",semicircles,distance,"33008.64",m,altitude,"14.600000000000023",m,speed,"2.771",m/s,unknown,"0",,unknown,"100",,heart_rate,"142",bpm,cadence,"0",rpm,fractional_cadence,"0.0",rpm,enhanced_altitude,"14.600000000000023",m,enhanced_speed,"2.771",m/s,,,,,,,,,,,,,,,,,,,,,,,,,,,,,,,,,,,,,,,,,,,,,,,,,,,,,,,,,,,,,,,,,,,,,,,,,,,,,,,,,,,,,,,,,,,,,,,,,,,,,,,,,,,,,,,,,,,,,,,,,,,,,,,,,,,,,,,,,,,,,,,,,,,,,,,,,,,,,,,,,,,
Data,12,record,timestamp,"944867694",s,position_lat,"390281989",semicircles,position_long,"-1398000492",semicircles,distance,"33029.65",m,altitude,"14.200000000000045",m,speed,"2.613",m/s,unknown,"0",,unknown,"100",,heart_rate,"141",bpm,cadence,"0",rpm,fractional_cadence,"0.0",rpm,enhanced_altitude,"14.200000000000045",m,enhanced_speed,"2.613",m/s,,,,,,,,,,,,,,,,,,,,,,,,,,,,,,,,,,,,,,,,,,,,,,,,,,,,,,,,,,,,,,,,,,,,,,,,,,,,,,,,,,,,,,,,,,,,,,,,,,,,,,,,,,,,,,,,,,,,,,,,,,,,,,,,,,,,,,,,,,,,,,,,,,,,,,,,,,,,,,,,,,,
Data,12,record,timestamp,"944867699",s,position_lat,"390283033",semicircles,position_long,"-1398001340",semicircles,distance,"33041.42",m,altitude,"14.0",m,speed,"2.547",m/s,unknown,"0",,unknown,"100",,heart_rate,"138",bpm,cadence,"0",rpm,fractional_cadence,"0.0",rpm,enhanced_altitude,"14.0",m,enhanced_speed,"2.547",m/s,,,,,,,,,,,,,,,,,,,,,,,,,,,,,,,,,,,,,,,,,,,,,,,,,,,,,,,,,,,,,,,,,,,,,,,,,,,,,,,,,,,,,,,,,,,,,,,,,,,,,,,,,,,,,,,,,,,,,,,,,,,,,,,,,,,,,,,,,,,,,,,,,,,,,,,,,,,,,,,,,,,
Data,12,record,timestamp,"944867703",s,position_lat,"390283973",semicircles,position_long,"-1398002146",semicircles,distance,"33052.18",m,altitude,"13.799999999999955",m,speed,"2.566",m/s,unknown,"0",,unknown,"100",,heart_rate,"141",bpm,cadence,"0",rpm,fractional_cadence,"0.0",rpm,enhanced_altitude,"13.799999999999955",m,enhanced_speed,"2.566",m/s,,,,,,,,,,,,,,,,,,,,,,,,,,,,,,,,,,,,,,,,,,,,,,,,,,,,,,,,,,,,,,,,,,,,,,,,,,,,,,,,,,,,,,,,,,,,,,,,,,,,,,,,,,,,,,,,,,,,,,,,,,,,,,,,,,,,,,,,,,,,,,,,,,,,,,,,,,,,,,,,,,,
Data,12,record,timestamp,"944867708",s,position_lat,"390285244",semicircles,position_long,"-1398003160",semicircles,distance,"33066.45",m,altitude,"13.799999999999955",m,speed,"2.641",m/s,unknown,"0",,unknown,"100",,heart_rate,"138",bpm,cadence,"0",rpm,fractional_cadence,"0.0",rpm,enhanced_altitude,"13.799999999999955",m,enhanced_speed,"2.641",m/s,,,,,,,,,,,,,,,,,,,,,,,,,,,,,,,,,,,,,,,,,,,,,,,,,,,,,,,,,,,,,,,,,,,,,,,,,,,,,,,,,,,,,,,,,,,,,,,,,,,,,,,,,,,,,,,,,,,,,,,,,,,,,,,,,,,,,,,,,,,,,,,,,,,,,,,,,,,,,,,,,,,
Data,12,record,timestamp,"944867711",s,position_lat,"390285827",semicircles,position_long,"-1398003861",semicircles,distance,"33074.18",m,altitude,"13.600000000000023",m,speed,"2.407",m/s,unknown,"0",,unknown,"100",,heart_rate,"139",bpm,cadence,"0",rpm,fractional_cadence,"0.0",rpm,enhanced_altitude,"13.600000000000023",m,enhanced_speed,"2.407",m/s,,,,,,,,,,,,,,,,,,,,,,,,,,,,,,,,,,,,,,,,,,,,,,,,,,,,,,,,,,,,,,,,,,,,,,,,,,,,,,,,,,,,,,,,,,,,,,,,,,,,,,,,,,,,,,,,,,,,,,,,,,,,,,,,,,,,,,,,,,,,,,,,,,,,,,,,,,,,,,,,,,,
Data,12,record,timestamp,"944867718",s,position_lat,"390287190",semicircles,position_long,"-1398005254",semicircles,distance,"33091.06",m,altitude,"13.600000000000023",m,speed,"2.351",m/s,unknown,"0",,unknown,"300",,heart_rate,"142",bpm,cadence,"0",rpm,fractional_cadence,"0.0",rpm,enhanced_altitude,"13.600000000000023",m,enhanced_speed,"2.351",m/s,,,,,,,,,,,,,,,,,,,,,,,,,,,,,,,,,,,,,,,,,,,,,,,,,,,,,,,,,,,,,,,,,,,,,,,,,,,,,,,,,,,,,,,,,,,,,,,,,,,,,,,,,,,,,,,,,,,,,,,,,,,,,,,,,,,,,,,,,,,,,,,,,,,,,,,,,,,,,,,,,,,
Data,12,record,timestamp,"944867720",s,position_lat,"390287711",semicircles,position_long,"-1398005544",semicircles,distance,"33096.4",m,altitude,"13.600000000000023",m,speed,"2.398",m/s,unknown,"0",,unknown,"300",,heart_rate,"141",bpm,cadence,"0",rpm,fractional_cadence,"0.0",rpm,enhanced_altitude,"13.600000000000023",m,enhanced_speed,"2.398",m/s,,,,,,,,,,,,,,,,,,,,,,,,,,,,,,,,,,,,,,,,,,,,,,,,,,,,,,,,,,,,,,,,,,,,,,,,,,,,,,,,,,,,,,,,,,,,,,,,,,,,,,,,,,,,,,,,,,,,,,,,,,,,,,,,,,,,,,,,,,,,,,,,,,,,,,,,,,,,,,,,,,,
Data,12,record,timestamp,"944867729",s,position_lat,"390289995",semicircles,position_long,"-1398006971",semicircles,distance,"33120.43",m,altitude,"13.799999999999955",m,speed,"2.491",m/s,unknown,"0",,unknown,"100",,heart_rate,"139",bpm,cadence,"0",rpm,fractional_cadence,"0.0",rpm,enhanced_altitude,"13.799999999999955",m,enhanced_speed,"2.491",m/s,,,,,,,,,,,,,,,,,,,,,,,,,,,,,,,,,,,,,,,,,,,,,,,,,,,,,,,,,,,,,,,,,,,,,,,,,,,,,,,,,,,,,,,,,,,,,,,,,,,,,,,,,,,,,,,,,,,,,,,,,,,,,,,,,,,,,,,,,,,,,,,,,,,,,,,,,,,,,,,,,,,
Data,12,record,timestamp,"944867733",s,position_lat,"390291009",semicircles,position_long,"-1398007515",semicircles,distance,"33130.76",m,altitude,"13.799999999999955",m,speed,"2.426",m/s,unknown,"0",,unknown,"100",,heart_rate,"135",bpm,cadence,"0",rpm,fractional_cadence,"0.0",rpm,enhanced_altitude,"13.799999999999955",m,enhanced_speed,"2.426",m/s,,,,,,,,,,,,,,,,,,,,,,,,,,,,,,,,,,,,,,,,,,,,,,,,,,,,,,,,,,,,,,,,,,,,,,,,,,,,,,,,,,,,,,,,,,,,,,,,,,,,,,,,,,,,,,,,,,,,,,,,,,,,,,,,,,,,,,,,,,,,,,,,,,,,,,,,,,,,,,,,,,,
Data,12,record,timestamp,"944867738",s,position_lat,"390292257",semicircles,position_long,"-1398008067",semicircles,distance,"33143.22",m,altitude,"13.799999999999955",m,speed,"2.314",m/s,unknown,"0",,unknown,"100",,heart_rate,"136",bpm,cadence,"0",rpm,fractional_cadence,"0.0",rpm,enhanced_altitude,"13.799999999999955",m,enhanced_speed,"2.314",m/s,,,,,,,,,,,,,,,,,,,,,,,,,,,,,,,,,,,,,,,,,,,,,,,,,,,,,,,,,,,,,,,,,,,,,,,,,,,,,,,,,,,,,,,,,,,,,,,,,,,,,,,,,,,,,,,,,,,,,,,,,,,,,,,,,,,,,,,,,,,,,,,,,,,,,,,,,,,,,,,,,,,
Data,12,record,timestamp,"944867741",s,position_lat,"390292904",semicircles,position_long,"-1398008198",semicircles,distance,"33149.27",m,altitude,"14.0",m,speed,"2.575",m/s,unknown,"0",,unknown,"100",,heart_rate,"132",bpm,cadence,"0",rpm,fractional_cadence,"0.0",rpm,enhanced_altitude,"14.0",m,enhanced_speed,"2.575",m/s,,,,,,,,,,,,,,,,,,,,,,,,,,,,,,,,,,,,,,,,,,,,,,,,,,,,,,,,,,,,,,,,,,,,,,,,,,,,,,,,,,,,,,,,,,,,,,,,,,,,,,,,,,,,,,,,,,,,,,,,,,,,,,,,,,,,,,,,,,,,,,,,,,,,,,,,,,,,,,,,,,,
Data,12,record,timestamp,"944867747",s,position_lat,"390294425",semicircles,position_long,"-1398008742",semicircles,distance,"33164.01",m,altitude,"13.799999999999955",m,speed,"2.631",m/s,unknown,"0",,unknown,"100",,heart_rate,"132",bpm,cadence,"0",rpm,fractional_cadence,"0.0",rpm,enhanced_altitude,"13.799999999999955",m,enhanced_speed,"2.631",m/s,,,,,,,,,,,,,,,,,,,,,,,,,,,,,,,,,,,,,,,,,,,,,,,,,,,,,,,,,,,,,,,,,,,,,,,,,,,,,,,,,,,,,,,,,,,,,,,,,,,,,,,,,,,,,,,,,,,,,,,,,,,,,,,,,,,,,,,,,,,,,,,,,,,,,,,,,,,,,,,,,,,
Data,12,record,timestamp,"944867756",s,position_lat,"390296902",semicircles,position_long,"-1398009841",semicircles,distance,"33188.67",m,altitude,"13.799999999999955",m,speed,"2.473",m/s,unknown,"0",,unknown,"100",,heart_rate,"133",bpm,cadence,"0",rpm,fractional_cadence,"0.0",rpm,enhanced_altitude,"13.799999999999955",m,enhanced_speed,"2.473",m/s,,,,,,,,,,,,,,,,,,,,,,,,,,,,,,,,,,,,,,,,,,,,,,,,,,,,,,,,,,,,,,,,,,,,,,,,,,,,,,,,,,,,,,,,,,,,,,,,,,,,,,,,,,,,,,,,,,,,,,,,,,,,,,,,,,,,,,,,,,,,,,,,,,,,,,,,,,,,,,,,,,,
Data,12,record,timestamp,"944867759",s,position_lat,"390297673",semicircles,position_long,"-1398010217",semicircles,distance,"33196.42",m,altitude,"13.799999999999955",m,speed,"2.529",m/s,unknown,"0",,unknown,"100",,heart_rate,"136",bpm,cadence,"0",rpm,fractional_cadence,"0.0",rpm,enhanced_altitude,"13.799999999999955",m,enhanced_speed,"2.529",m/s,,,,,,,,,,,,,,,,,,,,,,,,,,,,,,,,,,,,,,,,,,,,,,,,,,,,,,,,,,,,,,,,,,,,,,,,,,,,,,,,,,,,,,,,,,,,,,,,,,,,,,,,,,,,,,,,,,,,,,,,,,,,,,,,,,,,,,,,,,,,,,,,,,,,,,,,,,,,,,,,,,,
Data,12,record,timestamp,"944867762",s,position_lat,"390298434",semicircles,position_long,"-1398010569",semicircles,distance,"33204.02",m,altitude,"13.799999999999955",m,speed,"2.482",m/s,unknown,"0",,unknown,"100",,heart_rate,"139",bpm,cadence,"0",rpm,fractional_cadence,"0.0",rpm,enhanced_altitude,"13.799999999999955",m,enhanced_speed,"2.482",m/s,,,,,,,,,,,,,,,,,,,,,,,,,,,,,,,,,,,,,,,,,,,,,,,,,,,,,,,,,,,,,,,,,,,,,,,,,,,,,,,,,,,,,,,,,,,,,,,,,,,,,,,,,,,,,,,,,,,,,,,,,,,,,,,,,,,,,,,,,,,,,,,,,,,,,,,,,,,,,,,,,,,
Data,12,record,timestamp,"944867767",s,position_lat,"390299827",semicircles,position_long,"-1398011015",semicircles,distance,"33217.43",m,altitude,"13.799999999999955",m,speed,"2.426",m/s,unknown,"0",,unknown,"100",,heart_rate,"138",bpm,cadence,"0",rpm,fractional_cadence,"0.0",rpm,enhanced_altitude,"13.799999999999955",m,enhanced_speed,"2.426",m/s,,,,,,,,,,,,,,,,,,,,,,,,,,,,,,,,,,,,,,,,,,,,,,,,,,,,,,,,,,,,,,,,,,,,,,,,,,,,,,,,,,,,,,,,,,,,,,,,,,,,,,,,,,,,,,,,,,,,,,,,,,,,,,,,,,,,,,,,,,,,,,,,,,,,,,,,,,,,,,,,,,,
Data,12,record,timestamp,"944867771",s,position_lat,"390300950",semicircles,position_long,"-1398011305",semicircles,distance,"33228.13",m,altitude,"13.799999999999955",m,speed,"2.473",m/s,unknown,"0",,unknown,"100",,heart_rate,"135",bpm,cadence,"0",rpm,fractional_cadence,"0.0",rpm,enhanced_altitude,"13.799999999999955",m,enhanced_speed,"2.473",m/s,,,,,,,,,,,,,,,,,,,,,,,,,,,,,,,,,,,,,,,,,,,,,,,,,,,,,,,,,,,,,,,,,,,,,,,,,,,,,,,,,,,,,,,,,,,,,,,,,,,,,,,,,,,,,,,,,,,,,,,,,,,,,,,,,,,,,,,,,,,,,,,,,,,,,,,,,,,,,,,,,,,
Data,12,record,timestamp,"944867777",s,position_lat,"390302620",semicircles,position_long,"-1398011410",semicircles,distance,"33243.67",m,altitude,"13.799999999999955",m,speed,"2.837",m/s,unknown,"0",,unknown,"100",,heart_rate,"134",bpm,cadence,"0",rpm,fractional_cadence,"0.0",rpm,enhanced_altitude,"13.799999999999955",m,enhanced_speed,"2.837",m/s,,,,,,,,,,,,,,,,,,,,,,,,,,,,,,,,,,,,,,,,,,,,,,,,,,,,,,,,,,,,,,,,,,,,,,,,,,,,,,,,,,,,,,,,,,,,,,,,,,,,,,,,,,,,,,,,,,,,,,,,,,,,,,,,,,,,,,,,,,,,,,,,,,,,,,,,,,,,,,,,,,,
Data,12,record,timestamp,"944867784",s,position_lat,"390304658",semicircles,position_long,"-1398011884",semicircles,distance,"33262.97",m,altitude,"14.0",m,speed,"2.781",m/s,unknown,"0",,unknown,"100",,heart_rate,"133",bpm,cadence,"0",rpm,fractional_cadence,"0.0",rpm,enhanced_altitude,"14.0",m,enhanced_speed,"2.781",m/s,,,,,,,,,,,,,,,,,,,,,,,,,,,,,,,,,,,,,,,,,,,,,,,,,,,,,,,,,,,,,,,,,,,,,,,,,,,,,,,,,,,,,,,,,,,,,,,,,,,,,,,,,,,,,,,,,,,,,,,,,,,,,,,,,,,,,,,,,,,,,,,,,,,,,,,,,,,,,,,,,,,
Data,12,record,timestamp,"944867791",s,position_lat,"390306552",semicircles,position_long,"-1398012570",semicircles,distance,"33281.38",m,altitude,"13.799999999999955",m,speed,"2.603",m/s,unknown,"0",,unknown,"100",,heart_rate,"129",bpm,cadence,"0",rpm,fractional_cadence,"0.0",rpm,enhanced_altitude,"13.799999999999955",m,enhanced_speed,"2.603",m/s,,,,,,,,,,,,,,,,,,,,,,,,,,,,,,,,,,,,,,,,,,,,,,,,,,,,,,,,,,,,,,,,,,,,,,,,,,,,,,,,,,,,,,,,,,,,,,,,,,,,,,,,,,,,,,,,,,,,,,,,,,,,,,,,,,,,,,,,,,,,,,,,,,,,,,,,,,,,,,,,,,,
Data,12,record,timestamp,"944867793",s,position_lat,"390307110",semicircles,position_long,"-1398012730",semicircles,distance,"33286.74",m,altitude,"13.600000000000023",m,speed,"2.659",m/s,unknown,"0",,unknown,"100",,heart_rate,"131",bpm,cadence,"0",rpm,fractional_cadence,"0.0",rpm,enhanced_altitude,"13.600000000000023",m,enhanced_speed,"2.659",m/s,,,,,,,,,,,,,,,,,,,,,,,,,,,,,,,,,,,,,,,,,,,,,,,,,,,,,,,,,,,,,,,,,,,,,,,,,,,,,,,,,,,,,,,,,,,,,,,,,,,,,,,,,,,,,,,,,,,,,,,,,,,,,,,,,,,,,,,,,,,,,,,,,,,,,,,,,,,,,,,,,,,
Data,12,record,timestamp,"944867796",s,position_lat,"390307946",semicircles,position_long,"-1398012966",semicircles,distance,"33294.72",m,altitude,"13.200000000000045",m,speed,"2.594",m/s,unknown,"0",,unknown,"100",,heart_rate,"134",bpm,cadence,"0",rpm,fractional_cadence,"0.0",rpm,enhanced_altitude,"13.200000000000045",m,enhanced_speed,"2.594",m/s,,,,,,,,,,,,,,,,,,,,,,,,,,,,,,,,,,,,,,,,,,,,,,,,,,,,,,,,,,,,,,,,,,,,,,,,,,,,,,,,,,,,,,,,,,,,,,,,,,,,,,,,,,,,,,,,,,,,,,,,,,,,,,,,,,,,,,,,,,,,,,,,,,,,,,,,,,,,,,,,,,,
Data,12,record,timestamp,"944867798",s,position_lat,"390308460",semicircles,position_long,"-1398013062",semicircles,distance,"33299.56",m,altitude,"13.0",m,speed,"2.51",m/s,unknown,"0",,unknown,"100",,heart_rate,"132",bpm,cadence,"0",rpm,fractional_cadence,"0.0",rpm,enhanced_altitude,"13.0",m,enhanced_speed,"2.51",m/s,,,,,,,,,,,,,,,,,,,,,,,,,,,,,,,,,,,,,,,,,,,,,,,,,,,,,,,,,,,,,,,,,,,,,,,,,,,,,,,,,,,,,,,,,,,,,,,,,,,,,,,,,,,,,,,,,,,,,,,,,,,,,,,,,,,,,,,,,,,,,,,,,,,,,,,,,,,,,,,,,,,
Data,12,record,timestamp,"944867802",s,position_lat,"390309657",semicircles,position_long,"-1398013153",semicircles,distance,"33310.7",m,altitude,"12.799999999999955",m,speed,"2.79",m/s,unknown,"0",,unknown,"100",,heart_rate,"132",bpm,cadence,"0",rpm,fractional_cadence,"0.0",rpm,enhanced_altitude,"12.799999999999955",m,enhanced_speed,"2.79",m/s,,,,,,,,,,,,,,,,,,,,,,,,,,,,,,,,,,,,,,,,,,,,,,,,,,,,,,,,,,,,,,,,,,,,,,,,,,,,,,,,,,,,,,,,,,,,,,,,,,,,,,,,,,,,,,,,,,,,,,,,,,,,,,,,,,,,,,,,,,,,,,,,,,,,,,,,,,,,,,,,,,,
Data,12,record,timestamp,"944867811",s,position_lat,"390312508",semicircles,position_long,"-1398013185",semicircles,distance,"33337.2",m,altitude,"13.600000000000023",m,speed,"2.762",m/s,unknown,"0",,unknown,"100",,heart_rate,"130",bpm,cadence,"0",rpm,fractional_cadence,"0.0",rpm,enhanced_altitude,"13.600000000000023",m,enhanced_speed,"2.762",m/s,,,,,,,,,,,,,,,,,,,,,,,,,,,,,,,,,,,,,,,,,,,,,,,,,,,,,,,,,,,,,,,,,,,,,,,,,,,,,,,,,,,,,,,,,,,,,,,,,,,,,,,,,,,,,,,,,,,,,,,,,,,,,,,,,,,,,,,,,,,,,,,,,,,,,,,,,,,,,,,,,,,
Data,12,record,timestamp,"944867813",s,position_lat,"390313117",semicircles,position_long,"-1398013228",semicircles,distance,"33342.88",m,altitude,"13.799999999999955",m,speed,"2.986",m/s,unknown,"0",,unknown,"100",,heart_rate,"133",bpm,cadence,"0",rpm,fractional_cadence,"0.0",rpm,enhanced_altitude,"13.799999999999955",m,enhanced_speed,"2.986",m/s,,,,,,,,,,,,,,,,,,,,,,,,,,,,,,,,,,,,,,,,,,,,,,,,,,,,,,,,,,,,,,,,,,,,,,,,,,,,,,,,,,,,,,,,,,,,,,,,,,,,,,,,,,,,,,,,,,,,,,,,,,,,,,,,,,,,,,,,,,,,,,,,,,,,,,,,,,,,,,,,,,,
Data,12,record,timestamp,"944867818",s,position_lat,"390314775",semicircles,position_long,"-1398013399",semicircles,distance,"33358.36",m,altitude,"14.0",m,speed,"3.135",m/s,unknown,"0",,unknown,"100",,heart_rate,"134",bpm,cadence,"0",rpm,fractional_cadence,"0.0",rpm,enhanced_altitude,"14.0",m,enhanced_speed,"3.135",m/s,,,,,,,,,,,,,,,,,,,,,,,,,,,,,,,,,,,,,,,,,,,,,,,,,,,,,,,,,,,,,,,,,,,,,,,,,,,,,,,,,,,,,,,,,,,,,,,,,,,,,,,,,,,,,,,,,,,,,,,,,,,,,,,,,,,,,,,,,,,,,,,,,,,,,,,,,,,,,,,,,,,
Data,12,record,timestamp,"944867819",s,position_lat,"390315131",semicircles,position_long,"-1398013438",semicircles,distance,"33361.68",m,altitude,"14.0",m,speed,"3.107",m/s,unknown,"0",,unknown,"100",,heart_rate,"135",bpm,cadence,"0",rpm,fractional_cadence,"0.0",rpm,enhanced_altitude,"14.0",m,enhanced_speed,"3.107",m/s,,,,,,,,,,,,,,,,,,,,,,,,,,,,,,,,,,,,,,,,,,,,,,,,,,,,,,,,,,,,,,,,,,,,,,,,,,,,,,,,,,,,,,,,,,,,,,,,,,,,,,,,,,,,,,,,,,,,,,,,,,,,,,,,,,,,,,,,,,,,,,,,,,,,,,,,,,,,,,,,,,,
Data,12,record,timestamp,"944867829",s,position_lat,"390318253",semicircles,position_long,"-1398013799",semicircles,distance,"33390.85",m,altitude,"13.799999999999955",m,speed,"3.042",m/s,unknown,"0",,unknown,"100",,heart_rate,"133",bpm,cadence,"0",rpm,fractional_cadence,"0.0",rpm,enhanced_altitude,"13.799999999999955",m,enhanced_speed,"3.042",m/s,,,,,,,,,,,,,,,,,,,,,,,,,,,,,,,,,,,,,,,,,,,,,,,,,,,,,,,,,,,,,,,,,,,,,,,,,,,,,,,,,,,,,,,,,,,,,,,,,,,,,,,,,,,,,,,,,,,,,,,,,,,,,,,,,,,,,,,,,,,,,,,,,,,,,,,,,,,,,,,,,,,
Data,12,record,timestamp,"944867839",s,position_lat,"390321297",semicircles,position_long,"-1398014149",semicircles,distance,"33419.28",m,altitude,"13.799999999999955",m,speed,"2.995",m/s,unknown,"0",,unknown,"100",,heart_rate,"134",bpm,cadence,"0",rpm,fractional_cadence,"0.0",rpm,enhanced_altitude,"13.799999999999955",m,enhanced_speed,"2.995",m/s,,,,,,,,,,,,,,,,,,,,,,,,,,,,,,,,,,,,,,,,,,,,,,,,,,,,,,,,,,,,,,,,,,,,,,,,,,,,,,,,,,,,,,,,,,,,,,,,,,,,,,,,,,,,,,,,,,,,,,,,,,,,,,,,,,,,,,,,,,,,,,,,,,,,,,,,,,,,,,,,,,,
Data,12,record,timestamp,"944867848",s,position_lat,"390324102",semicircles,position_long,"-1398014237",semicircles,distance,"33445.36",m,altitude,"14.0",m,speed,"2.79",m/s,unknown,"0",,unknown,"100",,heart_rate,"131",bpm,cadence,"0",rpm,fractional_cadence,"0.0",rpm,enhanced_altitude,"14.0",m,enhanced_speed,"2.79",m/s,,,,,,,,,,,,,,,,,,,,,,,,,,,,,,,,,,,,,,,,,,,,,,,,,,,,,,,,,,,,,,,,,,,,,,,,,,,,,,,,,,,,,,,,,,,,,,,,,,,,,,,,,,,,,,,,,,,,,,,,,,,,,,,,,,,,,,,,,,,,,,,,,,,,,,,,,,,,,,,,,,,
Data,12,record,timestamp,"944867849",s,position_lat,"390324424",semicircles,position_long,"-1398014272",semicircles,distance,"33448.36",m,altitude,"14.0",m,speed,"2.883",m/s,unknown,"0",,unknown,"100",,heart_rate,"132",bpm,cadence,"0",rpm,fractional_cadence,"0.0",rpm,enhanced_altitude,"14.0",m,enhanced_speed,"2.883",m/s,,,,,,,,,,,,,,,,,,,,,,,,,,,,,,,,,,,,,,,,,,,,,,,,,,,,,,,,,,,,,,,,,,,,,,,,,,,,,,,,,,,,,,,,,,,,,,,,,,,,,,,,,,,,,,,,,,,,,,,,,,,,,,,,,,,,,,,,,,,,,,,,,,,,,,,,,,,,,,,,,,,
Data,12,record,timestamp,"944867858",s,position_lat,"390327421",semicircles,position_long,"-1398014633",semicircles,distance,"33476.36",m,altitude,"14.200000000000045",m,speed,"3.032",m/s,unknown,"0",,unknown,"100",,heart_rate,"131",bpm,cadence,"0",rpm,fractional_cadence,"0.0",rpm,enhanced_altitude,"14.200000000000045",m,enhanced_speed,"3.032",m/s,,,,,,,,,,,,,,,,,,,,,,,,,,,,,,,,,,,,,,,,,,,,,,,,,,,,,,,,,,,,,,,,,,,,,,,,,,,,,,,,,,,,,,,,,,,,,,,,,,,,,,,,,,,,,,,,,,,,,,,,,,,,,,,,,,,,,,,,,,,,,,,,,,,,,,,,,,,,,,,,,,,
Data,12,record,timestamp,"944867862",s,position_lat,"390328690",semicircles,position_long,"-1398014866",semicircles,distance,"33488.31",m,altitude,"14.200000000000045",m,speed,"3.06",m/s,unknown,"0",,unknown,"100",,heart_rate,"134",bpm,cadence,"0",rpm,fractional_cadence,"0.0",rpm,enhanced_altitude,"14.200000000000045",m,enhanced_speed,"3.06",m/s,,,,,,,,,,,,,,,,,,,,,,,,,,,,,,,,,,,,,,,,,,,,,,,,,,,,,,,,,,,,,,,,,,,,,,,,,,,,,,,,,,,,,,,,,,,,,,,,,,,,,,,,,,,,,,,,,,,,,,,,,,,,,,,,,,,,,,,,,,,,,,,,,,,,,,,,,,,,,,,,,,,
Data,12,record,timestamp,"944867869",s,position_lat,"390330978",semicircles,position_long,"-1398015151",semicircles,distance,"33509.7",m,altitude,"14.200000000000045",m,speed,"3.247",m/s,unknown,"0",,unknown,"100",,heart_rate,"134",bpm,cadence,"0",rpm,fractional_cadence,"0.0",rpm,enhanced_altitude,"14.200000000000045",m,enhanced_speed,"3.247",m/s,,,,,,,,,,,,,,,,,,,,,,,,,,,,,,,,,,,,,,,,,,,,,,,,,,,,,,,,,,,,,,,,,,,,,,,,,,,,,,,,,,,,,,,,,,,,,,,,,,,,,,,,,,,,,,,,,,,,,,,,,,,,,,,,,,,,,,,,,,,,,,,,,,,,,,,,,,,,,,,,,,,
Data,12,record,timestamp,"944867871",s,position_lat,"390331688",semicircles,position_long,"-1398015213",semicircles,distance,"33516.31",m,altitude,"14.200000000000045",m,speed,"3.34",m/s,unknown,"0",,unknown,"100",,heart_rate,"131",bpm,cadence,"0",rpm,fractional_cadence,"0.0",rpm,enhanced_altitude,"14.200000000000045",m,enhanced_speed,"3.34",m/s,,,,,,,,,,,,,,,,,,,,,,,,,,,,,,,,,,,,,,,,,,,,,,,,,,,,,,,,,,,,,,,,,,,,,,,,,,,,,,,,,,,,,,,,,,,,,,,,,,,,,,,,,,,,,,,,,,,,,,,,,,,,,,,,,,,,,,,,,,,,,,,,,,,,,,,,,,,,,,,,,,,
Data,12,record,timestamp,"944867877",s,position_lat,"390333639",semicircles,position_long,"-1398015332",semicircles,distance,"33534.47",m,altitude,"14.0",m,speed,"2.911",m/s,unknown,"0",,unknown,"100",,heart_rate,"132",bpm,cadence,"0",rpm,fractional_cadence,"0.0",rpm,enhanced_altitude,"14.0",m,enhanced_speed,"2.911",m/s,,,,,,,,,,,,,,,,,,,,,,,,,,,,,,,,,,,,,,,,,,,,,,,,,,,,,,,,,,,,,,,,,,,,,,,,,,,,,,,,,,,,,,,,,,,,,,,,,,,,,,,,,,,,,,,,,,,,,,,,,,,,,,,,,,,,,,,,,,,,,,,,,,,,,,,,,,,,,,,,,,,
Data,12,record,timestamp,"944867886",s,position_lat,"390336473",semicircles,position_long,"-1398015585",semicircles,distance,"33560.9",m,altitude,"14.200000000000045",m,speed,"2.986",m/s,unknown,"0",,unknown,"100",,heart_rate,"131",bpm,cadence,"0",rpm,fractional_cadence,"0.0",rpm,enhanced_altitude,"14.200000000000045",m,enhanced_speed,"2.986",m/s,,,,,,,,,,,,,,,,,,,,,,,,,,,,,,,,,,,,,,,,,,,,,,,,,,,,,,,,,,,,,,,,,,,,,,,,,,,,,,,,,,,,,,,,,,,,,,,,,,,,,,,,,,,,,,,,,,,,,,,,,,,,,,,,,,,,,,,,,,,,,,,,,,,,,,,,,,,,,,,,,,,
Data,12,record,timestamp,"944867888",s,position_lat,"390337189",semicircles,position_long,"-1398015759",semicircles,distance,"33567.7",m,altitude,"14.200000000000045",m,speed,"3.2",m/s,unknown,"0",,unknown,"100",,heart_rate,"134",bpm,cadence,"0",rpm,fractional_cadence,"0.0",rpm,enhanced_altitude,"14.200000000000045",m,enhanced_speed,"3.2",m/s,,,,,,,,,,,,,,,,,,,,,,,,,,,,,,,,,,,,,,,,,,,,,,,,,,,,,,,,,,,,,,,,,,,,,,,,,,,,,,,,,,,,,,,,,,,,,,,,,,,,,,,,,,,,,,,,,,,,,,,,,,,,,,,,,,,,,,,,,,,,,,,,,,,,,,,,,,,,,,,,,,,
Data,12,record,timestamp,"944867892",s,position_lat,"390338332",semicircles,position_long,"-1398016197",semicircles,distance,"33578.86",m,altitude,"14.200000000000045",m,speed,"2.79",m/s,unknown,"0",,unknown,"100",,heart_rate,"131",bpm,cadence,"0",rpm,fractional_cadence,"0.0",rpm,enhanced_altitude,"14.200000000000045",m,enhanced_speed,"2.79",m/s,,,,,,,,,,,,,,,,,,,,,,,,,,,,,,,,,,,,,,,,,,,,,,,,,,,,,,,,,,,,,,,,,,,,,,,,,,,,,,,,,,,,,,,,,,,,,,,,,,,,,,,,,,,,,,,,,,,,,,,,,,,,,,,,,,,,,,,,,,,,,,,,,,,,,,,,,,,,,,,,,,,
Data,12,record,timestamp,"944867894",s,position_lat,"390338894",semicircles,position_long,"-1398016365",semicircles,distance,"33584.24",m,altitude,"14.200000000000045",m,speed,"2.641",m/s,unknown,"0",,unknown,"100",,heart_rate,"134",bpm,cadence,"0",rpm,fractional_cadence,"0.0",rpm,enhanced_altitude,"14.200000000000045",m,enhanced_speed,"2.641",m/s,,,,,,,,,,,,,,,,,,,,,,,,,,,,,,,,,,,,,,,,,,,,,,,,,,,,,,,,,,,,,,,,,,,,,,,,,,,,,,,,,,,,,,,,,,,,,,,,,,,,,,,,,,,,,,,,,,,,,,,,,,,,,,,,,,,,,,,,,,,,,,,,,,,,,,,,,,,,,,,,,,,
Data,12,record,timestamp,"944867899",s,position_lat,"390340461",semicircles,position_long,"-1398016740",semicircles,distance,"33599.11",m,altitude,"14.399999999999977",m,speed,"2.902",m/s,unknown,"0",,unknown,"100",,heart_rate,"131",bpm,cadence,"0",rpm,fractional_cadence,"0.0",rpm,enhanced_altitude,"14.399999999999977",m,enhanced_speed,"2.902",m/s,,,,,,,,,,,,,,,,,,,,,,,,,,,,,,,,,,,,,,,,,,,,,,,,,,,,,,,,,,,,,,,,,,,,,,,,,,,,,,,,,,,,,,,,,,,,,,,,,,,,,,,,,,,,,,,,,,,,,,,,,,,,,,,,,,,,,,,,,,,,,,,,,,,,,,,,,,,,,,,,,,,
Data,12,record,timestamp,"944867902",s,position_lat,"390341430",semicircles,position_long,"-1398016977",semicircles,distance,"33608.31",m,altitude,"14.399999999999977",m,speed,"2.79",m/s,unknown,"0",,unknown,"100",,heart_rate,"129",bpm,cadence,"0",rpm,fractional_cadence,"0.0",rpm,enhanced_altitude,"14.399999999999977",m,enhanced_speed,"2.79",m/s,,,,,,,,,,,,,,,,,,,,,,,,,,,,,,,,,,,,,,,,,,,,,,,,,,,,,,,,,,,,,,,,,,,,,,,,,,,,,,,,,,,,,,,,,,,,,,,,,,,,,,,,,,,,,,,,,,,,,,,,,,,,,,,,,,,,,,,,,,,,,,,,,,,,,,,,,,,,,,,,,,,
Data,12,record,timestamp,"944867912",s,position_lat,"390344393",semicircles,position_long,"-1398017906",semicircles,distance,"33636.81",m,altitude,"14.200000000000045",m,speed,"2.827",m/s,unknown,"0",,unknown,"100",,heart_rate,"129",bpm,cadence,"0",rpm,fractional_cadence,"0.0",rpm,enhanced_altitude,"14.200000000000045",m,enhanced_speed,"2.827",m/s,,,,,,,,,,,,,,,,,,,,,,,,,,,,,,,,,,,,,,,,,,,,,,,,,,,,,,,,,,,,,,,,,,,,,,,,,,,,,,,,,,,,,,,,,,,,,,,,,,,,,,,,,,,,,,,,,,,,,,,,,,,,,,,,,,,,,,,,,,,,,,,,,,,,,,,,,,,,,,,,,,,
Data,12,record,timestamp,"944867915",s,position_lat,"390345319",semicircles,position_long,"-1398018079",semicircles,distance,"33645.52",m,altitude,"14.200000000000045",m,speed,"2.967",m/s,unknown,"0",,unknown,"100",,heart_rate,"125",bpm,cadence,"0",rpm,fractional_cadence,"0.0",rpm,enhanced_altitude,"14.200000000000045",m,enhanced_speed,"2.967",m/s,,,,,,,,,,,,,,,,,,,,,,,,,,,,,,,,,,,,,,,,,,,,,,,,,,,,,,,,,,,,,,,,,,,,,,,,,,,,,,,,,,,,,,,,,,,,,,,,,,,,,,,,,,,,,,,,,,,,,,,,,,,,,,,,,,,,,,,,,,,,,,,,,,,,,,,,,,,,,,,,,,,
Data,12,record,timestamp,"944867919",s,position_lat,"390346646",semicircles,position_long,"-1398018422",semicircles,distance,"33658.15",m,altitude,"14.200000000000045",m,speed,"2.93",m/s,unknown,"0",,unknown,"300",,heart_rate,"128",bpm,cadence,"0",rpm,fractional_cadence,"0.0",rpm,enhanced_altitude,"14.200000000000045",m,enhanced_speed,"2.93",m/s,,,,,,,,,,,,,,,,,,,,,,,,,,,,,,,,,,,,,,,,,,,,,,,,,,,,,,,,,,,,,,,,,,,,,,,,,,,,,,,,,,,,,,,,,,,,,,,,,,,,,,,,,,,,,,,,,,,,,,,,,,,,,,,,,,,,,,,,,,,,,,,,,,,,,,,,,,,,,,,,,,,
Data,12,record,timestamp,"944867921",s,position_lat,"390347266",semicircles,position_long,"-1398018604",semicircles,distance,"33664.08",m,altitude,"14.200000000000045",m,speed,"2.958",m/s,unknown,"0",,unknown,"100",,heart_rate,"127",bpm,cadence,"0",rpm,fractional_cadence,"0.0",rpm,enhanced_altitude,"14.200000000000045",m,enhanced_speed,"2.958",m/s,,,,,,,,,,,,,,,,,,,,,,,,,,,,,,,,,,,,,,,,,,,,,,,,,,,,,,,,,,,,,,,,,,,,,,,,,,,,,,,,,,,,,,,,,,,,,,,,,,,,,,,,,,,,,,,,,,,,,,,,,,,,,,,,,,,,,,,,,,,,,,,,,,,,,,,,,,,,,,,,,,,
Data,12,record,timestamp,"944867930",s,position_lat,"390349861",semicircles,position_long,"-1398019552",semicircles,distance,"33689.34",m,altitude,"14.200000000000045",m,speed,"2.753",m/s,unknown,"0",,unknown,"100",,heart_rate,"126",bpm,cadence,"0",rpm,fractional_cadence,"0.0",rpm,enhanced_altitude,"14.200000000000045",m,enhanced_speed,"2.753",m/s,,,,,,,,,,,,,,,,,,,,,,,,,,,,,,,,,,,,,,,,,,,,,,,,,,,,,,,,,,,,,,,,,,,,,,,,,,,,,,,,,,,,,,,,,,,,,,,,,,,,,,,,,,,,,,,,,,,,,,,,,,,,,,,,,,,,,,,,,,,,,,,,,,,,,,,,,,,,,,,,,,,
Data,12,record,timestamp,"944867937",s,position_lat,"390351825",semicircles,position_long,"-1398020380",semicircles,distance,"33708.72",m,altitude,"14.200000000000045",m,speed,"2.725",m/s,unknown,"0",,unknown,"100",,heart_rate,"121",bpm,cadence,"0",rpm,fractional_cadence,"0.0",rpm,enhanced_altitude,"14.200000000000045",m,enhanced_speed,"2.725",m/s,,,,,,,,,,,,,,,,,,,,,,,,,,,,,,,,,,,,,,,,,,,,,,,,,,,,,,,,,,,,,,,,,,,,,,,,,,,,,,,,,,,,,,,,,,,,,,,,,,,,,,,,,,,,,,,,,,,,,,,,,,,,,,,,,,,,,,,,,,,,,,,,,,,,,,,,,,,,,,,,,,,
Data,12,record,timestamp,"944867939",s,position_lat,"390352415",semicircles,position_long,"-1398020606",semicircles,distance,"33714.45",m,altitude,"14.200000000000045",m,speed,"2.93",m/s,unknown,"0",,unknown,"100",,heart_rate,"122",bpm,cadence,"0",rpm,fractional_cadence,"0.0",rpm,enhanced_altitude,"14.200000000000045",m,enhanced_speed,"2.93",m/s,,,,,,,,,,,,,,,,,,,,,,,,,,,,,,,,,,,,,,,,,,,,,,,,,,,,,,,,,,,,,,,,,,,,,,,,,,,,,,,,,,,,,,,,,,,,,,,,,,,,,,,,,,,,,,,,,,,,,,,,,,,,,,,,,,,,,,,,,,,,,,,,,,,,,,,,,,,,,,,,,,,
Data,12,record,timestamp,"944867946",s,position_lat,"390354406",semicircles,position_long,"-1398021753",semicircles,distance,"33735.13",m,altitude,"14.0",m,speed,"2.837",m/s,unknown,"0",,unknown,"100",,heart_rate,"122",bpm,cadence,"0",rpm,fractional_cadence,"0.0",rpm,enhanced_altitude,"14.0",m,enhanced_speed,"2.837",m/s,,,,,,,,,,,,,,,,,,,,,,,,,,,,,,,,,,,,,,,,,,,,,,,,,,,,,,,,,,,,,,,,,,,,,,,,,,,,,,,,,,,,,,,,,,,,,,,,,,,,,,,,,,,,,,,,,,,,,,,,,,,,,,,,,,,,,,,,,,,,,,,,,,,,,,,,,,,,,,,,,,,
Data,12,record,timestamp,"944867954",s,position_lat,"390356714",semicircles,position_long,"-1398022477",semicircles,distance,"33757.33",m,altitude,"14.200000000000045",m,speed,"2.809",m/s,unknown,"0",,unknown,"300",,heart_rate,"119",bpm,cadence,"0",rpm,fractional_cadence,"0.0",rpm,enhanced_altitude,"14.200000000000045",m,enhanced_speed,"2.809",m/s,,,,,,,,,,,,,,,,,,,,,,,,,,,,,,,,,,,,,,,,,,,,,,,,,,,,,,,,,,,,,,,,,,,,,,,,,,,,,,,,,,,,,,,,,,,,,,,,,,,,,,,,,,,,,,,,,,,,,,,,,,,,,,,,,,,,,,,,,,,,,,,,,,,,,,,,,,,,,,,,,,,
Data,12,record,timestamp,"944867955",s,position_lat,"390357024",semicircles,position_long,"-1398022585",semicircles,distance,"33760.34",m,altitude,"14.399999999999977",m,speed,"2.986",m/s,unknown,"0",,unknown,"300",,heart_rate,"118",bpm,cadence,"0",rpm,fractional_cadence,"0.0",rpm,enhanced_altitude,"14.399999999999977",m,enhanced_speed,"2.986",m/s,,,,,,,,,,,,,,,,,,,,,,,,,,,,,,,,,,,,,,,,,,,,,,,,,,,,,,,,,,,,,,,,,,,,,,,,,,,,,,,,,,,,,,,,,,,,,,,,,,,,,,,,,,,,,,,,,,,,,,,,,,,,,,,,,,,,,,,,,,,,,,,,,,,,,,,,,,,,,,,,,,,
Data,12,record,timestamp,"944867961",s,position_lat,"390358790",semicircles,position_long,"-1398023244",semicircles,distance,"33777.56",m,altitude,"14.799999999999955",m,speed,"2.865",m/s,unknown,"0",,unknown,"100",,heart_rate,"115",bpm,cadence,"0",rpm,fractional_cadence,"0.0",rpm,enhanced_altitude,"14.799999999999955",m,enhanced_speed,"2.865",m/s,,,,,,,,,,,,,,,,,,,,,,,,,,,,,,,,,,,,,,,,,,,,,,,,,,,,,,,,,,,,,,,,,,,,,,,,,,,,,,,,,,,,,,,,,,,,,,,,,,,,,,,,,,,,,,,,,,,,,,,,,,,,,,,,,,,,,,,,,,,,,,,,,,,,,,,,,,,,,,,,,,,
Data,12,record,timestamp,"944867966",s,position_lat,"390360221",semicircles,position_long,"-1398023963",semicircles,distance,"33792.02",m,altitude,"14.799999999999955",m,speed,"2.865",m/s,unknown,"0",,unknown,"100",,heart_rate,"116",bpm,cadence,"0",rpm,fractional_cadence,"0.0",rpm,enhanced_altitude,"14.799999999999955",m,enhanced_speed,"2.865",m/s,,,,,,,,,,,,,,,,,,,,,,,,,,,,,,,,,,,,,,,,,,,,,,,,,,,,,,,,,,,,,,,,,,,,,,,,,,,,,,,,,,,,,,,,,,,,,,,,,,,,,,,,,,,,,,,,,,,,,,,,,,,,,,,,,,,,,,,,,,,,,,,,,,,,,,,,,,,,,,,,,,,
Data,4,unknown,unknown,"944867967",,unknown,"2",,unknown,"2",,unknown,"3",,unknown,"1",,unknown,"255",,unknown,"0",,unknown,"255",,,,,,,,,,,,,,,,,,,,,,,,,,,,,,,,,,,,,,,,,,,,,,,,,,,,,,,,,,,,,,,,,,,,,,,,,,,,,,,,,,,,,,,,,,,,,,,,,,,,,,,,,,,,,,,,,,,,,,,,,,,,,,,,,,,,,,,,,,,,,,,,,,,,,,,,,,,,,,,,,,,,,,,,,,,,,,,,,,,
Definition,3,record,timestamp,1,,position_lat,1,,position_long,1,,distance,1,,altitude,1,,speed,1,,unknown,1,,heart_rate,1,,cadence,1,,fractional_cadence,1,,,,,,,,,,,,,,,,,,,,,,,,,,,,,,,,,,,,,,,,,,,,,,,,,,,,,,,,,,,,,,,,,,,,,,,,,,,,,,,,,,,,,,,,,,,,,,,,,,,,,,,,,,,,,,,,,,,,,,,,,,,,,,,,,,,,,,,,,,,,,,,,,,,,,,,,,,,,,,,,,,,,,,,,,,,,,
Data,3,record,timestamp,"944867978",s,position_lat,"390363702",semicircles,position_long,"-1398025818",semicircles,distance,"33827.52",m,altitude,"14.399999999999977",m,speed,"2.911",m/s,unknown,"0",,heart_rate,"255",bpm,cadence,"0",rpm,fractional_cadence,"0.0",rpm,enhanced_altitude,"14.399999999999977",m,enhanced_speed,"2.911",m/s,,,,,,,,,,,,,,,,,,,,,,,,,,,,,,,,,,,,,,,,,,,,,,,,,,,,,,,,,,,,,,,,,,,,,,,,,,,,,,,,,,,,,,,,,,,,,,,,,,,,,,,,,,,,,,,,,,,,,,,,,,,,,,,,,,,,,,,,,,,,,,,,,,,,,,,,,,,,,,,,,,,,,,
Data,3,record,timestamp,"944867988",s,position_lat,"390366661",semicircles,position_long,"-1398027269",semicircles,distance,"33857.31",m,altitude,"14.600000000000023",m,speed,"3.098",m/s,unknown,"0",,heart_rate,"255",bpm,cadence,"0",rpm,fractional_cadence,"0.0",rpm,enhanced_altitude,"14.600000000000023",m,enhanced_speed,"3.098",m/s,,,,,,,,,,,,,,,,,,,,,,,,,,,,,,,,,,,,,,,,,,,,,,,,,,,,,,,,,,,,,,,,,,,,,,,,,,,,,,,,,,,,,,,,,,,,,,,,,,,,,,,,,,,,,,,,,,,,,,,,,,,,,,,,,,,,,,,,,,,,,,,,,,,,,,,,,,,,,,,,,,,,,,
Data,4,unknown,unknown,"944868001",,unknown,"2",,unknown,"2",,unknown,"3",,unknown,"1",,unknown,"4",,unknown,"3",,unknown,"255",,,,,,,,,,,,,,,,,,,,,,,,,,,,,,,,,,,,,,,,,,,,,,,,,,,,,,,,,,,,,,,,,,,,,,,,,,,,,,,,,,,,,,,,,,,,,,,,,,,,,,,,,,,,,,,,,,,,,,,,,,,,,,,,,,,,,,,,,,,,,,,,,,,,,,,,,,,,,,,,,,,,,,,,,,,,,,,,,,,
Data,12,record,timestamp,"944868001",s,position_lat,"390370471",semicircles,position_long,"-1398029047",semicircles,distance,"33895.38",m,altitude,"14.600000000000023",m,speed,"2.725",m/s,unknown,"0",,unknown,"100",,heart_rate,"111",bpm,cadence,"0",rpm,fractional_cadence,"0.0",rpm,enhanced_altitude,"14.600000000000023",m,enhanced_speed,"2.725",m/s,,,,,,,,,,,,,,,,,,,,,,,,,,,,,,,,,,,,,,,,,,,,,,,,,,,,,,,,,,,,,,,,,,,,,,,,,,,,,,,,,,,,,,,,,,,,,,,,,,,,,,,,,,,,,,,,,,,,,,,,,,,,,,,,,,,,,,,,,,,,,,,,,,,,,,,,,,,,,,,,,,,
Data,12,record,timestamp,"944868006",s,position_lat,"390371771",semicircles,position_long,"-1398029720",semicircles,distance,"33908.56",m,altitude,"14.399999999999977",m,speed,"2.79",m/s,unknown,"0",,unknown,"100",,heart_rate,"108",bpm,cadence,"0",rpm,fractional_cadence,"0.0",rpm,enhanced_altitude,"14.399999999999977",m,enhanced_speed,"2.79",m/s,,,,,,,,,,,,,,,,,,,,,,,,,,,,,,,,,,,,,,,,,,,,,,,,,,,,,,,,,,,,,,,,,,,,,,,,,,,,,,,,,,,,,,,,,,,,,,,,,,,,,,,,,,,,,,,,,,,,,,,,,,,,,,,,,,,,,,,,,,,,,,,,,,,,,,,,,,,,,,,,,,,
Data,12,record,timestamp,"944868007",s,position_lat,"390372091",semicircles,position_long,"-1398029846",semicircles,distance,"33911.69",m,altitude,"14.399999999999977",m,speed,"2.948",m/s,unknown,"0",,unknown,"100",,heart_rate,"111",bpm,cadence,"0",rpm,fractional_cadence,"0.0",rpm,enhanced_altitude,"14.399999999999977",m,enhanced_speed,"2.948",m/s,,,,,,,,,,,,,,,,,,,,,,,,,,,,,,,,,,,,,,,,,,,,,,,,,,,,,,,,,,,,,,,,,,,,,,,,,,,,,,,,,,,,,,,,,,,,,,,,,,,,,,,,,,,,,,,,,,,,,,,,,,,,,,,,,,,,,,,,,,,,,,,,,,,,,,,,,,,,,,,,,,,
Data,12,record,timestamp,"944868012",s,position_lat,"390373744",semicircles,position_long,"-1398030377",semicircles,distance,"33927.6",m,altitude,"14.600000000000023",m,speed,"3.042",m/s,unknown,"0",,unknown,"100",,heart_rate,"113",bpm,cadence,"0",rpm,fractional_cadence,"0.0",rpm,enhanced_altitude,"14.600000000000023",m,enhanced_speed,"3.042",m/s,,,,,,,,,,,,,,,,,,,,,,,,,,,,,,,,,,,,,,,,,,,,,,,,,,,,,,,,,,,,,,,,,,,,,,,,,,,,,,,,,,,,,,,,,,,,,,,,,,,,,,,,,,,,,,,,,,,,,,,,,,,,,,,,,,,,,,,,,,,,,,,,,,,,,,,,,,,,,,,,,,,
Data,12,record,timestamp,"944868023",s,position_lat,"390377050",semicircles,position_long,"-1398032031",semicircles,distance,"33961.03",m,altitude,"14.600000000000023",m,speed,"3.107",m/s,unknown,"0",,unknown,"100",,heart_rate,"115",bpm,cadence,"0",rpm,fractional_cadence,"0.0",rpm,enhanced_altitude,"14.600000000000023",m,enhanced_speed,"3.107",m/s,,,,,,,,,,,,,,,,,,,,,,,,,,,,,,,,,,,,,,,,,,,,,,,,,,,,,,,,,,,,,,,,,,,,,,,,,,,,,,,,,,,,,,,,,,,,,,,,,,,,,,,,,,,,,,,,,,,,,,,,,,,,,,,,,,,,,,,,,,,,,,,,,,,,,,,,,,,,,,,,,,,
Data,12,record,timestamp,"944868032",s,position_lat,"390379581",semicircles,position_long,"-1398033320",semicircles,distance,"33986.66",m,altitude,"14.600000000000023",m,speed,"2.697",m/s,unknown,"0",,unknown,"100",,heart_rate,"115",bpm,cadence,"0",rpm,fractional_cadence,"0.0",rpm,enhanced_altitude,"14.600000000000023",m,enhanced_speed,"2.697",m/s,,,,,,,,,,,,,,,,,,,,,,,,,,,,,,,,,,,,,,,,,,,,,,,,,,,,,,,,,,,,,,,,,,,,,,,,,,,,,,,,,,,,,,,,,,,,,,,,,,,,,,,,,,,,,,,,,,,,,,,,,,,,,,,,,,,,,,,,,,,,,,,,,,,,,,,,,,,,,,,,,,,
Data,12,record,timestamp,"944868039",s,position_lat,"390381444",semicircles,position_long,"-1398034313",semicircles,distance,"34005.67",m,altitude,"14.600000000000023",m,speed,"2.911",m/s,unknown,"0",,unknown,"100",,heart_rate,"112",bpm,cadence,"0",rpm,fractional_cadence,"0.0",rpm,enhanced_altitude,"14.600000000000023",m,enhanced_speed,"2.911",m/s,,,,,,,,,,,,,,,,,,,,,,,,,,,,,,,,,,,,,,,,,,,,,,,,,,,,,,,,,,,,,,,,,,,,,,,,,,,,,,,,,,,,,,,,,,,,,,,,,,,,,,,,,,,,,,,,,,,,,,,,,,,,,,,,,,,,,,,,,,,,,,,,,,,,,,,,,,,,,,,,,,,
Data,12,record,timestamp,"944868040",s,position_lat,"390381715",semicircles,position_long,"-1398034462",semicircles,distance,"34008.45",m,altitude,"14.600000000000023",m,speed,"2.837",m/s,unknown,"0",,unknown,"100",,heart_rate,"114",bpm,cadence,"0",rpm,fractional_cadence,"0.0",rpm,enhanced_altitude,"14.600000000000023",m,enhanced_speed,"2.837",m/s,,,,,,,,,,,,,,,,,,,,,,,,,,,,,,,,,,,,,,,,,,,,,,,,,,,,,,,,,,,,,,,,,,,,,,,,,,,,,,,,,,,,,,,,,,,,,,,,,,,,,,,,,,,,,,,,,,,,,,,,,,,,,,,,,,,,,,,,,,,,,,,,,,,,,,,,,,,,,,,,,,,
Data,12,record,timestamp,"944868048",s,position_lat,"390383886",semicircles,position_long,"-1398035776",semicircles,distance,"34031.09",m,altitude,"14.799999999999955",m,speed,"3.135",m/s,unknown,"0",,unknown,"100",,heart_rate,"113",bpm,cadence,"0",rpm,fractional_cadence,"0.0",rpm,enhanced_altitude,"14.799999999999955",m,enhanced_speed,"3.135",m/s,,,,,,,,,,,,,,,,,,,,,,,,,,,,,,,,,,,,,,,,,,,,,,,,,,,,,,,,,,,,,,,,,,,,,,,,,,,,,,,,,,,,,,,,,,,,,,,,,,,,,,,,,,,,,,,,,,,,,,,,,,,,,,,,,,,,,,,,,,,,,,,,,,,,,,,,,,,,,,,,,,,
Data,12,record,timestamp,"944868060",s,position_lat,"390387578",semicircles,position_long,"-1398037307",semicircles,distance,"34067.49",m,altitude,"14.600000000000023",m,speed,"2.837",m/s,unknown,"0",,unknown,"100",,heart_rate,"115",bpm,cadence,"0",rpm,fractional_cadence,"0.0",rpm,enhanced_altitude,"14.600000000000023",m,enhanced_speed,"2.837",m/s,,,,,,,,,,,,,,,,,,,,,,,,,,,,,,,,,,,,,,,,,,,,,,,,,,,,,,,,,,,,,,,,,,,,,,,,,,,,,,,,,,,,,,,,,,,,,,,,,,,,,,,,,,,,,,,,,,,,,,,,,,,,,,,,,,,,,,,,,,,,,,,,,,,,,,,,,,,,,,,,,,,
Data,12,record,timestamp,"944868064",s,position_lat,"390388567",semicircles,position_long,"-1398037561",semicircles,distance,"34077.0",m,altitude,"14.399999999999977",m,speed,"2.874",m/s,unknown,"0",,unknown,"100",,heart_rate,"112",bpm,cadence,"0",rpm,fractional_cadence,"0.0",rpm,enhanced_altitude,"14.399999999999977",m,enhanced_speed,"2.874",m/s,,,,,,,,,,,,,,,,,,,,,,,,,,,,,,,,,,,,,,,,,,,,,,,,,,,,,,,,,,,,,,,,,,,,,,,,,,,,,,,,,,,,,,,,,,,,,,,,,,,,,,,,,,,,,,,,,,,,,,,,,,,,,,,,,,,,,,,,,,,,,,,,,,,,,,,,,,,,,,,,,,,
Data,12,record,timestamp,"944868065",s,position_lat,"390389052",semicircles,position_long,"-1398037773",semicircles,distance,"34081.78",m,altitude,"14.399999999999977",m,speed,"3.182",m/s,unknown,"0",,unknown,"100",,heart_rate,"113",bpm,cadence,"0",rpm,fractional_cadence,"0.0",rpm,enhanced_altitude,"14.399999999999977",m,enhanced_speed,"3.182",m/s,,,,,,,,,,,,,,,,,,,,,,,,,,,,,,,,,,,,,,,,,,,,,,,,,,,,,,,,,,,,,,,,,,,,,,,,,,,,,,,,,,,,,,,,,,,,,,,,,,,,,,,,,,,,,,,,,,,,,,,,,,,,,,,,,,,,,,,,,,,,,,,,,,,,,,,,,,,,,,,,,,,
Data,12,record,timestamp,"944868072",s,position_lat,"390391963",semicircles,position_long,"-1398039207",semicircles,distance,"34111.06",m,altitude,"14.399999999999977",m,speed,"3.34",m/s,unknown,"0",,unknown,"100",,heart_rate,"115",bpm,cadence,"0",rpm,fractional_cadence,"0.0",rpm,enhanced_altitude,"14.399999999999977",m,enhanced_speed,"3.34",m/s,,,,,,,,,,,,,,,,,,,,,,,,,,,,,,,,,,,,,,,,,,,,,,,,,,,,,,,,,,,,,,,,,,,,,,,,,,,,,,,,,,,,,,,,,,,,,,,,,,,,,,,,,,,,,,,,,,,,,,,,,,,,,,,,,,,,,,,,,,,,,,,,,,,,,,,,,,,,,,,,,,,
Data,12,record,timestamp,"944868078",s,position_lat,"390393988",semicircles,position_long,"-1398040229",semicircles,distance,"34131.53",m,altitude,"14.600000000000023",m,speed,"3.396",m/s,unknown,"0",,unknown,"100",,heart_rate,"119",bpm,cadence,"0",rpm,fractional_cadence,"0.0",rpm,enhanced_altitude,"14.600000000000023",m,enhanced_speed,"3.396",m/s,,,,,,,,,,,,,,,,,,,,,,,,,,,,,,,,,,,,,,,,,,,,,,,,,,,,,,,,,,,,,,,,,,,,,,,,,,,,,,,,,,,,,,,,,,,,,,,,,,,,,,,,,,,,,,,,,,,,,,,,,,,,,,,,,,,,,,,,,,,,,,,,,,,,,,,,,,,,,,,,,,,
Data,12,record,timestamp,"944868079",s,position_lat,"390394346",semicircles,position_long,"-1398040385",semicircles,distance,"34135.08",m,altitude,"14.600000000000023",m,speed,"3.396",m/s,unknown,"0",,unknown,"100",,heart_rate,"119",bpm,cadence,"0",rpm,fractional_cadence,"0.0",rpm,enhanced_altitude,"14.600000000000023",m,enhanced_speed,"3.396",m/s,,,,,,,,,,,,,,,,,,,,,,,,,,,,,,,,,,,,,,,,,,,,,,,,,,,,,,,,,,,,,,,,,,,,,,,,,,,,,,,,,,,,,,,,,,,,,,,,,,,,,,,,,,,,,,,,,,,,,,,,,,,,,,,,,,,,,,,,,,,,,,,,,,,,,,,,,,,,,,,,,,,
Data,12,record,timestamp,"944868080",s,position_lat,"390394709",semicircles,position_long,"-1398040552",semicircles,distance,"34138.7",m,altitude,"14.799999999999955",m,speed,"3.48",m/s,unknown,"0",,unknown,"100",,heart_rate,"121",bpm,cadence,"0",rpm,fractional_cadence,"0.0",rpm,enhanced_altitude,"14.799999999999955",m,enhanced_speed,"3.48",m/s,,,,,,,,,,,,,,,,,,,,,,,,,,,,,,,,,,,,,,,,,,,,,,,,,,,,,,,,,,,,,,,,,,,,,,,,,,,,,,,,,,,,,,,,,,,,,,,,,,,,,,,,,,,,,,,,,,,,,,,,,,,,,,,,,,,,,,,,,,,,,,,,,,,,,,,,,,,,,,,,,,,
Data,12,record,timestamp,"944868082",s,position_lat,"390395420",semicircles,position_long,"-1398040867",semicircles,distance,"34145.76",m,altitude,"15.0",m,speed,"3.135",m/s,unknown,"0",,unknown,"100",,heart_rate,"124",bpm,cadence,"0",rpm,fractional_cadence,"0.0",rpm,enhanced_altitude,"15.0",m,enhanced_speed,"3.135",m/s,,,,,,,,,,,,,,,,,,,,,,,,,,,,,,,,,,,,,,,,,,,,,,,,,,,,,,,,,,,,,,,,,,,,,,,,,,,,,,,,,,,,,,,,,,,,,,,,,,,,,,,,,,,,,,,,,,,,,,,,,,,,,,,,,,,,,,,,,,,,,,,,,,,,,,,,,,,,,,,,,,,
Data,12,record,timestamp,"944868083",s,position_lat,"390395731",semicircles,position_long,"-1398041023",semicircles,distance,"34148.9",m,altitude,"15.0",m,speed,"3.135",m/s,unknown,"0",,unknown,"100",,heart_rate,"125",bpm,cadence,"0",rpm,fractional_cadence,"0.0",rpm,enhanced_altitude,"15.0",m,enhanced_speed,"3.135",m/s,,,,,,,,,,,,,,,,,,,,,,,,,,,,,,,,,,,,,,,,,,,,,,,,,,,,,,,,,,,,,,,,,,,,,,,,,,,,,,,,,,,,,,,,,,,,,,,,,,,,,,,,,,,,,,,,,,,,,,,,,,,,,,,,,,,,,,,,,,,,,,,,,,,,,,,,,,,,,,,,,,,
Data,12,record,timestamp,"944868086",s,position_lat,"390396663",semicircles,position_long,"-1398041499",semicircles,distance,"34158.32",m,altitude,"15.200000000000045",m,speed,"3.294",m/s,unknown,"0",,unknown,"100",,heart_rate,"128",bpm,cadence,"0",rpm,fractional_cadence,"0.0",rpm,enhanced_altitude,"15.200000000000045",m,enhanced_speed,"3.294",m/s,,,,,,,,,,,,,,,,,,,,,,,,,,,,,,,,,,,,,,,,,,,,,,,,,,,,,,,,,,,,,,,,,,,,,,,,,,,,,,,,,,,,,,,,,,,,,,,,,,,,,,,,,,,,,,,,,,,,,,,,,,,,,,,,,,,,,,,,,,,,,,,,,,,,,,,,,,,,,,,,,,,
Data,12,record,timestamp,"944868089",s,position_lat,"390397462",semicircles,position_long,"-1398042021",semicircles,distance,"34166.81",m,altitude,"15.200000000000045",m,speed,"2.855",m/s,unknown,"0",,unknown,"100",,heart_rate,"130",bpm,cadence,"0",rpm,fractional_cadence,"0.0",rpm,enhanced_altitude,"15.200000000000045",m,enhanced_speed,"2.855",m/s,,,,,,,,,,,,,,,,,,,,,,,,,,,,,,,,,,,,,,,,,,,,,,,,,,,,,,,,,,,,,,,,,,,,,,,,,,,,,,,,,,,,,,,,,,,,,,,,,,,,,,,,,,,,,,,,,,,,,,,,,,,,,,,,,,,,,,,,,,,,,,,,,,,,,,,,,,,,,,,,,,,
Data,12,record,timestamp,"944868094",s,position_lat,"390397809",semicircles,position_long,"-1398043307",semicircles,distance,"34178.31",m,altitude,"15.200000000000045",m,speed,"2.193",m/s,unknown,"0",,unknown,"100",,heart_rate,"130",bpm,cadence,"0",rpm,fractional_cadence,"0.0",rpm,enhanced_altitude,"15.200000000000045",m,enhanced_speed,"2.193",m/s,,,,,,,,,,,,,,,,,,,,,,,,,,,,,,,,,,,,,,,,,,,,,,,,,,,,,,,,,,,,,,,,,,,,,,,,,,,,,,,,,,,,,,,,,,,,,,,,,,,,,,,,,,,,,,,,,,,,,,,,,,,,,,,,,,,,,,,,,,,,,,,,,,,,,,,,,,,,,,,,,,,
Data,12,record,timestamp,"944868096",s,position_lat,"390397677",semicircles,position_long,"-1398043888",semicircles,distance,"34183.04",m,altitude,"15.0",m,speed,"2.258",m/s,unknown,"0",,unknown,"100",,heart_rate,"133",bpm,cadence,"0",rpm,fractional_cadence,"0.0",rpm,enhanced_altitude,"15.0",m,enhanced_speed,"2.258",m/s,,,,,,,,,,,,,,,,,,,,,,,,,,,,,,,,,,,,,,,,,,,,,,,,,,,,,,,,,,,,,,,,,,,,,,,,,,,,,,,,,,,,,,,,,,,,,,,,,,,,,,,,,,,,,,,,,,,,,,,,,,,,,,,,,,,,,,,,,,,,,,,,,,,,,,,,,,,,,,,,,,,
Data,12,record,timestamp,"944868102",s,position_lat,"390397014",semicircles,position_long,"-1398045707",semicircles,distance,"34198.63",m,altitude,"14.799999999999955",m,speed,"2.706",m/s,unknown,"0",,unknown,"100",,heart_rate,"134",bpm,cadence,"0",rpm,fractional_cadence,"0.0",rpm,enhanced_altitude,"14.799999999999955",m,enhanced_speed,"2.706",m/s,,,,,,,,,,,,,,,,,,,,,,,,,,,,,,,,,,,,,,,,,,,,,,,,,,,,,,,,,,,,,,,,,,,,,,,,,,,,,,,,,,,,,,,,,,,,,,,,,,,,,,,,,,,,,,,,,,,,,,,,,,,,,,,,,,,,,,,,,,,,,,,,,,,,,,,,,,,,,,,,,,,
Data,12,record,timestamp,"944868110",s,position_lat,"390396842",semicircles,position_long,"-1398048099",semicircles,distance,"34217.56",m,altitude,"14.200000000000045",m,speed,"1.885",m/s,unknown,"0",,unknown,"100",,heart_rate,"133",bpm,cadence,"0",rpm,fractional_cadence,"0.0",rpm,enhanced_altitude,"14.200000000000045",m,enhanced_speed,"1.885",m/s,,,,,,,,,,,,,,,,,,,,,,,,,,,,,,,,,,,,,,,,,,,,,,,,,,,,,,,,,,,,,,,,,,,,,,,,,,,,,,,,,,,,,,,,,,,,,,,,,,,,,,,,,,,,,,,,,,,,,,,,,,,,,,,,,,,,,,,,,,,,,,,,,,,,,,,,,,,,,,,,,,,
Data,12,record,timestamp,"944868114",s,position_lat,"390396541",semicircles,position_long,"-1398049062",semicircles,distance,"34225.64",m,altitude,"14.0",m,speed,"2.174",m/s,unknown,"0",,unknown,"100",,heart_rate,"129",bpm,cadence,"0",rpm,fractional_cadence,"0.0",rpm,enhanced_altitude,"14.0",m,enhanced_speed,"2.174",m/s,,,,,,,,,,,,,,,,,,,,,,,,,,,,,,,,,,,,,,,,,,,,,,,,,,,,,,,,,,,,,,,,,,,,,,,,,,,,,,,,,,,,,,,,,,,,,,,,,,,,,,,,,,,,,,,,,,,,,,,,,,,,,,,,,,,,,,,,,,,,,,,,,,,,,,,,,,,,,,,,,,,
Data,12,record,timestamp,"944868116",s,position_lat,"390396396",semicircles,position_long,"-1398049553",semicircles,distance,"34229.73",m,altitude,"13.799999999999955",m,speed,"1.95",m/s,unknown,"0",,unknown,"100",,heart_rate,"131",bpm,cadence,"0",rpm,fractional_cadence,"0.0",rpm,enhanced_altitude,"13.799999999999955",m,enhanced_speed,"1.95",m/s,,,,,,,,,,,,,,,,,,,,,,,,,,,,,,,,,,,,,,,,,,,,,,,,,,,,,,,,,,,,,,,,,,,,,,,,,,,,,,,,,,,,,,,,,,,,,,,,,,,,,,,,,,,,,,,,,,,,,,,,,,,,,,,,,,,,,,,,,,,,,,,,,,,,,,,,,,,,,,,,,,,
Data,12,record,timestamp,"944868122",s,position_lat,"390395725",semicircles,position_long,"-1398051086",semicircles,distance,"34243.28",m,altitude,"12.799999999999955",m,speed,"2.174",m/s,unknown,"0",,unknown,"100",,heart_rate,"131",bpm,cadence,"0",rpm,fractional_cadence,"0.0",rpm,enhanced_altitude,"12.799999999999955",m,enhanced_speed,"2.174",m/s,,,,,,,,,,,,,,,,,,,,,,,,,,,,,,,,,,,,,,,,,,,,,,,,,,,,,,,,,,,,,,,,,,,,,,,,,,,,,,,,,,,,,,,,,,,,,,,,,,,,,,,,,,,,,,,,,,,,,,,,,,,,,,,,,,,,,,,,,,,,,,,,,,,,,,,,,,,,,,,,,,,
Data,12,record,timestamp,"944868127",s,position_lat,"390395327",semicircles,position_long,"-1398052419",semicircles,distance,"34254.37",m,altitude,"12.799999999999955",m,speed,"2.146",m/s,unknown,"0",,unknown,"100",,heart_rate,"130",bpm,cadence,"0",rpm,fractional_cadence,"0.0",rpm,enhanced_altitude,"12.799999999999955",m,enhanced_speed,"2.146",m/s,,,,,,,,,,,,,,,,,,,,,,,,,,,,,,,,,,,,,,,,,,,,,,,,,,,,,,,,,,,,,,,,,,,,,,,,,,,,,,,,,,,,,,,,,,,,,,,,,,,,,,,,,,,,,,,,,,,,,,,,,,,,,,,,,,,,,,,,,,,,,,,,,,,,,,,,,,,,,,,,,,,
Data,12,record,timestamp,"944868131",s,position_lat,"390395031",semicircles,position_long,"-1398053655",semicircles,distance,"34264.45",m,altitude,"13.0",m,speed,"2.613",m/s,unknown,"0",,unknown,"100",,heart_rate,"127",bpm,cadence,"0",rpm,fractional_cadence,"0.0",rpm,enhanced_altitude,"13.0",m,enhanced_speed,"2.613",m/s,,,,,,,,,,,,,,,,,,,,,,,,,,,,,,,,,,,,,,,,,,,,,,,,,,,,,,,,,,,,,,,,,,,,,,,,,,,,,,,,,,,,,,,,,,,,,,,,,,,,,,,,,,,,,,,,,,,,,,,,,,,,,,,,,,,,,,,,,,,,,,,,,,,,,,,,,,,,,,,,,,,
Data,12,record,timestamp,"944868136",s,position_lat,"390394682",semicircles,position_long,"-1398055333",semicircles,distance,"34278.01",m,altitude,"13.200000000000045",m,speed,"2.389",m/s,unknown,"0",,unknown,"100",,heart_rate,"126",bpm,cadence,"0",rpm,fractional_cadence,"0.0",rpm,enhanced_altitude,"13.200000000000045",m,enhanced_speed,"2.389",m/s,,,,,,,,,,,,,,,,,,,,,,,,,,,,,,,,,,,,,,,,,,,,,,,,,,,,,,,,,,,,,,,,,,,,,,,,,,,,,,,,,,,,,,,,,,,,,,,,,,,,,,,,,,,,,,,,,,,,,,,,,,,,,,,,,,,,,,,,,,,,,,,,,,,,,,,,,,,,,,,,,,,
Data,12,record,timestamp,"944868141",s,position_lat,"390394411",semicircles,position_long,"-1398056879",semicircles,distance,"34290.47",m,altitude,"13.600000000000023",m,speed,"2.734",m/s,unknown,"0",,unknown,"100",,heart_rate,"130",bpm,cadence,"0",rpm,fractional_cadence,"0.0",rpm,enhanced_altitude,"13.600000000000023",m,enhanced_speed,"2.734",m/s,,,,,,,,,,,,,,,,,,,,,,,,,,,,,,,,,,,,,,,,,,,,,,,,,,,,,,,,,,,,,,,,,,,,,,,,,,,,,,,,,,,,,,,,,,,,,,,,,,,,,,,,,,,,,,,,,,,,,,,,,,,,,,,,,,,,,,,,,,,,,,,,,,,,,,,,,,,,,,,,,,,
Data,12,record,timestamp,"944868143",s,position_lat,"390394325",semicircles,position_long,"-1398057584",semicircles,distance,"34296.06",m,altitude,"13.600000000000023",m,speed,"2.799",m/s,unknown,"0",,unknown,"100",,heart_rate,"132",bpm,cadence,"0",rpm,fractional_cadence,"0.0",rpm,enhanced_altitude,"13.600000000000023",m,enhanced_speed,"2.799",m/s,,,,,,,,,,,,,,,,,,,,,,,,,,,,,,,,,,,,,,,,,,,,,,,,,,,,,,,,,,,,,,,,,,,,,,,,,,,,,,,,,,,,,,,,,,,,,,,,,,,,,,,,,,,,,,,,,,,,,,,,,,,,,,,,,,,,,,,,,,,,,,,,,,,,,,,,,,,,,,,,,,,
Data,12,record,timestamp,"944868147",s,position_lat,"390394190",semicircles,position_long,"-1398059288",semicircles,distance,"34309.5",m,altitude,"14.0",m,speed,"2.948",m/s,unknown,"0",,unknown,"100",,heart_rate,"132",bpm,cadence,"0",rpm,fractional_cadence,"0.0",rpm,enhanced_altitude,"14.0",m,enhanced_speed,"2.948",m/s,,,,,,,,,,,,,,,,,,,,,,,,,,,,,,,,,,,,,,,,,,,,,,,,,,,,,,,,,,,,,,,,,,,,,,,,,,,,,,,,,,,,,,,,,,,,,,,,,,,,,,,,,,,,,,,,,,,,,,,,,,,,,,,,,,,,,,,,,,,,,,,,,,,,,,,,,,,,,,,,,,,
Data,12,record,timestamp,"944868150",s,position_lat,"390394090",semicircles,position_long,"-1398060397",semicircles,distance,"34318.28",m,altitude,"14.399999999999977",m,speed,"2.659",m/s,unknown,"0",,unknown,"100",,heart_rate,"132",bpm,cadence,"0",rpm,fractional_cadence,"0.0",rpm,enhanced_altitude,"14.399999999999977",m,enhanced_speed,"2.659",m/s,,,,,,,,,,,,,,,,,,,,,,,,,,,,,,,,,,,,,,,,,,,,,,,,,,,,,,,,,,,,,,,,,,,,,,,,,,,,,,,,,,,,,,,,,,,,,,,,,,,,,,,,,,,,,,,,,,,,,,,,,,,,,,,,,,,,,,,,,,,,,,,,,,,,,,,,,,,,,,,,,,,
Data,12,record,timestamp,"944868155",s,position_lat,"390393847",semicircles,position_long,"-1398062106",semicircles,distance,"34331.89",m,altitude,"15.0",m,speed,"2.79",m/s,unknown,"0",,unknown,"100",,heart_rate,"135",bpm,cadence,"0",rpm,fractional_cadence,"0.0",rpm,enhanced_altitude,"15.0",m,enhanced_speed,"2.79",m/s,,,,,,,,,,,,,,,,,,,,,,,,,,,,,,,,,,,,,,,,,,,,,,,,,,,,,,,,,,,,,,,,,,,,,,,,,,,,,,,,,,,,,,,,,,,,,,,,,,,,,,,,,,,,,,,,,,,,,,,,,,,,,,,,,,,,,,,,,,,,,,,,,,,,,,,,,,,,,,,,,,,
Data,12,record,timestamp,"944868159",s,position_lat,"390393628",semicircles,position_long,"-1398063428",semicircles,distance,"34342.49",m,altitude,"15.399999999999977",m,speed,"2.277",m/s,unknown,"0",,unknown,"100",,heart_rate,"134",bpm,cadence,"0",rpm,fractional_cadence,"0.0",rpm,enhanced_altitude,"15.399999999999977",m,enhanced_speed,"2.277",m/s,,,,,,,,,,,,,,,,,,,,,,,,,,,,,,,,,,,,,,,,,,,,,,,,,,,,,,,,,,,,,,,,,,,,,,,,,,,,,,,,,,,,,,,,,,,,,,,,,,,,,,,,,,,,,,,,,,,,,,,,,,,,,,,,,,,,,,,,,,,,,,,,,,,,,,,,,,,,,,,,,,,
Data,12,record,timestamp,"944868166",s,position_lat,"390393313",semicircles,position_long,"-1398065686",semicircles,distance,"34360.47",m,altitude,"15.399999999999977",m,speed,"2.753",m/s,unknown,"0",,unknown,"100",,heart_rate,"134",bpm,cadence,"0",rpm,fractional_cadence,"0.0",rpm,enhanced_altitude,"15.399999999999977",m,enhanced_speed,"2.753",m/s,,,,,,,,,,,,,,,,,,,,,,,,,,,,,,,,,,,,,,,,,,,,,,,,,,,,,,,,,,,,,,,,,,,,,,,,,,,,,,,,,,,,,,,,,,,,,,,,,,,,,,,,,,,,,,,,,,,,,,,,,,,,,,,,,,,,,,,,,,,,,,,,,,,,,,,,,,,,,,,,,,,
Data,12,record,timestamp,"944868174",s,position_lat,"390392831",semicircles,position_long,"-1398068246",semicircles,distance,"34381.06",m,altitude,"15.399999999999977",m,speed,"2.23",m/s,unknown,"0",,unknown,"100",,heart_rate,"134",bpm,cadence,"53",rpm,fractional_cadence,"0.5",rpm,enhanced_altitude,"15.399999999999977",m,enhanced_speed,"2.23",m/s,,,,,,,,,,,,,,,,,,,,,,,,,,,,,,,,,,,,,,,,,,,,,,,,,,,,,,,,,,,,,,,,,,,,,,,,,,,,,,,,,,,,,,,,,,,,,,,,,,,,,,,,,,,,,,,,,,,,,,,,,,,,,,,,,,,,,,,,,,,,,,,,,,,,,,,,,,,,,,,,,,,
Data,12,record,timestamp,"944868183",s,position_lat,"390392405",semicircles,position_long,"-1398070931",semicircles,distance,"34402.55",m,altitude,"15.399999999999977",m,speed,"2.323",m/s,unknown,"0",,unknown,"100",,heart_rate,"135",bpm,cadence,"0",rpm,fractional_cadence,"0.0",rpm,enhanced_altitude,"15.399999999999977",m,enhanced_speed,"2.323",m/s,,,,,,,,,,,,,,,,,,,,,,,,,,,,,,,,,,,,,,,,,,,,,,,,,,,,,,,,,,,,,,,,,,,,,,,,,,,,,,,,,,,,,,,,,,,,,,,,,,,,,,,,,,,,,,,,,,,,,,,,,,,,,,,,,,,,,,,,,,,,,,,,,,,,,,,,,,,,,,,,,,,
Data,12,record,timestamp,"944868185",s,position_lat,"390392269",semicircles,position_long,"-1398071525",semicircles,distance,"34407.38",m,altitude,"15.399999999999977",m,speed,"2.389",m/s,unknown,"0",,unknown,"100",,heart_rate,"132",bpm,cadence,"0",rpm,fractional_cadence,"0.0",rpm,enhanced_altitude,"15.399999999999977",m,enhanced_speed,"2.389",m/s,,,,,,,,,,,,,,,,,,,,,,,,,,,,,,,,,,,,,,,,,,,,,,,,,,,,,,,,,,,,,,,,,,,,,,,,,,,,,,,,,,,,,,,,,,,,,,,,,,,,,,,,,,,,,,,,,,,,,,,,,,,,,,,,,,,,,,,,,,,,,,,,,,,,,,,,,,,,,,,,,,,
Data,12,record,timestamp,"944868189",s,position_lat,"390391982",semicircles,position_long,"-1398072710",semicircles,distance,"34417.07",m,altitude,"15.399999999999977",m,speed,"3.023",m/s,unknown,"0",,unknown,"100",,heart_rate,"132",bpm,cadence,"0",rpm,fractional_cadence,"0.0",rpm,enhanced_altitude,"15.399999999999977",m,enhanced_speed,"3.023",m/s,,,,,,,,,,,,,,,,,,,,,,,,,,,,,,,,,,,,,,,,,,,,,,,,,,,,,,,,,,,,,,,,,,,,,,,,,,,,,,,,,,,,,,,,,,,,,,,,,,,,,,,,,,,,,,,,,,,,,,,,,,,,,,,,,,,,,,,,,,,,,,,,,,,,,,,,,,,,,,,,,,,
Data,12,record,timestamp,"944868195",s,position_lat,"390391513",semicircles,position_long,"-1398074538",semicircles,distance,"34432.06",m,altitude,"15.399999999999977",m,speed,"2.407",m/s,unknown,"0",,unknown,"100",,heart_rate,"132",bpm,cadence,"64",rpm,fractional_cadence,"0.0",rpm,enhanced_altitude,"15.399999999999977",m,enhanced_speed,"2.407",m/s,,,,,,,,,,,,,,,,,,,,,,,,,,,,,,,,,,,,,,,,,,,,,,,,,,,,,,,,,,,,,,,,,,,,,,,,,,,,,,,,,,,,,,,,,,,,,,,,,,,,,,,,,,,,,,,,,,,,,,,,,,,,,,,,,,,,,,,,,,,,,,,,,,,,,,,,,,,,,,,,,,,
Data,12,record,timestamp,"944868201",s,position_lat,"390391127",semicircles,position_long,"-1398076085",semicircles,distance,"34444.81",m,altitude,"15.200000000000045",m,speed,"2.034",m/s,unknown,"0",,unknown,"100",,heart_rate,"133",bpm,cadence,"0",rpm,fractional_cadence,"0.0",rpm,enhanced_altitude,"15.200000000000045",m,enhanced_speed,"2.034",m/s,,,,,,,,,,,,,,,,,,,,,,,,,,,,,,,,,,,,,,,,,,,,,,,,,,,,,,,,,,,,,,,,,,,,,,,,,,,,,,,,,,,,,,,,,,,,,,,,,,,,,,,,,,,,,,,,,,,,,,,,,,,,,,,,,,,,,,,,,,,,,,,,,,,,,,,,,,,,,,,,,,,
Data,12,record,timestamp,"944868207",s,position_lat,"390390732",semicircles,position_long,"-1398077955",semicircles,distance,"34459.97",m,altitude,"15.200000000000045",m,speed,"2.333",m/s,unknown,"0",,unknown,"100",,heart_rate,"134",bpm,cadence,"0",rpm,fractional_cadence,"0.0",rpm,enhanced_altitude,"15.200000000000045",m,enhanced_speed,"2.333",m/s,,,,,,,,,,,,,,,,,,,,,,,,,,,,,,,,,,,,,,,,,,,,,,,,,,,,,,,,,,,,,,,,,,,,,,,,,,,,,,,,,,,,,,,,,,,,,,,,,,,,,,,,,,,,,,,,,,,,,,,,,,,,,,,,,,,,,,,,,,,,,,,,,,,,,,,,,,,,,,,,,,,
Data,12,record,timestamp,"944868213",s,position_lat,"390390492",semicircles,position_long,"-1398080040",semicircles,distance,"34476.53",m,altitude,"15.200000000000045",m,speed,"2.725",m/s,unknown,"0",,unknown,"100",,heart_rate,"132",bpm,cadence,"0",rpm,fractional_cadence,"0.0",rpm,enhanced_altitude,"15.200000000000045",m,enhanced_speed,"2.725",m/s,,,,,,,,,,,,,,,,,,,,,,,,,,,,,,,,,,,,,,,,,,,,,,,,,,,,,,,,,,,,,,,,,,,,,,,,,,,,,,,,,,,,,,,,,,,,,,,,,,,,,,,,,,,,,,,,,,,,,,,,,,,,,,,,,,,,,,,,,,,,,,,,,,,,,,,,,,,,,,,,,,,
Data,12,record,timestamp,"944868221",s,position_lat,"390389878",semicircles,position_long,"-1398082713",semicircles,distance,"34498.4",m,altitude,"15.200000000000045",m,speed,"2.491",m/s,unknown,"0",,unknown,"100",,heart_rate,"133",bpm,cadence,"0",rpm,fractional_cadence,"0.0",rpm,enhanced_altitude,"15.200000000000045",m,enhanced_speed,"2.491",m/s,,,,,,,,,,,,,,,,,,,,,,,,,,,,,,,,,,,,,,,,,,,,,,,,,,,,,,,,,,,,,,,,,,,,,,,,,,,,,,,,,,,,,,,,,,,,,,,,,,,,,,,,,,,,,,,,,,,,,,,,,,,,,,,,,,,,,,,,,,,,,,,,,,,,,,,,,,,,,,,,,,,
Data,12,record,timestamp,"944868229",s,position_lat,"390389326",semicircles,position_long,"-1398085051",semicircles,distance,"34517.52",m,altitude,"15.399999999999977",m,speed,"2.529",m/s,unknown,"0",,unknown,"100",,heart_rate,"134",bpm,cadence,"0",rpm,fractional_cadence,"0.0",rpm,enhanced_altitude,"15.399999999999977",m,enhanced_speed,"2.529",m/s,,,,,,,,,,,,,,,,,,,,,,,,,,,,,,,,,,,,,,,,,,,,,,,,,,,,,,,,,,,,,,,,,,,,,,,,,,,,,,,,,,,,,,,,,,,,,,,,,,,,,,,,,,,,,,,,,,,,,,,,,,,,,,,,,,,,,,,,,,,,,,,,,,,,,,,,,,,,,,,,,,,
Data,12,record,timestamp,"944868236",s,position_lat,"390388910",semicircles,position_long,"-1398087134",semicircles,distance,"34534.43",m,altitude,"15.399999999999977",m,speed,"2.333",m/s,unknown,"0",,unknown,"100",,heart_rate,"131",bpm,cadence,"0",rpm,fractional_cadence,"0.0",rpm,enhanced_altitude,"15.399999999999977",m,enhanced_speed,"2.333",m/s,,,,,,,,,,,,,,,,,,,,,,,,,,,,,,,,,,,,,,,,,,,,,,,,,,,,,,,,,,,,,,,,,,,,,,,,,,,,,,,,,,,,,,,,,,,,,,,,,,,,,,,,,,,,,,,,,,,,,,,,,,,,,,,,,,,,,,,,,,,,,,,,,,,,,,,,,,,,,,,,,,,
Data,12,record,timestamp,"944868237",s,position_lat,"390388833",semicircles,position_long,"-1398087433",semicircles,distance,"34536.88",m,altitude,"15.399999999999977",m,speed,"2.547",m/s,unknown,"0",,unknown,"100",,heart_rate,"132",bpm,cadence,"0",rpm,fractional_cadence,"0.0",rpm,enhanced_altitude,"15.399999999999977",m,enhanced_speed,"2.547",m/s,,,,,,,,,,,,,,,,,,,,,,,,,,,,,,,,,,,,,,,,,,,,,,,,,,,,,,,,,,,,,,,,,,,,,,,,,,,,,,,,,,,,,,,,,,,,,,,,,,,,,,,,,,,,,,,,,,,,,,,,,,,,,,,,,,,,,,,,,,,,,,,,,,,,,,,,,,,,,,,,,,,
Data,12,record,timestamp,"944868247",s,position_lat,"390388037",semicircles,position_long,"-1398090371",semicircles,distance,"34561.13",m,altitude,"16.0",m,speed,"2.239",m/s,unknown,"0",,unknown,"100",,heart_rate,"132",bpm,cadence,"0",rpm,fractional_cadence,"0.0",rpm,enhanced_altitude,"16.0",m,enhanced_speed,"2.239",m/s,,,,,,,,,,,,,,,,,,,,,,,,,,,,,,,,,,,,,,,,,,,,,,,,,,,,,,,,,,,,,,,,,,,,,,,,,,,,,,,,,,,,,,,,,,,,,,,,,,,,,,,,,,,,,,,,,,,,,,,,,,,,,,,,,,,,,,,,,,,,,,,,,,,,,,,,,,,,,,,,,,,
Data,12,record,timestamp,"944868251",s,position_lat,"390387712",semicircles,position_long,"-1398091519",semicircles,distance,"34570.65",m,altitude,"16.0",m,speed,"2.389",m/s,unknown,"0",,unknown,"100",,heart_rate,"129",bpm,cadence,"0",rpm,fractional_cadence,"0.0",rpm,enhanced_altitude,"16.0",m,enhanced_speed,"2.389",m/s,,,,,,,,,,,,,,,,,,,,,,,,,,,,,,,,,,,,,,,,,,,,,,,,,,,,,,,,,,,,,,,,,,,,,,,,,,,,,,,,,,,,,,,,,,,,,,,,,,,,,,,,,,,,,,,,,,,,,,,,,,,,,,,,,,,,,,,,,,,,,,,,,,,,,,,,,,,,,,,,,,,
Data,12,record,timestamp,"944868254",s,position_lat,"390387482",semicircles,position_long,"-1398092446",semicircles,distance,"34578.23",m,altitude,"16.0",m,speed,"2.426",m/s,unknown,"0",,unknown,"100",,heart_rate,"129",bpm,cadence,"0",rpm,fractional_cadence,"0.0",rpm,enhanced_altitude,"16.0",m,enhanced_speed,"2.426",m/s,,,,,,,,,,,,,,,,,,,,,,,,,,,,,,,,,,,,,,,,,,,,,,,,,,,,,,,,,,,,,,,,,,,,,,,,,,,,,,,,,,,,,,,,,,,,,,,,,,,,,,,,,,,,,,,,,,,,,,,,,,,,,,,,,,,,,,,,,,,,,,,,,,,,,,,,,,,,,,,,,,,
Data,12,record,timestamp,"944868260",s,position_lat,"390387093",semicircles,position_long,"-1398094096",semicircles,distance,"34591.78",m,altitude,"15.600000000000023",m,speed,"2.351",m/s,unknown,"0",,unknown,"100",,heart_rate,"126",bpm,cadence,"0",rpm,fractional_cadence,"0.0",rpm,enhanced_altitude,"15.600000000000023",m,enhanced_speed,"2.351",m/s,,,,,,,,,,,,,,,,,,,,,,,,,,,,,,,,,,,,,,,,,,,,,,,,,,,,,,,,,,,,,,,,,,,,,,,,,,,,,,,,,,,,,,,,,,,,,,,,,,,,,,,,,,,,,,,,,,,,,,,,,,,,,,,,,,,,,,,,,,,,,,,,,,,,,,,,,,,,,,,,,,,
Data,12,record,timestamp,"944868269",s,position_lat,"390386583",semicircles,position_long,"-1398096790",semicircles,distance,"34613.5",m,altitude,"15.200000000000045",m,speed,"2.155",m/s,unknown,"0",,unknown,"100",,heart_rate,"125",bpm,cadence,"0",rpm,fractional_cadence,"0.0",rpm,enhanced_altitude,"15.200000000000045",m,enhanced_speed,"2.155",m/s,,,,,,,,,,,,,,,,,,,,,,,,,,,,,,,,,,,,,,,,,,,,,,,,,,,,,,,,,,,,,,,,,,,,,,,,,,,,,,,,,,,,,,,,,,,,,,,,,,,,,,,,,,,,,,,,,,,,,,,,,,,,,,,,,,,,,,,,,,,,,,,,,,,,,,,,,,,,,,,,,,,
Data,12,record,timestamp,"944868279",s,position_lat,"390385898",semicircles,position_long,"-1398099378",semicircles,distance,"34634.78",m,altitude,"15.600000000000023",m,speed,"2.193",m/s,unknown,"0",,unknown,"100",,heart_rate,"123",bpm,cadence,"0",rpm,fractional_cadence,"0.0",rpm,enhanced_altitude,"15.600000000000023",m,enhanced_speed,"2.193",m/s,,,,,,,,,,,,,,,,,,,,,,,,,,,,,,,,,,,,,,,,,,,,,,,,,,,,,,,,,,,,,,,,,,,,,,,,,,,,,,,,,,,,,,,,,,,,,,,,,,,,,,,,,,,,,,,,,,,,,,,,,,,,,,,,,,,,,,,,,,,,,,,,,,,,,,,,,,,,,,,,,,,
Data,12,record,timestamp,"944868280",s,position_lat,"390385758",semicircles,position_long,"-1398099686",semicircles,distance,"34637.52",m,altitude,"15.600000000000023",m,speed,"2.454",m/s,unknown,"0",,unknown,"100",,heart_rate,"120",bpm,cadence,"0",rpm,fractional_cadence,"0.0",rpm,enhanced_altitude,"15.600000000000023",m,enhanced_speed,"2.454",m/s,,,,,,,,,,,,,,,,,,,,,,,,,,,,,,,,,,,,,,,,,,,,,,,,,,,,,,,,,,,,,,,,,,,,,,,,,,,,,,,,,,,,,,,,,,,,,,,,,,,,,,,,,,,,,,,,,,,,,,,,,,,,,,,,,,,,,,,,,,,,,,,,,,,,,,,,,,,,,,,,,,,
Data,12,record,timestamp,"944868282",s,position_lat,"390385630",semicircles,position_long,"-1398100261",semicircles,distance,"34642.18",m,altitude,"15.600000000000023",m,speed,"2.305",m/s,unknown,"0",,unknown,"100",,heart_rate,"124",bpm,cadence,"0",rpm,fractional_cadence,"0.0",rpm,enhanced_altitude,"15.600000000000023",m,enhanced_speed,"2.305",m/s,,,,,,,,,,,,,,,,,,,,,,,,,,,,,,,,,,,,,,,,,,,,,,,,,,,,,,,,,,,,,,,,,,,,,,,,,,,,,,,,,,,,,,,,,,,,,,,,,,,,,,,,,,,,,,,,,,,,,,,,,,,,,,,,,,,,,,,,,,,,,,,,,,,,,,,,,,,,,,,,,,,
Data,12,record,timestamp,"944868286",s,position_lat,"390385414",semicircles,position_long,"-1398101372",semicircles,distance,"34651.15",m,altitude,"15.600000000000023",m,speed,"2.286",m/s,unknown,"0",,unknown,"100",,heart_rate,"123",bpm,cadence,"0",rpm,fractional_cadence,"0.0",rpm,enhanced_altitude,"15.600000000000023",m,enhanced_speed,"2.286",m/s,,,,,,,,,,,,,,,,,,,,,,,,,,,,,,,,,,,,,,,,,,,,,,,,,,,,,,,,,,,,,,,,,,,,,,,,,,,,,,,,,,,,,,,,,,,,,,,,,,,,,,,,,,,,,,,,,,,,,,,,,,,,,,,,,,,,,,,,,,,,,,,,,,,,,,,,,,,,,,,,,,,
Data,12,record,timestamp,"944868287",s,position_lat,"390385366",semicircles,position_long,"-1398101659",semicircles,distance,"34653.44",m,altitude,"15.600000000000023",m,speed,"2.37",m/s,unknown,"0",,unknown,"100",,heart_rate,"120",bpm,cadence,"0",rpm,fractional_cadence,"0.0",rpm,enhanced_altitude,"15.600000000000023",m,enhanced_speed,"2.37",m/s,,,,,,,,,,,,,,,,,,,,,,,,,,,,,,,,,,,,,,,,,,,,,,,,,,,,,,,,,,,,,,,,,,,,,,,,,,,,,,,,,,,,,,,,,,,,,,,,,,,,,,,,,,,,,,,,,,,,,,,,,,,,,,,,,,,,,,,,,,,,,,,,,,,,,,,,,,,,,,,,,,,
Data,12,record,timestamp,"944868290",s,position_lat,"390385228",semicircles,position_long,"-1398102561",semicircles,distance,"34660.64",m,altitude,"15.600000000000023",m,speed,"2.473",m/s,unknown,"0",,unknown,"100",,heart_rate,"123",bpm,cadence,"0",rpm,fractional_cadence,"0.0",rpm,enhanced_altitude,"15.600000000000023",m,enhanced_speed,"2.473",m/s,,,,,,,,,,,,,,,,,,,,,,,,,,,,,,,,,,,,,,,,,,,,,,,,,,,,,,,,,,,,,,,,,,,,,,,,,,,,,,,,,,,,,,,,,,,,,,,,,,,,,,,,,,,,,,,,,,,,,,,,,,,,,,,,,,,,,,,,,,,,,,,,,,,,,,,,,,,,,,,,,,,
Data,12,record,timestamp,"944868295",s,position_lat,"390384902",semicircles,position_long,"-1398104187",semicircles,distance,"34673.77",m,altitude,"15.399999999999977",m,speed,"2.603",m/s,unknown,"0",,unknown,"100",,heart_rate,"120",bpm,cadence,"0",rpm,fractional_cadence,"0.0",rpm,enhanced_altitude,"15.399999999999977",m,enhanced_speed,"2.603",m/s,,,,,,,,,,,,,,,,,,,,,,,,,,,,,,,,,,,,,,,,,,,,,,,,,,,,,,,,,,,,,,,,,,,,,,,,,,,,,,,,,,,,,,,,,,,,,,,,,,,,,,,,,,,,,,,,,,,,,,,,,,,,,,,,,,,,,,,,,,,,,,,,,,,,,,,,,,,,,,,,,,,
Data,12,record,timestamp,"944868304",s,position_lat,"390384337",semicircles,position_long,"-1398107392",semicircles,distance,"34699.5",m,altitude,"15.399999999999977",m,speed,"3.294",m/s,unknown,"0",,unknown,"100",,heart_rate,"119",bpm,cadence,"0",rpm,fractional_cadence,"0.0",rpm,enhanced_altitude,"15.399999999999977",m,enhanced_speed,"3.294",m/s,,,,,,,,,,,,,,,,,,,,,,,,,,,,,,,,,,,,,,,,,,,,,,,,,,,,,,,,,,,,,,,,,,,,,,,,,,,,,,,,,,,,,,,,,,,,,,,,,,,,,,,,,,,,,,,,,,,,,,,,,,,,,,,,,,,,,,,,,,,,,,,,,,,,,,,,,,,,,,,,,,,
Data,12,record,timestamp,"944868309",s,position_lat,"390383953",semicircles,position_long,"-1398109596",semicircles,distance,"34717.2",m,altitude,"15.200000000000045",m,speed,"2.65",m/s,unknown,"0",,unknown,"300",,heart_rate,"119",bpm,cadence,"0",rpm,fractional_cadence,"0.0",rpm,enhanced_altitude,"15.200000000000045",m,enhanced_speed,"2.65",m/s,,,,,,,,,,,,,,,,,,,,,,,,,,,,,,,,,,,,,,,,,,,,,,,,,,,,,,,,,,,,,,,,,,,,,,,,,,,,,,,,,,,,,,,,,,,,,,,,,,,,,,,,,,,,,,,,,,,,,,,,,,,,,,,,,,,,,,,,,,,,,,,,,,,,,,,,,,,,,,,,,,,
Data,12,record,timestamp,"944868316",s,position_lat,"390383440",semicircles,position_long,"-1398112424",semicircles,distance,"34739.91",m,altitude,"15.200000000000045",m,speed,"2.939",m/s,unknown,"0",,unknown,"100",,heart_rate,"123",bpm,cadence,"55",rpm,fractional_cadence,"0.5",rpm,enhanced_altitude,"15.200000000000045",m,enhanced_speed,"2.939",m/s,,,,,,,,,,,,,,,,,,,,,,,,,,,,,,,,,,,,,,,,,,,,,,,,,,,,,,,,,,,,,,,,,,,,,,,,,,,,,,,,,,,,,,,,,,,,,,,,,,,,,,,,,,,,,,,,,,,,,,,,,,,,,,,,,,,,,,,,,,,,,,,,,,,,,,,,,,,,,,,,,,,
Data,12,record,timestamp,"944868317",s,position_lat,"390383354",semicircles,position_long,"-1398112837",semicircles,distance,"34743.24",m,altitude,"15.399999999999977",m,speed,"3.219",m/s,unknown,"0",,unknown,"100",,heart_rate,"123",bpm,cadence,"55",rpm,fractional_cadence,"0.5",rpm,enhanced_altitude,"15.399999999999977",m,enhanced_speed,"3.219",m/s,,,,,,,,,,,,,,,,,,,,,,,,,,,,,,,,,,,,,,,,,,,,,,,,,,,,,,,,,,,,,,,,,,,,,,,,,,,,,,,,,,,,,,,,,,,,,,,,,,,,,,,,,,,,,,,,,,,,,,,,,,,,,,,,,,,,,,,,,,,,,,,,,,,,,,,,,,,,,,,,,,,
Data,12,record,timestamp,"944868319",s,position_lat,"390383205",semicircles,position_long,"-1398113622",semicircles,distance,"34749.58",m,altitude,"15.600000000000023",m,speed,"3.172",m/s,unknown,"0",,unknown,"100",,heart_rate,"127",bpm,cadence,"55",rpm,fractional_cadence,"0.5",rpm,enhanced_altitude,"15.600000000000023",m,enhanced_speed,"3.172",m/s,,,,,,,,,,,,,,,,,,,,,,,,,,,,,,,,,,,,,,,,,,,,,,,,,,,,,,,,,,,,,,,,,,,,,,,,,,,,,,,,,,,,,,,,,,,,,,,,,,,,,,,,,,,,,,,,,,,,,,,,,,,,,,,,,,,,,,,,,,,,,,,,,,,,,,,,,,,,,,,,,,,
Data,12,record,timestamp,"944868322",s,position_lat,"390382995",semicircles,position_long,"-1398114770",semicircles,distance,"34758.79",m,altitude,"15.799999999999955",m,speed,"2.855",m/s,unknown,"0",,unknown,"100",,heart_rate,"131",bpm,cadence,"0",rpm,fractional_cadence,"0.0",rpm,enhanced_altitude,"15.799999999999955",m,enhanced_speed,"2.855",m/s,,,,,,,,,,,,,,,,,,,,,,,,,,,,,,,,,,,,,,,,,,,,,,,,,,,,,,,,,,,,,,,,,,,,,,,,,,,,,,,,,,,,,,,,,,,,,,,,,,,,,,,,,,,,,,,,,,,,,,,,,,,,,,,,,,,,,,,,,,,,,,,,,,,,,,,,,,,,,,,,,,,
Data,12,record,timestamp,"944868323",s,position_lat,"390382936",semicircles,position_long,"-1398115087",semicircles,distance,"34761.33",m,altitude,"15.600000000000023",m,speed,"2.473",m/s,unknown,"0",,unknown,"100",,heart_rate,"131",bpm,cadence,"0",rpm,fractional_cadence,"0.0",rpm,enhanced_altitude,"15.600000000000023",m,enhanced_speed,"2.473",m/s,,,,,,,,,,,,,,,,,,,,,,,,,,,,,,,,,,,,,,,,,,,,,,,,,,,,,,,,,,,,,,,,,,,,,,,,,,,,,,,,,,,,,,,,,,,,,,,,,,,,,,,,,,,,,,,,,,,,,,,,,,,,,,,,,,,,,,,,,,,,,,,,,,,,,,,,,,,,,,,,,,,
Data,12,record,timestamp,"944868329",s,position_lat,"390382593",semicircles,position_long,"-1398116737",semicircles,distance,"34774.68",m,altitude,"15.600000000000023",m,speed,"2.575",m/s,unknown,"0",,unknown,"100",,heart_rate,"132",bpm,cadence,"0",rpm,fractional_cadence,"0.0",rpm,enhanced_altitude,"15.600000000000023",m,enhanced_speed,"2.575",m/s,,,,,,,,,,,,,,,,,,,,,,,,,,,,,,,,,,,,,,,,,,,,,,,,,,,,,,,,,,,,,,,,,,,,,,,,,,,,,,,,,,,,,,,,,,,,,,,,,,,,,,,,,,,,,,,,,,,,,,,,,,,,,,,,,,,,,,,,,,,,,,,,,,,,,,,,,,,,,,,,,,,
Data,12,record,timestamp,"944868334",s,position_lat,"390382405",semicircles,position_long,"-1398118439",semicircles,distance,"34788.18",m,altitude,"15.0",m,speed,"2.641",m/s,unknown,"0",,unknown,"100",,heart_rate,"135",bpm,cadence,"0",rpm,fractional_cadence,"0.0",rpm,enhanced_altitude,"15.0",m,enhanced_speed,"2.641",m/s,,,,,,,,,,,,,,,,,,,,,,,,,,,,,,,,,,,,,,,,,,,,,,,,,,,,,,,,,,,,,,,,,,,,,,,,,,,,,,,,,,,,,,,,,,,,,,,,,,,,,,,,,,,,,,,,,,,,,,,,,,,,,,,,,,,,,,,,,,,,,,,,,,,,,,,,,,,,,,,,,,,
Data,12,record,timestamp,"944868336",s,position_lat,"390382318",semicircles,position_long,"-1398119130",semicircles,distance,"34793.67",m,altitude,"14.799999999999955",m,speed,"2.715",m/s,unknown,"0",,unknown,"100",,heart_rate,"135",bpm,cadence,"64",rpm,fractional_cadence,"0.0",rpm,enhanced_altitude,"14.799999999999955",m,enhanced_speed,"2.715",m/s,,,,,,,,,,,,,,,,,,,,,,,,,,,,,,,,,,,,,,,,,,,,,,,,,,,,,,,,,,,,,,,,,,,,,,,,,,,,,,,,,,,,,,,,,,,,,,,,,,,,,,,,,,,,,,,,,,,,,,,,,,,,,,,,,,,,,,,,,,,,,,,,,,,,,,,,,,,,,,,,,,,
Data,12,record,timestamp,"944868342",s,position_lat,"390381982",semicircles,position_long,"-1398121344",semicircles,distance,"34811.38",m,altitude,"14.799999999999955",m,speed,"3.051",m/s,unknown,"0",,unknown,"100",,heart_rate,"133",bpm,cadence,"64",rpm,fractional_cadence,"0.0",rpm,enhanced_altitude,"14.799999999999955",m,enhanced_speed,"3.051",m/s,,,,,,,,,,,,,,,,,,,,,,,,,,,,,,,,,,,,,,,,,,,,,,,,,,,,,,,,,,,,,,,,,,,,,,,,,,,,,,,,,,,,,,,,,,,,,,,,,,,,,,,,,,,,,,,,,,,,,,,,,,,,,,,,,,,,,,,,,,,,,,,,,,,,,,,,,,,,,,,,,,,
Data,12,record,timestamp,"944868348",s,position_lat,"390381627",semicircles,position_long,"-1398123592",semicircles,distance,"34829.37",m,altitude,"15.200000000000045",m,speed,"2.995",m/s,unknown,"0",,unknown,"100",,heart_rate,"136",bpm,cadence,"0",rpm,fractional_cadence,"0.0",rpm,enhanced_altitude,"15.200000000000045",m,enhanced_speed,"2.995",m/s,,,,,,,,,,,,,,,,,,,,,,,,,,,,,,,,,,,,,,,,,,,,,,,,,,,,,,,,,,,,,,,,,,,,,,,,,,,,,,,,,,,,,,,,,,,,,,,,,,,,,,,,,,,,,,,,,,,,,,,,,,,,,,,,,,,,,,,,,,,,,,,,,,,,,,,,,,,,,,,,,,,
Data,12,record,timestamp,"944868350",s,position_lat,"390381470",semicircles,position_long,"-1398124336",semicircles,distance,"34835.38",m,altitude,"15.399999999999977",m,speed,"3.107",m/s,unknown,"0",,unknown,"100",,heart_rate,"136",bpm,cadence,"0",rpm,fractional_cadence,"0.0",rpm,enhanced_altitude,"15.399999999999977",m,enhanced_speed,"3.107",m/s,,,,,,,,,,,,,,,,,,,,,,,,,,,,,,,,,,,,,,,,,,,,,,,,,,,,,,,,,,,,,,,,,,,,,,,,,,,,,,,,,,,,,,,,,,,,,,,,,,,,,,,,,,,,,,,,,,,,,,,,,,,,,,,,,,,,,,,,,,,,,,,,,,,,,,,,,,,,,,,,,,,
Data,12,record,timestamp,"944868357",s,position_lat,"390381105",semicircles,position_long,"-1398127112",semicircles,distance,"34857.45",m,altitude,"15.799999999999955",m,speed,"3.042",m/s,unknown,"0",,unknown,"100",,heart_rate,"135",bpm,cadence,"0",rpm,fractional_cadence,"0.0",rpm,enhanced_altitude,"15.799999999999955",m,enhanced_speed,"3.042",m/s,,,,,,,,,,,,,,,,,,,,,,,,,,,,,,,,,,,,,,,,,,,,,,,,,,,,,,,,,,,,,,,,,,,,,,,,,,,,,,,,,,,,,,,,,,,,,,,,,,,,,,,,,,,,,,,,,,,,,,,,,,,,,,,,,,,,,,,,,,,,,,,,,,,,,,,,,,,,,,,,,,,
Data,12,record,timestamp,"944868363",s,position_lat,"390380923",semicircles,position_long,"-1398129364",semicircles,distance,"34875.24",m,altitude,"15.799999999999955",m,speed,"3.032",m/s,unknown,"0",,unknown,"100",,heart_rate,"135",bpm,cadence,"0",rpm,fractional_cadence,"0.0",rpm,enhanced_altitude,"15.799999999999955",m,enhanced_speed,"3.032",m/s,,,,,,,,,,,,,,,,,,,,,,,,,,,,,,,,,,,,,,,,,,,,,,,,,,,,,,,,,,,,,,,,,,,,,,,,,,,,,,,,,,,,,,,,,,,,,,,,,,,,,,,,,,,,,,,,,,,,,,,,,,,,,,,,,,,,,,,,,,,,,,,,,,,,,,,,,,,,,,,,,,,
Data,12,record,timestamp,"944868370",s,position_lat,"390380384",semicircles,position_long,"-1398132076",semicircles,distance,"34897.26",m,altitude,"15.799999999999955",m,speed,"2.902",m/s,unknown,"0",,unknown,"100",,heart_rate,"134",bpm,cadence,"0",rpm,fractional_cadence,"0.0",rpm,enhanced_altitude,"15.799999999999955",m,enhanced_speed,"2.902",m/s,,,,,,,,,,,,,,,,,,,,,,,,,,,,,,,,,,,,,,,,,,,,,,,,,,,,,,,,,,,,,,,,,,,,,,,,,,,,,,,,,,,,,,,,,,,,,,,,,,,,,,,,,,,,,,,,,,,,,,,,,,,,,,,,,,,,,,,,,,,,,,,,,,,,,,,,,,,,,,,,,,,
Data,12,record,timestamp,"944868372",s,position_lat,"390380112",semicircles,position_long,"-1398132731",semicircles,distance,"34902.99",m,altitude,"16.200000000000045",m,speed,"2.865",m/s,unknown,"0",,unknown,"100",,heart_rate,"135",bpm,cadence,"0",rpm,fractional_cadence,"0.0",rpm,enhanced_altitude,"16.200000000000045",m,enhanced_speed,"2.865",m/s,,,,,,,,,,,,,,,,,,,,,,,,,,,,,,,,,,,,,,,,,,,,,,,,,,,,,,,,,,,,,,,,,,,,,,,,,,,,,,,,,,,,,,,,,,,,,,,,,,,,,,,,,,,,,,,,,,,,,,,,,,,,,,,,,,,,,,,,,,,,,,,,,,,,,,,,,,,,,,,,,,,
Data,12,record,timestamp,"944868379",s,position_lat,"390379026",semicircles,position_long,"-1398134717",semicircles,distance,"34921.67",m,altitude,"16.399999999999977",m,speed,"2.557",m/s,unknown,"0",,unknown,"100",,heart_rate,"134",bpm,cadence,"0",rpm,fractional_cadence,"0.0",rpm,enhanced_altitude,"16.399999999999977",m,enhanced_speed,"2.557",m/s,,,,,,,,,,,,,,,,,,,,,,,,,,,,,,,,,,,,,,,,,,,,,,,,,,,,,,,,,,,,,,,,,,,,,,,,,,,,,,,,,,,,,,,,,,,,,,,,,,,,,,,,,,,,,,,,,,,,,,,,,,,,,,,,,,,,,,,,,,,,,,,,,,,,,,,,,,,,,,,,,,,
Data,12,record,timestamp,"944868385",s,position_lat,"390377366",semicircles,position_long,"-1398135250",semicircles,distance,"34937.87",m,altitude,"16.200000000000045",m,speed,"2.762",m/s,unknown,"0",,unknown,"100",,heart_rate,"132",bpm,cadence,"0",rpm,fractional_cadence,"0.0",rpm,enhanced_altitude,"16.200000000000045",m,enhanced_speed,"2.762",m/s,,,,,,,,,,,,,,,,,,,,,,,,,,,,,,,,,,,,,,,,,,,,,,,,,,,,,,,,,,,,,,,,,,,,,,,,,,,,,,,,,,,,,,,,,,,,,,,,,,,,,,,,,,,,,,,,,,,,,,,,,,,,,,,,,,,,,,,,,,,,,,,,,,,,,,,,,,,,,,,,,,,
Data,12,record,timestamp,"944868389",s,position_lat,"390376125",semicircles,position_long,"-1398134930",semicircles,distance,"34949.71",m,altitude,"15.799999999999955",m,speed,"2.659",m/s,unknown,"0",,unknown,"300",,heart_rate,"136",bpm,cadence,"0",rpm,fractional_cadence,"0.0",rpm,enhanced_altitude,"15.799999999999955",m,enhanced_speed,"2.659",m/s,,,,,,,,,,,,,,,,,,,,,,,,,,,,,,,,,,,,,,,,,,,,,,,,,,,,,,,,,,,,,,,,,,,,,,,,,,,,,,,,,,,,,,,,,,,,,,,,,,,,,,,,,,,,,,,,,,,,,,,,,,,,,,,,,,,,,,,,,,,,,,,,,,,,,,,,,,,,,,,,,,,
Data,12,record,timestamp,"944868392",s,position_lat,"390375286",semicircles,position_long,"-1398134539",semicircles,distance,"34958.1",m,altitude,"15.600000000000023",m,speed,"2.725",m/s,unknown,"0",,unknown,"100",,heart_rate,"135",bpm,cadence,"0",rpm,fractional_cadence,"0.0",rpm,enhanced_altitude,"15.600000000000023",m,enhanced_speed,"2.725",m/s,,,,,,,,,,,,,,,,,,,,,,,,,,,,,,,,,,,,,,,,,,,,,,,,,,,,,,,,,,,,,,,,,,,,,,,,,,,,,,,,,,,,,,,,,,,,,,,,,,,,,,,,,,,,,,,,,,,,,,,,,,,,,,,,,,,,,,,,,,,,,,,,,,,,,,,,,,,,,,,,,,,
Data,12,record,timestamp,"944868398",s,position_lat,"390373604",semicircles,position_long,"-1398133541",semicircles,distance,"34975.56",m,altitude,"15.200000000000045",m,speed,"2.678",m/s,unknown,"0",,unknown,"100",,heart_rate,"133",bpm,cadence,"60",rpm,fractional_cadence,"0.5",rpm,enhanced_altitude,"15.200000000000045",m,enhanced_speed,"2.678",m/s,,,,,,,,,,,,,,,,,,,,,,,,,,,,,,,,,,,,,,,,,,,,,,,,,,,,,,,,,,,,,,,,,,,,,,,,,,,,,,,,,,,,,,,,,,,,,,,,,,,,,,,,,,,,,,,,,,,,,,,,,,,,,,,,,,,,,,,,,,,,,,,,,,,,,,,,,,,,,,,,,,,
Data,12,record,timestamp,"944868402",s,position_lat,"390372592",semicircles,position_long,"-1398132848",semicircles,distance,"34986.46",m,altitude,"15.200000000000045",m,speed,"2.295",m/s,unknown,"0",,unknown,"100",,heart_rate,"136",bpm,cadence,"0",rpm,fractional_cadence,"0.0",rpm,enhanced_altitude,"15.200000000000045",m,enhanced_speed,"2.295",m/s,,,,,,,,,,,,,,,,,,,,,,,,,,,,,,,,,,,,,,,,,,,,,,,,,,,,,,,,,,,,,,,,,,,,,,,,,,,,,,,,,,,,,,,,,,,,,,,,,,,,,,,,,,,,,,,,,,,,,,,,,,,,,,,,,,,,,,,,,,,,,,,,,,,,,,,,,,,,,,,,,,,
Data,12,record,timestamp,"944868405",s,position_lat,"390371897",semicircles,position_long,"-1398132286",semicircles,distance,"34994.29",m,altitude,"15.399999999999977",m,speed,"2.603",m/s,unknown,"0",,unknown,"100",,heart_rate,"135",bpm,cadence,"0",rpm,fractional_cadence,"0.0",rpm,enhanced_altitude,"15.399999999999977",m,enhanced_speed,"2.603",m/s,,,,,,,,,,,,,,,,,,,,,,,,,,,,,,,,,,,,,,,,,,,,,,,,,,,,,,,,,,,,,,,,,,,,,,,,,,,,,,,,,,,,,,,,,,,,,,,,,,,,,,,,,,,,,,,,,,,,,,,,,,,,,,,,,,,,,,,,,,,,,,,,,,,,,,,,,,,,,,,,,,,
Data,12,record,timestamp,"944868407",s,position_lat,"390371375",semicircles,position_long,"-1398131943",semicircles,distance,"34999.84",m,altitude,"15.399999999999977",m,speed,"2.715",m/s,unknown,"0",,unknown,"100",,heart_rate,"140",bpm,cadence,"0",rpm,fractional_cadence,"0.0",rpm,enhanced_altitude,"15.399999999999977",m,enhanced_speed,"2.715",m/s,,,,,,,,,,,,,,,,,,,,,,,,,,,,,,,,,,,,,,,,,,,,,,,,,,,,,,,,,,,,,,,,,,,,,,,,,,,,,,,,,,,,,,,,,,,,,,,,,,,,,,,,,,,,,,,,,,,,,,,,,,,,,,,,,,,,,,,,,,,,,,,,,,,,,,,,,,,,,,,,,,,
Data,12,record,timestamp,"944868408",s,position_lat,"390371138",semicircles,position_long,"-1398131766",semicircles,distance,"35002.45",m,altitude,"15.399999999999977",m,speed,"2.51",m/s,unknown,"0",,unknown,"100",,heart_rate,"145",bpm,cadence,"0",rpm,fractional_cadence,"0.0",rpm,enhanced_altitude,"15.399999999999977",m,enhanced_speed,"2.51",m/s,,,,,,,,,,,,,,,,,,,,,,,,,,,,,,,,,,,,,,,,,,,,,,,,,,,,,,,,,,,,,,,,,,,,,,,,,,,,,,,,,,,,,,,,,,,,,,,,,,,,,,,,,,,,,,,,,,,,,,,,,,,,,,,,,,,,,,,,,,,,,,,,,,,,,,,,,,,,,,,,,,,
Data,12,record,timestamp,"944868409",s,position_lat,"390370910",semicircles,position_long,"-1398131580",semicircles,distance,"35005.02",m,altitude,"15.399999999999977",m,speed,"2.557",m/s,unknown,"0",,unknown,"100",,heart_rate,"145",bpm,cadence,"0",rpm,fractional_cadence,"0.0",rpm,enhanced_altitude,"15.399999999999977",m,enhanced_speed,"2.557",m/s,,,,,,,,,,,,,,,,,,,,,,,,,,,,,,,,,,,,,,,,,,,,,,,,,,,,,,,,,,,,,,,,,,,,,,,,,,,,,,,,,,,,,,,,,,,,,,,,,,,,,,,,,,,,,,,,,,,,,,,,,,,,,,,,,,,,,,,,,,,,,,,,,,,,,,,,,,,,,,,,,,,
Data,12,record,timestamp,"944868412",s,position_lat,"390370313",semicircles,position_long,"-1398131067",semicircles,distance,"35011.88",m,altitude,"15.200000000000045",m,speed,"2.267",m/s,unknown,"0",,unknown,"100",,heart_rate,"146",bpm,cadence,"0",rpm,fractional_cadence,"0.0",rpm,enhanced_altitude,"15.200000000000045",m,enhanced_speed,"2.267",m/s,,,,,,,,,,,,,,,,,,,,,,,,,,,,,,,,,,,,,,,,,,,,,,,,,,,,,,,,,,,,,,,,,,,,,,,,,,,,,,,,,,,,,,,,,,,,,,,,,,,,,,,,,,,,,,,,,,,,,,,,,,,,,,,,,,,,,,,,,,,,,,,,,,,,,,,,,,,,,,,,,,,
Data,12,record,timestamp,"944868417",s,position_lat,"390369247",semicircles,position_long,"-1398130227",semicircles,distance,"35023.79",m,altitude,"15.0",m,speed,"2.333",m/s,unknown,"0",,unknown,"100",,heart_rate,"143",bpm,cadence,"0",rpm,fractional_cadence,"0.0",rpm,enhanced_altitude,"15.0",m,enhanced_speed,"2.333",m/s,,,,,,,,,,,,,,,,,,,,,,,,,,,,,,,,,,,,,,,,,,,,,,,,,,,,,,,,,,,,,,,,,,,,,,,,,,,,,,,,,,,,,,,,,,,,,,,,,,,,,,,,,,,,,,,,,,,,,,,,,,,,,,,,,,,,,,,,,,,,,,,,,,,,,,,,,,,,,,,,,,,
Data,12,record,timestamp,"944868419",s,position_lat,"390368864",semicircles,position_long,"-1398129953",semicircles,distance,"35027.95",m,altitude,"15.0",m,speed,"2.137",m/s,unknown,"0",,unknown,"100",,heart_rate,"144",bpm,cadence,"0",rpm,fractional_cadence,"0.0",rpm,enhanced_altitude,"15.0",m,enhanced_speed,"2.137",m/s,,,,,,,,,,,,,,,,,,,,,,,,,,,,,,,,,,,,,,,,,,,,,,,,,,,,,,,,,,,,,,,,,,,,,,,,,,,,,,,,,,,,,,,,,,,,,,,,,,,,,,,,,,,,,,,,,,,,,,,,,,,,,,,,,,,,,,,,,,,,,,,,,,,,,,,,,,,,,,,,,,,
Data,12,record,timestamp,"944868428",s,position_lat,"390366937",semicircles,position_long,"-1398129027",semicircles,distance,"35047.3",m,altitude,"14.799999999999955",m,speed,"2.137",m/s,unknown,"0",,unknown,"100",,heart_rate,"143",bpm,cadence,"0",rpm,fractional_cadence,"0.0",rpm,enhanced_altitude,"14.799999999999955",m,enhanced_speed,"2.137",m/s,,,,,,,,,,,,,,,,,,,,,,,,,,,,,,,,,,,,,,,,,,,,,,,,,,,,,,,,,,,,,,,,,,,,,,,,,,,,,,,,,,,,,,,,,,,,,,,,,,,,,,,,,,,,,,,,,,,,,,,,,,,,,,,,,,,,,,,,,,,,,,,,,,,,,,,,,,,,,,,,,,,
Data,12,record,timestamp,"944868433",s,position_lat,"390365891",semicircles,position_long,"-1398128643",semicircles,distance,"35057.48",m,altitude,"14.799999999999955",m,speed,"2.025",m/s,unknown,"0",,unknown,"100",,heart_rate,"140",bpm,cadence,"0",rpm,fractional_cadence,"0.0",rpm,enhanced_altitude,"14.799999999999955",m,enhanced_speed,"2.025",m/s,,,,,,,,,,,,,,,,,,,,,,,,,,,,,,,,,,,,,,,,,,,,,,,,,,,,,,,,,,,,,,,,,,,,,,,,,,,,,,,,,,,,,,,,,,,,,,,,,,,,,,,,,,,,,,,,,,,,,,,,,,,,,,,,,,,,,,,,,,,,,,,,,,,,,,,,,,,,,,,,,,,
Data,12,record,timestamp,"944868438",s,position_lat,"390364799",semicircles,position_long,"-1398128221",semicircles,distance,"35068.15",m,altitude,"14.799999999999955",m,speed,"2.277",m/s,unknown,"0",,unknown,"100",,heart_rate,"139",bpm,cadence,"0",rpm,fractional_cadence,"0.0",rpm,enhanced_altitude,"14.799999999999955",m,enhanced_speed,"2.277",m/s,,,,,,,,,,,,,,,,,,,,,,,,,,,,,,,,,,,,,,,,,,,,,,,,,,,,,,,,,,,,,,,,,,,,,,,,,,,,,,,,,,,,,,,,,,,,,,,,,,,,,,,,,,,,,,,,,,,,,,,,,,,,,,,,,,,,,,,,,,,,,,,,,,,,,,,,,,,,,,,,,,,
Data,12,record,timestamp,"944868447",s,position_lat,"390362380",semicircles,position_long,"-1398127475",semicircles,distance,"35091.44",m,altitude,"14.799999999999955",m,speed,"2.426",m/s,unknown,"0",,unknown,"100",,heart_rate,"138",bpm,cadence,"0",rpm,fractional_cadence,"0.0",rpm,enhanced_altitude,"14.799999999999955",m,enhanced_speed,"2.426",m/s,,,,,,,,,,,,,,,,,,,,,,,,,,,,,,,,,,,,,,,,,,,,,,,,,,,,,,,,,,,,,,,,,,,,,,,,,,,,,,,,,,,,,,,,,,,,,,,,,,,,,,,,,,,,,,,,,,,,,,,,,,,,,,,,,,,,,,,,,,,,,,,,,,,,,,,,,,,,,,,,,,,
Data,12,record,timestamp,"944868453",s,position_lat,"390360942",semicircles,position_long,"-1398126908",semicircles,distance,"35105.52",m,altitude,"15.0",m,speed,"2.146",m/s,unknown,"0",,unknown,"100",,heart_rate,"137",bpm,cadence,"0",rpm,fractional_cadence,"0.0",rpm,enhanced_altitude,"15.0",m,enhanced_speed,"2.146",m/s,,,,,,,,,,,,,,,,,,,,,,,,,,,,,,,,,,,,,,,,,,,,,,,,,,,,,,,,,,,,,,,,,,,,,,,,,,,,,,,,,,,,,,,,,,,,,,,,,,,,,,,,,,,,,,,,,,,,,,,,,,,,,,,,,,,,,,,,,,,,,,,,,,,,,,,,,,,,,,,,,,,
Data,12,record,timestamp,"944868457",s,position_lat,"390359836",semicircles,position_long,"-1398126456",semicircles,distance,"35116.4",m,altitude,"14.799999999999955",m,speed,"2.846",m/s,unknown,"0",,unknown,"100",,heart_rate,"140",bpm,cadence,"0",rpm,fractional_cadence,"0.0",rpm,enhanced_altitude,"14.799999999999955",m,enhanced_speed,"2.846",m/s,,,,,,,,,,,,,,,,,,,,,,,,,,,,,,,,,,,,,,,,,,,,,,,,,,,,,,,,,,,,,,,,,,,,,,,,,,,,,,,,,,,,,,,,,,,,,,,,,,,,,,,,,,,,,,,,,,,,,,,,,,,,,,,,,,,,,,,,,,,,,,,,,,,,,,,,,,,,,,,,,,,
Data,12,record,timestamp,"944868460",s,position_lat,"390358940",semicircles,position_long,"-1398126179",semicircles,distance,"35125.0",m,altitude,"14.799999999999955",m,speed,"2.948",m/s,unknown,"0",,unknown,"100",,heart_rate,"139",bpm,cadence,"0",rpm,fractional_cadence,"0.0",rpm,enhanced_altitude,"14.799999999999955",m,enhanced_speed,"2.948",m/s,,,,,,,,,,,,,,,,,,,,,,,,,,,,,,,,,,,,,,,,,,,,,,,,,,,,,,,,,,,,,,,,,,,,,,,,,,,,,,,,,,,,,,,,,,,,,,,,,,,,,,,,,,,,,,,,,,,,,,,,,,,,,,,,,,,,,,,,,,,,,,,,,,,,,,,,,,,,,,,,,,,
Data,12,record,timestamp,"944868468",s,position_lat,"390356313",semicircles,position_long,"-1398125407",semicircles,distance,"35150.18",m,altitude,"14.600000000000023",m,speed,"3.051",m/s,unknown,"0",,unknown,"100",,heart_rate,"140",bpm,cadence,"49",rpm,fractional_cadence,"0.0",rpm,enhanced_altitude,"14.600000000000023",m,enhanced_speed,"3.051",m/s,,,,,,,,,,,,,,,,,,,,,,,,,,,,,,,,,,,,,,,,,,,,,,,,,,,,,,,,,,,,,,,,,,,,,,,,,,,,,,,,,,,,,,,,,,,,,,,,,,,,,,,,,,,,,,,,,,,,,,,,,,,,,,,,,,,,,,,,,,,,,,,,,,,,,,,,,,,,,,,,,,,
Data,12,record,timestamp,"944868473",s,position_lat,"390354728",semicircles,position_long,"-1398124937",semicircles,distance,"35165.36",m,altitude,"14.600000000000023",m,speed,"3.2",m/s,unknown,"0",,unknown,"100",,heart_rate,"137",bpm,cadence,"49",rpm,fractional_cadence,"0.0",rpm,enhanced_altitude,"14.600000000000023",m,enhanced_speed,"3.2",m/s,,,,,,,,,,,,,,,,,,,,,,,,,,,,,,,,,,,,,,,,,,,,,,,,,,,,,,,,,,,,,,,,,,,,,,,,,,,,,,,,,,,,,,,,,,,,,,,,,,,,,,,,,,,,,,,,,,,,,,,,,,,,,,,,,,,,,,,,,,,,,,,,,,,,,,,,,,,,,,,,,,,
Data,12,record,timestamp,"944868476",s,position_lat,"390353701",semicircles,position_long,"-1398124622",semicircles,distance,"35175.24",m,altitude,"14.600000000000023",m,speed,"3.238",m/s,unknown,"0",,unknown,"100",,heart_rate,"138",bpm,cadence,"49",rpm,fractional_cadence,"0.0",rpm,enhanced_altitude,"14.600000000000023",m,enhanced_speed,"3.238",m/s,,,,,,,,,,,,,,,,,,,,,,,,,,,,,,,,,,,,,,,,,,,,,,,,,,,,,,,,,,,,,,,,,,,,,,,,,,,,,,,,,,,,,,,,,,,,,,,,,,,,,,,,,,,,,,,,,,,,,,,,,,,,,,,,,,,,,,,,,,,,,,,,,,,,,,,,,,,,,,,,,,,
Data,12,record,timestamp,"944868484",s,position_lat,"390350664",semicircles,position_long,"-1398123972",semicircles,distance,"35203.93",m,altitude,"14.600000000000023",m,speed,"3.592",m/s,unknown,"0",,unknown,"100",,heart_rate,"140",bpm,cadence,"49",rpm,fractional_cadence,"0.0",rpm,enhanced_altitude,"14.600000000000023",m,enhanced_speed,"3.592",m/s,,,,,,,,,,,,,,,,,,,,,,,,,,,,,,,,,,,,,,,,,,,,,,,,,,,,,,,,,,,,,,,,,,,,,,,,,,,,,,,,,,,,,,,,,,,,,,,,,,,,,,,,,,,,,,,,,,,,,,,,,,,,,,,,,,,,,,,,,,,,,,,,,,,,,,,,,,,,,,,,,,,
Data,12,record,timestamp,"944868493",s,position_lat,"390346974",semicircles,position_long,"-1398123347",semicircles,distance,"35238.6",m,altitude,"14.799999999999955",m,speed,"3.947",m/s,unknown,"0",,unknown,"100",,heart_rate,"140",bpm,cadence,"0",rpm,fractional_cadence,"0.0",rpm,enhanced_altitude,"14.799999999999955",m,enhanced_speed,"3.947",m/s,,,,,,,,,,,,,,,,,,,,,,,,,,,,,,,,,,,,,,,,,,,,,,,,,,,,,,,,,,,,,,,,,,,,,,,,,,,,,,,,,,,,,,,,,,,,,,,,,,,,,,,,,,,,,,,,,,,,,,,,,,,,,,,,,,,,,,,,,,,,,,,,,,,,,,,,,,,,,,,,,,,
Data,12,record,timestamp,"944868504",s,position_lat,"390342265",semicircles,position_long,"-1398122825",semicircles,distance,"35282.57",m,altitude,"14.200000000000045",m,speed,"3.854",m/s,unknown,"0",,unknown,"100",,heart_rate,"143",bpm,cadence,"0",rpm,fractional_cadence,"0.0",rpm,enhanced_altitude,"14.200000000000045",m,enhanced_speed,"3.854",m/s,,,,,,,,,,,,,,,,,,,,,,,,,,,,,,,,,,,,,,,,,,,,,,,,,,,,,,,,,,,,,,,,,,,,,,,,,,,,,,,,,,,,,,,,,,,,,,,,,,,,,,,,,,,,,,,,,,,,,,,,,,,,,,,,,,,,,,,,,,,,,,,,,,,,,,,,,,,,,,,,,,,
Data,12,record,timestamp,"944868506",s,position_lat,"390341486",semicircles,position_long,"-1398122731",semicircles,distance,"35289.85",m,altitude,"14.0",m,speed,"3.602",m/s,unknown,"0",,unknown,"100",,heart_rate,"143",bpm,cadence,"69",rpm,fractional_cadence,"0.0",rpm,enhanced_altitude,"14.0",m,enhanced_speed,"3.602",m/s,,,,,,,,,,,,,,,,,,,,,,,,,,,,,,,,,,,,,,,,,,,,,,,,,,,,,,,,,,,,,,,,,,,,,,,,,,,,,,,,,,,,,,,,,,,,,,,,,,,,,,,,,,,,,,,,,,,,,,,,,,,,,,,,,,,,,,,,,,,,,,,,,,,,,,,,,,,,,,,,,,,
Data,12,record,timestamp,"944868510",s,position_lat,"390339806",semicircles,position_long,"-1398122478",semicircles,distance,"35305.6",m,altitude,"14.0",m,speed,"3.947",m/s,unknown,"0",,unknown,"100",,heart_rate,"143",bpm,cadence,"69",rpm,fractional_cadence,"0.0",rpm,enhanced_altitude,"14.0",m,enhanced_speed,"3.947",m/s,,,,,,,,,,,,,,,,,,,,,,,,,,,,,,,,,,,,,,,,,,,,,,,,,,,,,,,,,,,,,,,,,,,,,,,,,,,,,,,,,,,,,,,,,,,,,,,,,,,,,,,,,,,,,,,,,,,,,,,,,,,,,,,,,,,,,,,,,,,,,,,,,,,,,,,,,,,,,,,,,,,
Data,12,record,timestamp,"944868517",s,position_lat,"390337085",semicircles,position_long,"-1398121972",semicircles,distance,"35331.22",m,altitude,"14.200000000000045",m,speed,"3.368",m/s,unknown,"0",,unknown,"100",,heart_rate,"143",bpm,cadence,"43",rpm,fractional_cadence,"0.0",rpm,enhanced_altitude,"14.200000000000045",m,enhanced_speed,"3.368",m/s,,,,,,,,,,,,,,,,,,,,,,,,,,,,,,,,,,,,,,,,,,,,,,,,,,,,,,,,,,,,,,,,,,,,,,,,,,,,,,,,,,,,,,,,,,,,,,,,,,,,,,,,,,,,,,,,,,,,,,,,,,,,,,,,,,,,,,,,,,,,,,,,,,,,,,,,,,,,,,,,,,,
Data,12,record,timestamp,"944868523",s,position_lat,"390334734",semicircles,position_long,"-1398121477",semicircles,distance,"35353.42",m,altitude,"14.399999999999977",m,speed,"3.639",m/s,unknown,"0",,unknown,"100",,heart_rate,"143",bpm,cadence,"66",rpm,fractional_cadence,"0.5",rpm,enhanced_altitude,"14.399999999999977",m,enhanced_speed,"3.639",m/s,,,,,,,,,,,,,,,,,,,,,,,,,,,,,,,,,,,,,,,,,,,,,,,,,,,,,,,,,,,,,,,,,,,,,,,,,,,,,,,,,,,,,,,,,,,,,,,,,,,,,,,,,,,,,,,,,,,,,,,,,,,,,,,,,,,,,,,,,,,,,,,,,,,,,,,,,,,,,,,,,,,
Data,12,record,timestamp,"944868531",s,position_lat,"390331601",semicircles,position_long,"-1398120690",semicircles,distance,"35383.31",m,altitude,"14.399999999999977",m,speed,"3.704",m/s,unknown,"0",,unknown,"100",,heart_rate,"144",bpm,cadence,"0",rpm,fractional_cadence,"0.0",rpm,enhanced_altitude,"14.399999999999977",m,enhanced_speed,"3.704",m/s,,,,,,,,,,,,,,,,,,,,,,,,,,,,,,,,,,,,,,,,,,,,,,,,,,,,,,,,,,,,,,,,,,,,,,,,,,,,,,,,,,,,,,,,,,,,,,,,,,,,,,,,,,,,,,,,,,,,,,,,,,,,,,,,,,,,,,,,,,,,,,,,,,,,,,,,,,,,,,,,,,,
Data,12,record,timestamp,"944868537",s,position_lat,"390329911",semicircles,position_long,"-1398119008",semicircles,distance,"35404.14",m,altitude,"14.200000000000045",m,speed,"3.098",m/s,unknown,"0",,unknown,"100",,heart_rate,"143",bpm,cadence,"0",rpm,fractional_cadence,"0.0",rpm,enhanced_altitude,"14.200000000000045",m,enhanced_speed,"3.098",m/s,,,,,,,,,,,,,,,,,,,,,,,,,,,,,,,,,,,,,,,,,,,,,,,,,,,,,,,,,,,,,,,,,,,,,,,,,,,,,,,,,,,,,,,,,,,,,,,,,,,,,,,,,,,,,,,,,,,,,,,,,,,,,,,,,,,,,,,,,,,,,,,,,,,,,,,,,,,,,,,,,,,
Data,12,record,timestamp,"944868544",s,position_lat,"390328994",semicircles,position_long,"-1398116583",semicircles,distance,"35425.16",m,altitude,"14.200000000000045",m,speed,"2.799",m/s,unknown,"0",,unknown,"100",,heart_rate,"142",bpm,cadence,"0",rpm,fractional_cadence,"0.0",rpm,enhanced_altitude,"14.200000000000045",m,enhanced_speed,"2.799",m/s,,,,,,,,,,,,,,,,,,,,,,,,,,,,,,,,,,,,,,,,,,,,,,,,,,,,,,,,,,,,,,,,,,,,,,,,,,,,,,,,,,,,,,,,,,,,,,,,,,,,,,,,,,,,,,,,,,,,,,,,,,,,,,,,,,,,,,,,,,,,,,,,,,,,,,,,,,,,,,,,,,,
Data,12,record,timestamp,"944868553",s,position_lat,"390328597",semicircles,position_long,"-1398113174",semicircles,distance,"35452.24",m,altitude,"14.0",m,speed,"2.995",m/s,unknown,"0",,unknown,"100",,heart_rate,"144",bpm,cadence,"0",rpm,fractional_cadence,"0.0",rpm,enhanced_altitude,"14.0",m,enhanced_speed,"2.995",m/s,,,,,,,,,,,,,,,,,,,,,,,,,,,,,,,,,,,,,,,,,,,,,,,,,,,,,,,,,,,,,,,,,,,,,,,,,,,,,,,,,,,,,,,,,,,,,,,,,,,,,,,,,,,,,,,,,,,,,,,,,,,,,,,,,,,,,,,,,,,,,,,,,,,,,,,,,,,,,,,,,,,
Data,12,record,timestamp,"944868556",s,position_lat,"390328528",semicircles,position_long,"-1398111974",semicircles,distance,"35461.68",m,altitude,"14.0",m,speed,"2.948",m/s,unknown,"0",,unknown,"100",,heart_rate,"141",bpm,cadence,"0",rpm,fractional_cadence,"0.0",rpm,enhanced_altitude,"14.0",m,enhanced_speed,"2.948",m/s,,,,,,,,,,,,,,,,,,,,,,,,,,,,,,,,,,,,,,,,,,,,,,,,,,,,,,,,,,,,,,,,,,,,,,,,,,,,,,,,,,,,,,,,,,,,,,,,,,,,,,,,,,,,,,,,,,,,,,,,,,,,,,,,,,,,,,,,,,,,,,,,,,,,,,,,,,,,,,,,,,,
Data,12,record,timestamp,"944868561",s,position_lat,"390328552",semicircles,position_long,"-1398109999",semicircles,distance,"35477.2",m,altitude,"14.0",m,speed,"2.883",m/s,unknown,"0",,unknown,"100",,heart_rate,"140",bpm,cadence,"0",rpm,fractional_cadence,"0.0",rpm,enhanced_altitude,"14.0",m,enhanced_speed,"2.883",m/s,,,,,,,,,,,,,,,,,,,,,,,,,,,,,,,,,,,,,,,,,,,,,,,,,,,,,,,,,,,,,,,,,,,,,,,,,,,,,,,,,,,,,,,,,,,,,,,,,,,,,,,,,,,,,,,,,,,,,,,,,,,,,,,,,,,,,,,,,,,,,,,,,,,,,,,,,,,,,,,,,,,
Data,12,record,timestamp,"944868563",s,position_lat,"390328570",semicircles,position_long,"-1398109193",semicircles,distance,"35483.53",m,altitude,"14.200000000000045",m,speed,"2.463",m/s,unknown,"0",,unknown,"100",,heart_rate,"137",bpm,cadence,"0",rpm,fractional_cadence,"0.0",rpm,enhanced_altitude,"14.200000000000045",m,enhanced_speed,"2.463",m/s,,,,,,,,,,,,,,,,,,,,,,,,,,,,,,,,,,,,,,,,,,,,,,,,,,,,,,,,,,,,,,,,,,,,,,,,,,,,,,,,,,,,,,,,,,,,,,,,,,,,,,,,,,,,,,,,,,,,,,,,,,,,,,,,,,,,,,,,,,,,,,,,,,,,,,,,,,,,,,,,,,,
Data,12,record,timestamp,"944868566",s,position_lat,"390328475",semicircles,position_long,"-1398107714",semicircles,distance,"35495.2",m,altitude,"14.200000000000045",m,speed,"3.574",m/s,unknown,"0",,unknown,"100",,heart_rate,"136",bpm,cadence,"0",rpm,fractional_cadence,"0.0",rpm,enhanced_altitude,"14.200000000000045",m,enhanced_speed,"3.574",m/s,,,,,,,,,,,,,,,,,,,,,,,,,,,,,,,,,,,,,,,,,,,,,,,,,,,,,,,,,,,,,,,,,,,,,,,,,,,,,,,,,,,,,,,,,,,,,,,,,,,,,,,,,,,,,,,,,,,,,,,,,,,,,,,,,,,,,,,,,,,,,,,,,,,,,,,,,,,,,,,,,,,
Data,12,record,timestamp,"944868569",s,position_lat,"390328477",semicircles,position_long,"-1398106423",semicircles,distance,"35505.34",m,altitude,"14.0",m,speed,"3.116",m/s,unknown,"0",,unknown,"100",,heart_rate,"132",bpm,cadence,"0",rpm,fractional_cadence,"0.0",rpm,enhanced_altitude,"14.0",m,enhanced_speed,"3.116",m/s,,,,,,,,,,,,,,,,,,,,,,,,,,,,,,,,,,,,,,,,,,,,,,,,,,,,,,,,,,,,,,,,,,,,,,,,,,,,,,,,,,,,,,,,,,,,,,,,,,,,,,,,,,,,,,,,,,,,,,,,,,,,,,,,,,,,,,,,,,,,,,,,,,,,,,,,,,,,,,,,,,,
Data,12,record,timestamp,"944868573",s,position_lat,"390328383",semicircles,position_long,"-1398104619",semicircles,distance,"35519.54",m,altitude,"14.200000000000045",m,speed,"3.443",m/s,unknown,"0",,unknown,"100",,heart_rate,"134",bpm,cadence,"0",rpm,fractional_cadence,"0.0",rpm,enhanced_altitude,"14.200000000000045",m,enhanced_speed,"3.443",m/s,,,,,,,,,,,,,,,,,,,,,,,,,,,,,,,,,,,,,,,,,,,,,,,,,,,,,,,,,,,,,,,,,,,,,,,,,,,,,,,,,,,,,,,,,,,,,,,,,,,,,,,,,,,,,,,,,,,,,,,,,,,,,,,,,,,,,,,,,,,,,,,,,,,,,,,,,,,,,,,,,,,
Data,12,record,timestamp,"944868582",s,position_lat,"390328254",semicircles,position_long,"-1398100786",semicircles,distance,"35549.69",m,altitude,"14.200000000000045",m,speed,"3.658",m/s,unknown,"0",,unknown,"100",,heart_rate,"135",bpm,cadence,"0",rpm,fractional_cadence,"0.0",rpm,enhanced_altitude,"14.200000000000045",m,enhanced_speed,"3.658",m/s,,,,,,,,,,,,,,,,,,,,,,,,,,,,,,,,,,,,,,,,,,,,,,,,,,,,,,,,,,,,,,,,,,,,,,,,,,,,,,,,,,,,,,,,,,,,,,,,,,,,,,,,,,,,,,,,,,,,,,,,,,,,,,,,,,,,,,,,,,,,,,,,,,,,,,,,,,,,,,,,,,,
Data,12,record,timestamp,"944868589",s,position_lat,"390328045",semicircles,position_long,"-1398097695",semicircles,distance,"35574.09",m,altitude,"14.0",m,speed,"3.527",m/s,unknown,"0",,unknown,"100",,heart_rate,"133",bpm,cadence,"0",rpm,fractional_cadence,"0.0",rpm,enhanced_altitude,"14.0",m,enhanced_speed,"3.527",m/s,,,,,,,,,,,,,,,,,,,,,,,,,,,,,,,,,,,,,,,,,,,,,,,,,,,,,,,,,,,,,,,,,,,,,,,,,,,,,,,,,,,,,,,,,,,,,,,,,,,,,,,,,,,,,,,,,,,,,,,,,,,,,,,,,,,,,,,,,,,,,,,,,,,,,,,,,,,,,,,,,,,
Data,12,record,timestamp,"944868593",s,position_lat,"390327774",semicircles,position_long,"-1398095882",semicircles,distance,"35588.57",m,altitude,"14.0",m,speed,"3.424",m/s,unknown,"0",,unknown,"100",,heart_rate,"136",bpm,cadence,"0",rpm,fractional_cadence,"0.0",rpm,enhanced_altitude,"14.0",m,enhanced_speed,"3.424",m/s,,,,,,,,,,,,,,,,,,,,,,,,,,,,,,,,,,,,,,,,,,,,,,,,,,,,,,,,,,,,,,,,,,,,,,,,,,,,,,,,,,,,,,,,,,,,,,,,,,,,,,,,,,,,,,,,,,,,,,,,,,,,,,,,,,,,,,,,,,,,,,,,,,,,,,,,,,,,,,,,,,,
Data,12,record,timestamp,"944868598",s,position_lat,"390327437",semicircles,position_long,"-1398093678",semicircles,distance,"35606.17",m,altitude,"14.0",m,speed,"3.434",m/s,unknown,"0",,unknown,"100",,heart_rate,"133",bpm,cadence,"0",rpm,fractional_cadence,"0.0",rpm,enhanced_altitude,"14.0",m,enhanced_speed,"3.434",m/s,,,,,,,,,,,,,,,,,,,,,,,,,,,,,,,,,,,,,,,,,,,,,,,,,,,,,,,,,,,,,,,,,,,,,,,,,,,,,,,,,,,,,,,,,,,,,,,,,,,,,,,,,,,,,,,,,,,,,,,,,,,,,,,,,,,,,,,,,,,,,,,,,,,,,,,,,,,,,,,,,,,
Data,12,record,timestamp,"944868605",s,position_lat,"390326817",semicircles,position_long,"-1398090555",semicircles,distance,"35631.41",m,altitude,"14.0",m,speed,"3.994",m/s,unknown,"0",,unknown,"100",,heart_rate,"136",bpm,cadence,"0",rpm,fractional_cadence,"0.0",rpm,enhanced_altitude,"14.0",m,enhanced_speed,"3.994",m/s,,,,,,,,,,,,,,,,,,,,,,,,,,,,,,,,,,,,,,,,,,,,,,,,,,,,,,,,,,,,,,,,,,,,,,,,,,,,,,,,,,,,,,,,,,,,,,,,,,,,,,,,,,,,,,,,,,,,,,,,,,,,,,,,,,,,,,,,,,,,,,,,,,,,,,,,,,,,,,,,,,,
Data,12,record,timestamp,"944868606",s,position_lat,"390326721",semicircles,position_long,"-1398090107",semicircles,distance,"35635.02",m,altitude,"14.0",m,speed,"3.648",m/s,unknown,"0",,unknown,"100",,heart_rate,"134",bpm,cadence,"0",rpm,fractional_cadence,"0.0",rpm,enhanced_altitude,"14.0",m,enhanced_speed,"3.648",m/s,,,,,,,,,,,,,,,,,,,,,,,,,,,,,,,,,,,,,,,,,,,,,,,,,,,,,,,,,,,,,,,,,,,,,,,,,,,,,,,,,,,,,,,,,,,,,,,,,,,,,,,,,,,,,,,,,,,,,,,,,,,,,,,,,,,,,,,,,,,,,,,,,,,,,,,,,,,,,,,,,,,
Data,12,record,timestamp,"944868613",s,position_lat,"390326154",semicircles,position_long,"-1398087322",semicircles,distance,"35657.53",m,altitude,"14.200000000000045",m,speed,"3.163",m/s,unknown,"0",,unknown,"100",,heart_rate,"133",bpm,cadence,"0",rpm,fractional_cadence,"0.0",rpm,enhanced_altitude,"14.200000000000045",m,enhanced_speed,"3.163",m/s,,,,,,,,,,,,,,,,,,,,,,,,,,,,,,,,,,,,,,,,,,,,,,,,,,,,,,,,,,,,,,,,,,,,,,,,,,,,,,,,,,,,,,,,,,,,,,,,,,,,,,,,,,,,,,,,,,,,,,,,,,,,,,,,,,,,,,,,,,,,,,,,,,,,,,,,,,,,,,,,,,,
Data,12,record,timestamp,"944868620",s,position_lat,"390325608",semicircles,position_long,"-1398084753",semicircles,distance,"35678.35",m,altitude,"14.200000000000045",m,speed,"3.172",m/s,unknown,"0",,unknown,"100",,heart_rate,"136",bpm,cadence,"0",rpm,fractional_cadence,"0.0",rpm,enhanced_altitude,"14.200000000000045",m,enhanced_speed,"3.172",m/s,,,,,,,,,,,,,,,,,,,,,,,,,,,,,,,,,,,,,,,,,,,,,,,,,,,,,,,,,,,,,,,,,,,,,,,,,,,,,,,,,,,,,,,,,,,,,,,,,,,,,,,,,,,,,,,,,,,,,,,,,,,,,,,,,,,,,,,,,,,,,,,,,,,,,,,,,,,,,,,,,,,
Data,12,record,timestamp,"944868623",s,position_lat,"390325302",semicircles,position_long,"-1398083518",semicircles,distance,"35688.47",m,altitude,"14.399999999999977",m,speed,"3.592",m/s,unknown,"0",,unknown,"100",,heart_rate,"134",bpm,cadence,"0",rpm,fractional_cadence,"0.0",rpm,enhanced_altitude,"14.399999999999977",m,enhanced_speed,"3.592",m/s,,,,,,,,,,,,,,,,,,,,,,,,,,,,,,,,,,,,,,,,,,,,,,,,,,,,,,,,,,,,,,,,,,,,,,,,,,,,,,,,,,,,,,,,,,,,,,,,,,,,,,,,,,,,,,,,,,,,,,,,,,,,,,,,,,,,,,,,,,,,,,,,,,,,,,,,,,,,,,,,,,,
Data,12,record,timestamp,"944868631",s,position_lat,"390324358",semicircles,position_long,"-1398080145",semicircles,distance,"35716.36",m,altitude,"14.200000000000045",m,speed,"2.911",m/s,unknown,"0",,unknown,"100",,heart_rate,"133",bpm,cadence,"0",rpm,fractional_cadence,"0.0",rpm,enhanced_altitude,"14.200000000000045",m,enhanced_speed,"2.911",m/s,,,,,,,,,,,,,,,,,,,,,,,,,,,,,,,,,,,,,,,,,,,,,,,,,,,,,,,,,,,,,,,,,,,,,,,,,,,,,,,,,,,,,,,,,,,,,,,,,,,,,,,,,,,,,,,,,,,,,,,,,,,,,,,,,,,,,,,,,,,,,,,,,,,,,,,,,,,,,,,,,,,
Data,12,record,timestamp,"944868638",s,position_lat,"390323691",semicircles,position_long,"-1398077522",semicircles,distance,"35737.85",m,altitude,"14.200000000000045",m,speed,"3.023",m/s,unknown,"0",,unknown,"100",,heart_rate,"130",bpm,cadence,"0",rpm,fractional_cadence,"0.0",rpm,enhanced_altitude,"14.200000000000045",m,enhanced_speed,"3.023",m/s,,,,,,,,,,,,,,,,,,,,,,,,,,,,,,,,,,,,,,,,,,,,,,,,,,,,,,,,,,,,,,,,,,,,,,,,,,,,,,,,,,,,,,,,,,,,,,,,,,,,,,,,,,,,,,,,,,,,,,,,,,,,,,,,,,,,,,,,,,,,,,,,,,,,,,,,,,,,,,,,,,,
Data,12,record,timestamp,"944868646",s,position_lat,"390323109",semicircles,position_long,"-1398074454",semicircles,distance,"35762.56",m,altitude,"14.0",m,speed,"3.546",m/s,unknown,"0",,unknown,"100",,heart_rate,"133",bpm,cadence,"0",rpm,fractional_cadence,"0.0",rpm,enhanced_altitude,"14.0",m,enhanced_speed,"3.546",m/s,,,,,,,,,,,,,,,,,,,,,,,,,,,,,,,,,,,,,,,,,,,,,,,,,,,,,,,,,,,,,,,,,,,,,,,,,,,,,,,,,,,,,,,,,,,,,,,,,,,,,,,,,,,,,,,,,,,,,,,,,,,,,,,,,,,,,,,,,,,,,,,,,,,,,,,,,,,,,,,,,,,
Data,12,record,timestamp,"944868647",s,position_lat,"390323020",semicircles,position_long,"-1398074041",semicircles,distance,"35765.92",m,altitude,"14.200000000000045",m,speed,"3.415",m/s,unknown,"0",,unknown,"100",,heart_rate,"133",bpm,cadence,"0",rpm,fractional_cadence,"0.0",rpm,enhanced_altitude,"14.200000000000045",m,enhanced_speed,"3.415",m/s,,,,,,,,,,,,,,,,,,,,,,,,,,,,,,,,,,,,,,,,,,,,,,,,,,,,,,,,,,,,,,,,,,,,,,,,,,,,,,,,,,,,,,,,,,,,,,,,,,,,,,,,,,,,,,,,,,,,,,,,,,,,,,,,,,,,,,,,,,,,,,,,,,,,,,,,,,,,,,,,,,,
Data,12,record,timestamp,"944868654",s,position_lat,"390322436",semicircles,position_long,"-1398070932",semicircles,distance,"35790.93",m,altitude,"14.200000000000045",m,speed,"3.499",m/s,unknown,"0",,unknown,"100",,heart_rate,"132",bpm,cadence,"0",rpm,fractional_cadence,"0.0",rpm,enhanced_altitude,"14.200000000000045",m,enhanced_speed,"3.499",m/s,,,,,,,,,,,,,,,,,,,,,,,,,,,,,,,,,,,,,,,,,,,,,,,,,,,,,,,,,,,,,,,,,,,,,,,,,,,,,,,,,,,,,,,,,,,,,,,,,,,,,,,,,,,,,,,,,,,,,,,,,,,,,,,,,,,,,,,,,,,,,,,,,,,,,,,,,,,,,,,,,,,
Data,12,record,timestamp,"944868664",s,position_lat,"390321676",semicircles,position_long,"-1398066843",semicircles,distance,"35823.83",m,altitude,"14.200000000000045",m,speed,"3.275",m/s,unknown,"0",,unknown,"100",,heart_rate,"132",bpm,cadence,"0",rpm,fractional_cadence,"0.0",rpm,enhanced_altitude,"14.200000000000045",m,enhanced_speed,"3.275",m/s,,,,,,,,,,,,,,,,,,,,,,,,,,,,,,,,,,,,,,,,,,,,,,,,,,,,,,,,,,,,,,,,,,,,,,,,,,,,,,,,,,,,,,,,,,,,,,,,,,,,,,,,,,,,,,,,,,,,,,,,,,,,,,,,,,,,,,,,,,,,,,,,,,,,,,,,,,,,,,,,,,,
Data,12,record,timestamp,"944868668",s,position_lat,"390321305",semicircles,position_long,"-1398065193",semicircles,distance,"35837.25",m,altitude,"14.200000000000045",m,speed,"3.396",m/s,unknown,"0",,unknown,"100",,heart_rate,"129",bpm,cadence,"0",rpm,fractional_cadence,"0.0",rpm,enhanced_altitude,"14.200000000000045",m,enhanced_speed,"3.396",m/s,,,,,,,,,,,,,,,,,,,,,,,,,,,,,,,,,,,,,,,,,,,,,,,,,,,,,,,,,,,,,,,,,,,,,,,,,,,,,,,,,,,,,,,,,,,,,,,,,,,,,,,,,,,,,,,,,,,,,,,,,,,,,,,,,,,,,,,,,,,,,,,,,,,,,,,,,,,,,,,,,,,
Data,12,record,timestamp,"944868673",s,position_lat,"390320901",semicircles,position_long,"-1398063185",semicircles,distance,"35853.47",m,altitude,"14.200000000000045",m,speed,"3.247",m/s,unknown,"0",,unknown,"100",,heart_rate,"128",bpm,cadence,"0",rpm,fractional_cadence,"0.0",rpm,enhanced_altitude,"14.200000000000045",m,enhanced_speed,"3.247",m/s,,,,,,,,,,,,,,,,,,,,,,,,,,,,,,,,,,,,,,,,,,,,,,,,,,,,,,,,,,,,,,,,,,,,,,,,,,,,,,,,,,,,,,,,,,,,,,,,,,,,,,,,,,,,,,,,,,,,,,,,,,,,,,,,,,,,,,,,,,,,,,,,,,,,,,,,,,,,,,,,,,,
Data,12,record,timestamp,"944868678",s,position_lat,"390320495",semicircles,position_long,"-1398061190",semicircles,distance,"35869.59",m,altitude,"14.200000000000045",m,speed,"3.322",m/s,unknown,"0",,unknown,"100",,heart_rate,"124",bpm,cadence,"0",rpm,fractional_cadence,"0.0",rpm,enhanced_altitude,"14.200000000000045",m,enhanced_speed,"3.322",m/s,,,,,,,,,,,,,,,,,,,,,,,,,,,,,,,,,,,,,,,,,,,,,,,,,,,,,,,,,,,,,,,,,,,,,,,,,,,,,,,,,,,,,,,,,,,,,,,,,,,,,,,,,,,,,,,,,,,,,,,,,,,,,,,,,,,,,,,,,,,,,,,,,,,,,,,,,,,,,,,,,,,
Data,12,record,timestamp,"944868683",s,position_lat,"390319934",semicircles,position_long,"-1398059195",semicircles,distance,"35886.12",m,altitude,"14.200000000000045",m,speed,"3.303",m/s,unknown,"0",,unknown,"100",,heart_rate,"125",bpm,cadence,"0",rpm,fractional_cadence,"0.0",rpm,enhanced_altitude,"14.200000000000045",m,enhanced_speed,"3.303",m/s,,,,,,,,,,,,,,,,,,,,,,,,,,,,,,,,,,,,,,,,,,,,,,,,,,,,,,,,,,,,,,,,,,,,,,,,,,,,,,,,,,,,,,,,,,,,,,,,,,,,,,,,,,,,,,,,,,,,,,,,,,,,,,,,,,,,,,,,,,,,,,,,,,,,,,,,,,,,,,,,,,,
Data,12,record,timestamp,"944868690",s,position_lat,"390318828",semicircles,position_long,"-1398056755",semicircles,distance,"35908.03",m,altitude,"14.200000000000045",m,speed,"3.116",m/s,unknown,"0",,unknown,"100",,heart_rate,"124",bpm,cadence,"0",rpm,fractional_cadence,"0.0",rpm,enhanced_altitude,"14.200000000000045",m,enhanced_speed,"3.116",m/s,,,,,,,,,,,,,,,,,,,,,,,,,,,,,,,,,,,,,,,,,,,,,,,,,,,,,,,,,,,,,,,,,,,,,,,,,,,,,,,,,,,,,,,,,,,,,,,,,,,,,,,,,,,,,,,,,,,,,,,,,,,,,,,,,,,,,,,,,,,,,,,,,,,,,,,,,,,,,,,,,,,
Data,12,record,timestamp,"944868696",s,position_lat,"390317318",semicircles,position_long,"-1398055091",semicircles,distance,"35927.34",m,altitude,"14.200000000000045",m,speed,"2.893",m/s,unknown,"0",,unknown,"100",,heart_rate,"124",bpm,cadence,"0",rpm,fractional_cadence,"0.0",rpm,enhanced_altitude,"14.200000000000045",m,enhanced_speed,"2.893",m/s,,,,,,,,,,,,,,,,,,,,,,,,,,,,,,,,,,,,,,,,,,,,,,,,,,,,,,,,,,,,,,,,,,,,,,,,,,,,,,,,,,,,,,,,,,,,,,,,,,,,,,,,,,,,,,,,,,,,,,,,,,,,,,,,,,,,,,,,,,,,,,,,,,,,,,,,,,,,,,,,,,,
Data,12,record,timestamp,"944868697",s,position_lat,"390317068",semicircles,position_long,"-1398054928",semicircles,distance,"35929.99",m,altitude,"14.200000000000045",m,speed,"2.641",m/s,unknown,"0",,unknown,"100",,heart_rate,"127",bpm,cadence,"0",rpm,fractional_cadence,"0.0",rpm,enhanced_altitude,"14.200000000000045",m,enhanced_speed,"2.641",m/s,,,,,,,,,,,,,,,,,,,,,,,,,,,,,,,,,,,,,,,,,,,,,,,,,,,,,,,,,,,,,,,,,,,,,,,,,,,,,,,,,,,,,,,,,,,,,,,,,,,,,,,,,,,,,,,,,,,,,,,,,,,,,,,,,,,,,,,,,,,,,,,,,,,,,,,,,,,,,,,,,,,
Data,12,record,timestamp,"944868699",s,position_lat,"390316594",semicircles,position_long,"-1398054684",semicircles,distance,"35934.79",m,altitude,"14.200000000000045",m,speed,"2.491",m/s,unknown,"0",,unknown,"100",,heart_rate,"130",bpm,cadence,"0",rpm,fractional_cadence,"0.0",rpm,enhanced_altitude,"14.200000000000045",m,enhanced_speed,"2.491",m/s,,,,,,,,,,,,,,,,,,,,,,,,,,,,,,,,,,,,,,,,,,,,,,,,,,,,,,,,,,,,,,,,,,,,,,,,,,,,,,,,,,,,,,,,,,,,,,,,,,,,,,,,,,,,,,,,,,,,,,,,,,,,,,,,,,,,,,,,,,,,,,,,,,,,,,,,,,,,,,,,,,,
Data,12,record,timestamp,"944868704",s,position_lat,"390315406",semicircles,position_long,"-1398054171",semicircles,distance,"35946.44",m,altitude,"14.200000000000045",m,speed,"2.613",m/s,unknown,"0",,unknown,"100",,heart_rate,"132",bpm,cadence,"0",rpm,fractional_cadence,"0.0",rpm,enhanced_altitude,"14.200000000000045",m,enhanced_speed,"2.613",m/s,,,,,,,,,,,,,,,,,,,,,,,,,,,,,,,,,,,,,,,,,,,,,,,,,,,,,,,,,,,,,,,,,,,,,,,,,,,,,,,,,,,,,,,,,,,,,,,,,,,,,,,,,,,,,,,,,,,,,,,,,,,,,,,,,,,,,,,,,,,,,,,,,,,,,,,,,,,,,,,,,,,
Data,12,record,timestamp,"944868711",s,position_lat,"390313525",semicircles,position_long,"-1398053504",semicircles,distance,"35964.62",m,altitude,"14.399999999999977",m,speed,"2.725",m/s,unknown,"0",,unknown,"100",,heart_rate,"133",bpm,cadence,"0",rpm,fractional_cadence,"0.0",rpm,enhanced_altitude,"14.399999999999977",m,enhanced_speed,"2.725",m/s,,,,,,,,,,,,,,,,,,,,,,,,,,,,,,,,,,,,,,,,,,,,,,,,,,,,,,,,,,,,,,,,,,,,,,,,,,,,,,,,,,,,,,,,,,,,,,,,,,,,,,,,,,,,,,,,,,,,,,,,,,,,,,,,,,,,,,,,,,,,,,,,,,,,,,,,,,,,,,,,,,,
Data,12,record,timestamp,"944868721",s,position_lat,"390310572",semicircles,position_long,"-1398052767",semicircles,distance,"35992.7",m,altitude,"14.399999999999977",m,speed,"2.678",m/s,unknown,"0",,unknown,"100",,heart_rate,"133",bpm,cadence,"0",rpm,fractional_cadence,"0.0",rpm,enhanced_altitude,"14.399999999999977",m,enhanced_speed,"2.678",m/s,,,,,,,,,,,,,,,,,,,,,,,,,,,,,,,,,,,,,,,,,,,,,,,,,,,,,,,,,,,,,,,,,,,,,,,,,,,,,,,,,,,,,,,,,,,,,,,,,,,,,,,,,,,,,,,,,,,,,,,,,,,,,,,,,,,,,,,,,,,,,,,,,,,,,,,,,,,,,,,,,,,
Data,12,record,timestamp,"944868730",s,position_lat,"390307909",semicircles,position_long,"-1398052200",semicircles,distance,"36017.85",m,altitude,"14.399999999999977",m,speed,"2.865",m/s,unknown,"0",,unknown,"100",,heart_rate,"131",bpm,cadence,"0",rpm,fractional_cadence,"0.0",rpm,enhanced_altitude,"14.399999999999977",m,enhanced_speed,"2.865",m/s,,,,,,,,,,,,,,,,,,,,,,,,,,,,,,,,,,,,,,,,,,,,,,,,,,,,,,,,,,,,,,,,,,,,,,,,,,,,,,,,,,,,,,,,,,,,,,,,,,,,,,,,,,,,,,,,,,,,,,,,,,,,,,,,,,,,,,,,,,,,,,,,,,,,,,,,,,,,,,,,,,,
Data,12,record,timestamp,"944868736",s,position_lat,"390305965",semicircles,position_long,"-1398051602",semicircles,distance,"36036.52",m,altitude,"14.399999999999977",m,speed,"3.191",m/s,unknown,"0",,unknown,"300",,heart_rate,"137",bpm,cadence,"0",rpm,fractional_cadence,"0.0",rpm,enhanced_altitude,"14.399999999999977",m,enhanced_speed,"3.191",m/s,,,,,,,,,,,,,,,,,,,,,,,,,,,,,,,,,,,,,,,,,,,,,,,,,,,,,,,,,,,,,,,,,,,,,,,,,,,,,,,,,,,,,,,,,,,,,,,,,,,,,,,,,,,,,,,,,,,,,,,,,,,,,,,,,,,,,,,,,,,,,,,,,,,,,,,,,,,,,,,,,,,
Data,12,record,timestamp,"944868737",s,position_lat,"390305651",semicircles,position_long,"-1398051498",semicircles,distance,"36039.56",m,altitude,"14.399999999999977",m,speed,"3.079",m/s,unknown,"0",,unknown,"300",,heart_rate,"137",bpm,cadence,"0",rpm,fractional_cadence,"0.0",rpm,enhanced_altitude,"14.399999999999977",m,enhanced_speed,"3.079",m/s,,,,,,,,,,,,,,,,,,,,,,,,,,,,,,,,,,,,,,,,,,,,,,,,,,,,,,,,,,,,,,,,,,,,,,,,,,,,,,,,,,,,,,,,,,,,,,,,,,,,,,,,,,,,,,,,,,,,,,,,,,,,,,,,,,,,,,,,,,,,,,,,,,,,,,,,,,,,,,,,,,,
Data,12,record,timestamp,"944868738",s,position_lat,"390305326",semicircles,position_long,"-1398051400",semicircles,distance,"36042.67",m,altitude,"14.200000000000045",m,speed,"3.098",m/s,unknown,"0",,unknown,"300",,heart_rate,"138",bpm,cadence,"0",rpm,fractional_cadence,"0.0",rpm,enhanced_altitude,"14.200000000000045",m,enhanced_speed,"3.098",m/s,,,,,,,,,,,,,,,,,,,,,,,,,,,,,,,,,,,,,,,,,,,,,,,,,,,,,,,,,,,,,,,,,,,,,,,,,,,,,,,,,,,,,,,,,,,,,,,,,,,,,,,,,,,,,,,,,,,,,,,,,,,,,,,,,,,,,,,,,,,,,,,,,,,,,,,,,,,,,,,,,,,
Data,12,record,timestamp,"944868743",s,position_lat,"390303710",semicircles,position_long,"-1398051017",semicircles,distance,"36058.01",m,altitude,"14.0",m,speed,"3.228",m/s,unknown,"0",,unknown,"100",,heart_rate,"141",bpm,cadence,"0",rpm,fractional_cadence,"0.0",rpm,enhanced_altitude,"14.0",m,enhanced_speed,"3.228",m/s,,,,,,,,,,,,,,,,,,,,,,,,,,,,,,,,,,,,,,,,,,,,,,,,,,,,,,,,,,,,,,,,,,,,,,,,,,,,,,,,,,,,,,,,,,,,,,,,,,,,,,,,,,,,,,,,,,,,,,,,,,,,,,,,,,,,,,,,,,,,,,,,,,,,,,,,,,,,,,,,,,,
Data,12,record,timestamp,"944868746",s,position_lat,"390302647",semicircles,position_long,"-1398050856",semicircles,distance,"36067.97",m,altitude,"14.200000000000045",m,speed,"3.592",m/s,unknown,"0",,unknown,"100",,heart_rate,"141",bpm,cadence,"0",rpm,fractional_cadence,"0.0",rpm,enhanced_altitude,"14.200000000000045",m,enhanced_speed,"3.592",m/s,,,,,,,,,,,,,,,,,,,,,,,,,,,,,,,,,,,,,,,,,,,,,,,,,,,,,,,,,,,,,,,,,,,,,,,,,,,,,,,,,,,,,,,,,,,,,,,,,,,,,,,,,,,,,,,,,,,,,,,,,,,,,,,,,,,,,,,,,,,,,,,,,,,,,,,,,,,,,,,,,,,
Data,12,record,timestamp,"944868748",s,position_lat,"390301874",semicircles,position_long,"-1398050732",semicircles,distance,"36075.22",m,altitude,"14.200000000000045",m,speed,"3.536",m/s,unknown,"0",,unknown,"300",,heart_rate,"138",bpm,cadence,"0",rpm,fractional_cadence,"0.0",rpm,enhanced_altitude,"14.200000000000045",m,enhanced_speed,"3.536",m/s,,,,,,,,,,,,,,,,,,,,,,,,,,,,,,,,,,,,,,,,,,,,,,,,,,,,,,,,,,,,,,,,,,,,,,,,,,,,,,,,,,,,,,,,,,,,,,,,,,,,,,,,,,,,,,,,,,,,,,,,,,,,,,,,,,,,,,,,,,,,,,,,,,,,,,,,,,,,,,,,,,,
Data,12,record,timestamp,"944868753",s,position_lat,"390300050",semicircles,position_long,"-1398050290",semicircles,distance,"36092.56",m,altitude,"14.399999999999977",m,speed,"3.172",m/s,unknown,"0",,unknown,"100",,heart_rate,"136",bpm,cadence,"0",rpm,fractional_cadence,"0.0",rpm,enhanced_altitude,"14.399999999999977",m,enhanced_speed,"3.172",m/s,,,,,,,,,,,,,,,,,,,,,,,,,,,,,,,,,,,,,,,,,,,,,,,,,,,,,,,,,,,,,,,,,,,,,,,,,,,,,,,,,,,,,,,,,,,,,,,,,,,,,,,,,,,,,,,,,,,,,,,,,,,,,,,,,,,,,,,,,,,,,,,,,,,,,,,,,,,,,,,,,,,
Data,12,record,timestamp,"944868761",s,position_lat,"390297016",semicircles,position_long,"-1398049427",semicircles,distance,"36121.6",m,altitude,"14.399999999999977",m,speed,"3.396",m/s,unknown,"0",,unknown,"100",,heart_rate,"135",bpm,cadence,"0",rpm,fractional_cadence,"0.0",rpm,enhanced_altitude,"14.399999999999977",m,enhanced_speed,"3.396",m/s,,,,,,,,,,,,,,,,,,,,,,,,,,,,,,,,,,,,,,,,,,,,,,,,,,,,,,,,,,,,,,,,,,,,,,,,,,,,,,,,,,,,,,,,,,,,,,,,,,,,,,,,,,,,,,,,,,,,,,,,,,,,,,,,,,,,,,,,,,,,,,,,,,,,,,,,,,,,,,,,,,,
Data,12,record,timestamp,"944868770",s,position_lat,"390293842",semicircles,position_long,"-1398048617",semicircles,distance,"36151.79",m,altitude,"14.399999999999977",m,speed,"3.387",m/s,unknown,"0",,unknown,"100",,heart_rate,"134",bpm,cadence,"0",rpm,fractional_cadence,"0.0",rpm,enhanced_altitude,"14.399999999999977",m,enhanced_speed,"3.387",m/s,,,,,,,,,,,,,,,,,,,,,,,,,,,,,,,,,,,,,,,,,,,,,,,,,,,,,,,,,,,,,,,,,,,,,,,,,,,,,,,,,,,,,,,,,,,,,,,,,,,,,,,,,,,,,,,,,,,,,,,,,,,,,,,,,,,,,,,,,,,,,,,,,,,,,,,,,,,,,,,,,,,
Data,12,record,timestamp,"944868777",s,position_lat,"390291532",semicircles,position_long,"-1398048133",semicircles,distance,"36173.58",m,altitude,"14.399999999999977",m,speed,"3.135",m/s,unknown,"0",,unknown,"300",,heart_rate,"134",bpm,cadence,"0",rpm,fractional_cadence,"0.0",rpm,enhanced_altitude,"14.399999999999977",m,enhanced_speed,"3.135",m/s,,,,,,,,,,,,,,,,,,,,,,,,,,,,,,,,,,,,,,,,,,,,,,,,,,,,,,,,,,,,,,,,,,,,,,,,,,,,,,,,,,,,,,,,,,,,,,,,,,,,,,,,,,,,,,,,,,,,,,,,,,,,,,,,,,,,,,,,,,,,,,,,,,,,,,,,,,,,,,,,,,,
Data,12,record,timestamp,"944868784",s,position_lat,"390289149",semicircles,position_long,"-1398047170",semicircles,distance,"36196.99",m,altitude,"14.600000000000023",m,speed,"3.2",m/s,unknown,"0",,unknown,"100",,heart_rate,"132",bpm,cadence,"0",rpm,fractional_cadence,"0.0",rpm,enhanced_altitude,"14.600000000000023",m,enhanced_speed,"3.2",m/s,,,,,,,,,,,,,,,,,,,,,,,,,,,,,,,,,,,,,,,,,,,,,,,,,,,,,,,,,,,,,,,,,,,,,,,,,,,,,,,,,,,,,,,,,,,,,,,,,,,,,,,,,,,,,,,,,,,,,,,,,,,,,,,,,,,,,,,,,,,,,,,,,,,,,,,,,,,,,,,,,,,
Data,12,record,timestamp,"944868791",s,position_lat,"390287503",semicircles,position_long,"-1398045537",semicircles,distance,"36217.14",m,altitude,"14.399999999999977",m,speed,"2.37",m/s,unknown,"0",,unknown,"100",,heart_rate,"135",bpm,cadence,"0",rpm,fractional_cadence,"0.0",rpm,enhanced_altitude,"14.399999999999977",m,enhanced_speed,"2.37",m/s,,,,,,,,,,,,,,,,,,,,,,,,,,,,,,,,,,,,,,,,,,,,,,,,,,,,,,,,,,,,,,,,,,,,,,,,,,,,,,,,,,,,,,,,,,,,,,,,,,,,,,,,,,,,,,,,,,,,,,,,,,,,,,,,,,,,,,,,,,,,,,,,,,,,,,,,,,,,,,,,,,,
Data,12,record,timestamp,"944868798",s,position_lat,"390286691",semicircles,position_long,"-1398043603",semicircles,distance,"36234.09",m,altitude,"14.200000000000045",m,speed,"2.165",m/s,unknown,"0",,unknown,"100",,heart_rate,"136",bpm,cadence,"0",rpm,fractional_cadence,"0.0",rpm,enhanced_altitude,"14.200000000000045",m,enhanced_speed,"2.165",m/s,,,,,,,,,,,,,,,,,,,,,,,,,,,,,,,,,,,,,,,,,,,,,,,,,,,,,,,,,,,,,,,,,,,,,,,,,,,,,,,,,,,,,,,,,,,,,,,,,,,,,,,,,,,,,,,,,,,,,,,,,,,,,,,,,,,,,,,,,,,,,,,,,,,,,,,,,,,,,,,,,,,
Data,12,record,timestamp,"944868802",s,position_lat,"390286316",semicircles,position_long,"-1398042513",semicircles,distance,"36243.32",m,altitude,"14.200000000000045",m,speed,"2.193",m/s,unknown,"0",,unknown,"100",,heart_rate,"139",bpm,cadence,"0",rpm,fractional_cadence,"0.0",rpm,enhanced_altitude,"14.200000000000045",m,enhanced_speed,"2.193",m/s,,,,,,,,,,,,,,,,,,,,,,,,,,,,,,,,,,,,,,,,,,,,,,,,,,,,,,,,,,,,,,,,,,,,,,,,,,,,,,,,,,,,,,,,,,,,,,,,,,,,,,,,,,,,,,,,,,,,,,,,,,,,,,,,,,,,,,,,,,,,,,,,,,,,,,,,,,,,,,,,,,,
Data,12,record,timestamp,"944868806",s,position_lat,"390285956",semicircles,position_long,"-1398041390",semicircles,distance,"36252.76",m,altitude,"14.399999999999977",m,speed,"2.445",m/s,unknown,"0",,unknown,"100",,heart_rate,"141",bpm,cadence,"0",rpm,fractional_cadence,"0.0",rpm,enhanced_altitude,"14.399999999999977",m,enhanced_speed,"2.445",m/s,,,,,,,,,,,,,,,,,,,,,,,,,,,,,,,,,,,,,,,,,,,,,,,,,,,,,,,,,,,,,,,,,,,,,,,,,,,,,,,,,,,,,,,,,,,,,,,,,,,,,,,,,,,,,,,,,,,,,,,,,,,,,,,,,,,,,,,,,,,,,,,,,,,,,,,,,,,,,,,,,,,
Data,12,record,timestamp,"944868813",s,position_lat,"390285433",semicircles,position_long,"-1398039154",semicircles,distance,"36270.99",m,altitude,"14.399999999999977",m,speed,"3.051",m/s,unknown,"0",,unknown,"100",,heart_rate,"140",bpm,cadence,"0",rpm,fractional_cadence,"0.0",rpm,enhanced_altitude,"14.399999999999977",m,enhanced_speed,"3.051",m/s,,,,,,,,,,,,,,,,,,,,,,,,,,,,,,,,,,,,,,,,,,,,,,,,,,,,,,,,,,,,,,,,,,,,,,,,,,,,,,,,,,,,,,,,,,,,,,,,,,,,,,,,,,,,,,,,,,,,,,,,,,,,,,,,,,,,,,,,,,,,,,,,,,,,,,,,,,,,,,,,,,,
Data,12,record,timestamp,"944868819",s,position_lat,"390285015",semicircles,position_long,"-1398037315",semicircles,distance,"36285.97",m,altitude,"14.600000000000023",m,speed,"2.286",m/s,unknown,"0",,unknown,"100",,heart_rate,"141",bpm,cadence,"0",rpm,fractional_cadence,"0.0",rpm,enhanced_altitude,"14.600000000000023",m,enhanced_speed,"2.286",m/s,,,,,,,,,,,,,,,,,,,,,,,,,,,,,,,,,,,,,,,,,,,,,,,,,,,,,,,,,,,,,,,,,,,,,,,,,,,,,,,,,,,,,,,,,,,,,,,,,,,,,,,,,,,,,,,,,,,,,,,,,,,,,,,,,,,,,,,,,,,,,,,,,,,,,,,,,,,,,,,,,,,
Data,12,record,timestamp,"944868825",s,position_lat,"390284462",semicircles,position_long,"-1398035875",semicircles,distance,"36298.46",m,altitude,"15.0",m,speed,"2.025",m/s,unknown,"0",,unknown,"100",,heart_rate,"141",bpm,cadence,"0",rpm,fractional_cadence,"0.0",rpm,enhanced_altitude,"15.0",m,enhanced_speed,"2.025",m/s,,,,,,,,,,,,,,,,,,,,,,,,,,,,,,,,,,,,,,,,,,,,,,,,,,,,,,,,,,,,,,,,,,,,,,,,,,,,,,,,,,,,,,,,,,,,,,,,,,,,,,,,,,,,,,,,,,,,,,,,,,,,,,,,,,,,,,,,,,,,,,,,,,,,,,,,,,,,,,,,,,,
Data,12,record,timestamp,"944868829",s,position_lat,"390284240",semicircles,position_long,"-1398035189",semicircles,distance,"36304.29",m,altitude,"15.0",m,speed,"1.959",m/s,unknown,"0",,unknown,"100",,heart_rate,"141",bpm,cadence,"0",rpm,fractional_cadence,"0.0",rpm,enhanced_altitude,"15.0",m,enhanced_speed,"1.959",m/s,,,,,,,,,,,,,,,,,,,,,,,,,,,,,,,,,,,,,,,,,,,,,,,,,,,,,,,,,,,,,,,,,,,,,,,,,,,,,,,,,,,,,,,,,,,,,,,,,,,,,,,,,,,,,,,,,,,,,,,,,,,,,,,,,,,,,,,,,,,,,,,,,,,,,,,,,,,,,,,,,,,
Data,12,record,timestamp,"944868836",s,position_lat,"390283891",semicircles,position_long,"-1398033366",semicircles,distance,"36318.99",m,altitude,"15.0",m,speed,"1.857",m/s,unknown,"0",,unknown,"100",,heart_rate,"141",bpm,cadence,"0",rpm,fractional_cadence,"0.0",rpm,enhanced_altitude,"15.0",m,enhanced_speed,"1.857",m/s,,,,,,,,,,,,,,,,,,,,,,,,,,,,,,,,,,,,,,,,,,,,,,,,,,,,,,,,,,,,,,,,,,,,,,,,,,,,,,,,,,,,,,,,,,,,,,,,,,,,,,,,,,,,,,,,,,,,,,,,,,,,,,,,,,,,,,,,,,,,,,,,,,,,,,,,,,,,,,,,,,,
Data,12,record,timestamp,"944868842",s,position_lat,"390283764",semicircles,position_long,"-1398031875",semicircles,distance,"36330.8",m,altitude,"14.799999999999955",m,speed,"2.193",m/s,unknown,"0",,unknown,"100",,heart_rate,"140",bpm,cadence,"0",rpm,fractional_cadence,"0.0",rpm,enhanced_altitude,"14.799999999999955",m,enhanced_speed,"2.193",m/s,,,,,,,,,,,,,,,,,,,,,,,,,,,,,,,,,,,,,,,,,,,,,,,,,,,,,,,,,,,,,,,,,,,,,,,,,,,,,,,,,,,,,,,,,,,,,,,,,,,,,,,,,,,,,,,,,,,,,,,,,,,,,,,,,,,,,,,,,,,,,,,,,,,,,,,,,,,,,,,,,,,
Data,12,record,timestamp,"944868847",s,position_lat,"390283473",semicircles,position_long,"-1398030586",semicircles,distance,"36341.34",m,altitude,"14.600000000000023",m,speed,"1.875",m/s,unknown,"0",,unknown,"100",,heart_rate,"143",bpm,cadence,"0",rpm,fractional_cadence,"0.0",rpm,enhanced_altitude,"14.600000000000023",m,enhanced_speed,"1.875",m/s,,,,,,,,,,,,,,,,,,,,,,,,,,,,,,,,,,,,,,,,,,,,,,,,,,,,,,,,,,,,,,,,,,,,,,,,,,,,,,,,,,,,,,,,,,,,,,,,,,,,,,,,,,,,,,,,,,,,,,,,,,,,,,,,,,,,,,,,,,,,,,,,,,,,,,,,,,,,,,,,,,,
Data,12,record,timestamp,"944868852",s,position_lat,"390283061",semicircles,position_long,"-1398029497",semicircles,distance,"36350.73",m,altitude,"14.600000000000023",m,speed,"2.127",m/s,unknown,"0",,unknown,"100",,heart_rate,"140",bpm,cadence,"0",rpm,fractional_cadence,"0.0",rpm,enhanced_altitude,"14.600000000000023",m,enhanced_speed,"2.127",m/s,,,,,,,,,,,,,,,,,,,,,,,,,,,,,,,,,,,,,,,,,,,,,,,,,,,,,,,,,,,,,,,,,,,,,,,,,,,,,,,,,,,,,,,,,,,,,,,,,,,,,,,,,,,,,,,,,,,,,,,,,,,,,,,,,,,,,,,,,,,,,,,,,,,,,,,,,,,,,,,,,,,
Data,12,record,timestamp,"944868855",s,position_lat,"390282819",semicircles,position_long,"-1398028745",semicircles,distance,"36357.05",m,altitude,"14.600000000000023",m,speed,"2.202",m/s,unknown,"0",,unknown,"100",,heart_rate,"141",bpm,cadence,"0",rpm,fractional_cadence,"0.0",rpm,enhanced_altitude,"14.600000000000023",m,enhanced_speed,"2.202",m/s,,,,,,,,,,,,,,,,,,,,,,,,,,,,,,,,,,,,,,,,,,,,,,,,,,,,,,,,,,,,,,,,,,,,,,,,,,,,,,,,,,,,,,,,,,,,,,,,,,,,,,,,,,,,,,,,,,,,,,,,,,,,,,,,,,,,,,,,,,,,,,,,,,,,,,,,,,,,,,,,,,,
Data,12,record,timestamp,"944868861",s,position_lat,"390282643",semicircles,position_long,"-1398027258",semicircles,distance,"36368.92",m,altitude,"14.600000000000023",m,speed,"2.193",m/s,unknown,"0",,unknown,"100",,heart_rate,"138",bpm,cadence,"0",rpm,fractional_cadence,"0.0",rpm,enhanced_altitude,"14.600000000000023",m,enhanced_speed,"2.193",m/s,,,,,,,,,,,,,,,,,,,,,,,,,,,,,,,,,,,,,,,,,,,,,,,,,,,,,,,,,,,,,,,,,,,,,,,,,,,,,,,,,,,,,,,,,,,,,,,,,,,,,,,,,,,,,,,,,,,,,,,,,,,,,,,,,,,,,,,,,,,,,,,,,,,,,,,,,,,,,,,,,,,
Data,12,record,timestamp,"944868863",s,position_lat,"390282626",semicircles,position_long,"-1398026789",semicircles,distance,"36372.61",m,altitude,"14.600000000000023",m,speed,"2.109",m/s,unknown,"0",,unknown,"100",,heart_rate,"138",bpm,cadence,"0",rpm,fractional_cadence,"0.0",rpm,enhanced_altitude,"14.600000000000023",m,enhanced_speed,"2.109",m/s,,,,,,,,,,,,,,,,,,,,,,,,,,,,,,,,,,,,,,,,,,,,,,,,,,,,,,,,,,,,,,,,,,,,,,,,,,,,,,,,,,,,,,,,,,,,,,,,,,,,,,,,,,,,,,,,,,,,,,,,,,,,,,,,,,,,,,,,,,,,,,,,,,,,,,,,,,,,,,,,,,,
Data,12,record,timestamp,"944868871",s,position_lat,"390282623",semicircles,position_long,"-1398024399",semicircles,distance,"36391.42",m,altitude,"14.600000000000023",m,speed,"2.398",m/s,unknown,"0",,unknown,"100",,heart_rate,"135",bpm,cadence,"0",rpm,fractional_cadence,"0.0",rpm,enhanced_altitude,"14.600000000000023",m,enhanced_speed,"2.398",m/s,,,,,,,,,,,,,,,,,,,,,,,,,,,,,,,,,,,,,,,,,,,,,,,,,,,,,,,,,,,,,,,,,,,,,,,,,,,,,,,,,,,,,,,,,,,,,,,,,,,,,,,,,,,,,,,,,,,,,,,,,,,,,,,,,,,,,,,,,,,,,,,,,,,,,,,,,,,,,,,,,,,
Data,12,record,timestamp,"944868878",s,position_lat,"390282288",semicircles,position_long,"-1398022250",semicircles,distance,"36408.65",m,altitude,"14.600000000000023",m,speed,"2.547",m/s,unknown,"0",,unknown,"100",,heart_rate,"135",bpm,cadence,"0",rpm,fractional_cadence,"0.0",rpm,enhanced_altitude,"14.600000000000023",m,enhanced_speed,"2.547",m/s,,,,,,,,,,,,,,,,,,,,,,,,,,,,,,,,,,,,,,,,,,,,,,,,,,,,,,,,,,,,,,,,,,,,,,,,,,,,,,,,,,,,,,,,,,,,,,,,,,,,,,,,,,,,,,,,,,,,,,,,,,,,,,,,,,,,,,,,,,,,,,,,,,,,,,,,,,,,,,,,,,,
Data,12,record,timestamp,"944868882",s,position_lat,"390281835",semicircles,position_long,"-1398021302",semicircles,distance,"36417.2",m,altitude,"14.600000000000023",m,speed,"2.51",m/s,unknown,"0",,unknown,"100",,heart_rate,"132",bpm,cadence,"0",rpm,fractional_cadence,"0.0",rpm,enhanced_altitude,"14.600000000000023",m,enhanced_speed,"2.51",m/s,,,,,,,,,,,,,,,,,,,,,,,,,,,,,,,,,,,,,,,,,,,,,,,,,,,,,,,,,,,,,,,,,,,,,,,,,,,,,,,,,,,,,,,,,,,,,,,,,,,,,,,,,,,,,,,,,,,,,,,,,,,,,,,,,,,,,,,,,,,,,,,,,,,,,,,,,,,,,,,,,,,
Data,12,record,timestamp,"944868884",s,position_lat,"390281526",semicircles,position_long,"-1398020800",semicircles,distance,"36422.08",m,altitude,"14.600000000000023",m,speed,"2.267",m/s,unknown,"0",,unknown,"100",,heart_rate,"131",bpm,cadence,"0",rpm,fractional_cadence,"0.0",rpm,enhanced_altitude,"14.600000000000023",m,enhanced_speed,"2.267",m/s,,,,,,,,,,,,,,,,,,,,,,,,,,,,,,,,,,,,,,,,,,,,,,,,,,,,,,,,,,,,,,,,,,,,,,,,,,,,,,,,,,,,,,,,,,,,,,,,,,,,,,,,,,,,,,,,,,,,,,,,,,,,,,,,,,,,,,,,,,,,,,,,,,,,,,,,,,,,,,,,,,,
Data,12,record,timestamp,"944868889",s,position_lat,"390280667",semicircles,position_long,"-1398020021",semicircles,distance,"36432.36",m,altitude,"14.399999999999977",m,speed,"2.193",m/s,unknown,"0",,unknown,"100",,heart_rate,"134",bpm,cadence,"0",rpm,fractional_cadence,"0.0",rpm,enhanced_altitude,"14.399999999999977",m,enhanced_speed,"2.193",m/s,,,,,,,,,,,,,,,,,,,,,,,,,,,,,,,,,,,,,,,,,,,,,,,,,,,,,,,,,,,,,,,,,,,,,,,,,,,,,,,,,,,,,,,,,,,,,,,,,,,,,,,,,,,,,,,,,,,,,,,,,,,,,,,,,,,,,,,,,,,,,,,,,,,,,,,,,,,,,,,,,,,
Data,12,record,timestamp,"944868890",s,position_lat,"390280394",semicircles,position_long,"-1398019919",semicircles,distance,"36434.98",m,altitude,"14.399999999999977",m,speed,"2.277",m/s,unknown,"0",,unknown,"100",,heart_rate,"135",bpm,cadence,"0",rpm,fractional_cadence,"0.0",rpm,enhanced_altitude,"14.399999999999977",m,enhanced_speed,"2.277",m/s,,,,,,,,,,,,,,,,,,,,,,,,,,,,,,,,,,,,,,,,,,,,,,,,,,,,,,,,,,,,,,,,,,,,,,,,,,,,,,,,,,,,,,,,,,,,,,,,,,,,,,,,,,,,,,,,,,,,,,,,,,,,,,,,,,,,,,,,,,,,,,,,,,,,,,,,,,,,,,,,,,,
Data,12,record,timestamp,"944868892",s,position_lat,"390279849",semicircles,position_long,"-1398019732",semicircles,distance,"36440.23",m,altitude,"14.200000000000045",m,speed,"2.575",m/s,unknown,"0",,unknown,"100",,heart_rate,"138",bpm,cadence,"0",rpm,fractional_cadence,"0.0",rpm,enhanced_altitude,"14.200000000000045",m,enhanced_speed,"2.575",m/s,,,,,,,,,,,,,,,,,,,,,,,,,,,,,,,,,,,,,,,,,,,,,,,,,,,,,,,,,,,,,,,,,,,,,,,,,,,,,,,,,,,,,,,,,,,,,,,,,,,,,,,,,,,,,,,,,,,,,,,,,,,,,,,,,,,,,,,,,,,,,,,,,,,,,,,,,,,,,,,,,,,
Data,12,record,timestamp,"944868896",s,position_lat,"390278722",semicircles,position_long,"-1398019460",semicircles,distance,"36450.9",m,altitude,"14.399999999999977",m,speed,"2.781",m/s,unknown,"0",,unknown,"100",,heart_rate,"138",bpm,cadence,"0",rpm,fractional_cadence,"0.0",rpm,enhanced_altitude,"14.399999999999977",m,enhanced_speed,"2.781",m/s,,,,,,,,,,,,,,,,,,,,,,,,,,,,,,,,,,,,,,,,,,,,,,,,,,,,,,,,,,,,,,,,,,,,,,,,,,,,,,,,,,,,,,,,,,,,,,,,,,,,,,,,,,,,,,,,,,,,,,,,,,,,,,,,,,,,,,,,,,,,,,,,,,,,,,,,,,,,,,,,,,,
Data,12,record,timestamp,"944868904",s,position_lat,"390276268",semicircles,position_long,"-1398018816",semicircles,distance,"36474.24",m,altitude,"14.600000000000023",m,speed,"2.809",m/s,unknown,"0",,unknown,"100",,heart_rate,"140",bpm,cadence,"0",rpm,fractional_cadence,"0.0",rpm,enhanced_altitude,"14.600000000000023",m,enhanced_speed,"2.809",m/s,,,,,,,,,,,,,,,,,,,,,,,,,,,,,,,,,,,,,,,,,,,,,,,,,,,,,,,,,,,,,,,,,,,,,,,,,,,,,,,,,,,,,,,,,,,,,,,,,,,,,,,,,,,,,,,,,,,,,,,,,,,,,,,,,,,,,,,,,,,,,,,,,,,,,,,,,,,,,,,,,,,
Data,12,record,timestamp,"944868911",s,position_lat,"390274334",semicircles,position_long,"-1398018078",semicircles,distance,"36493.13",m,altitude,"14.600000000000023",m,speed,"2.687",m/s,unknown,"0",,unknown,"100",,heart_rate,"140",bpm,cadence,"0",rpm,fractional_cadence,"0.0",rpm,enhanced_altitude,"14.600000000000023",m,enhanced_speed,"2.687",m/s,,,,,,,,,,,,,,,,,,,,,,,,,,,,,,,,,,,,,,,,,,,,,,,,,,,,,,,,,,,,,,,,,,,,,,,,,,,,,,,,,,,,,,,,,,,,,,,,,,,,,,,,,,,,,,,,,,,,,,,,,,,,,,,,,,,,,,,,,,,,,,,,,,,,,,,,,,,,,,,,,,,
Data,12,record,timestamp,"944868919",s,position_lat,"390271639",semicircles,position_long,"-1398016970",semicircles,distance,"36519.68",m,altitude,"14.600000000000023",m,speed,"3.06",m/s,unknown,"0",,unknown,"100",,heart_rate,"138",bpm,cadence,"0",rpm,fractional_cadence,"0.0",rpm,enhanced_altitude,"14.600000000000023",m,enhanced_speed,"3.06",m/s,,,,,,,,,,,,,,,,,,,,,,,,,,,,,,,,,,,,,,,,,,,,,,,,,,,,,,,,,,,,,,,,,,,,,,,,,,,,,,,,,,,,,,,,,,,,,,,,,,,,,,,,,,,,,,,,,,,,,,,,,,,,,,,,,,,,,,,,,,,,,,,,,,,,,,,,,,,,,,,,,,,
Data,12,record,timestamp,"944868927",s,position_lat,"390269032",semicircles,position_long,"-1398015917",semicircles,distance,"36545.27",m,altitude,"14.799999999999955",m,speed,"2.93",m/s,unknown,"0",,unknown,"100",,heart_rate,"135",bpm,cadence,"0",rpm,fractional_cadence,"0.0",rpm,enhanced_altitude,"14.799999999999955",m,enhanced_speed,"2.93",m/s,,,,,,,,,,,,,,,,,,,,,,,,,,,,,,,,,,,,,,,,,,,,,,,,,,,,,,,,,,,,,,,,,,,,,,,,,,,,,,,,,,,,,,,,,,,,,,,,,,,,,,,,,,,,,,,,,,,,,,,,,,,,,,,,,,,,,,,,,,,,,,,,,,,,,,,,,,,,,,,,,,,
Data,12,record,timestamp,"944868935",s,position_lat,"390266740",semicircles,position_long,"-1398014800",semicircles,distance,"36568.33",m,altitude,"14.600000000000023",m,speed,"3.004",m/s,unknown,"0",,unknown,"100",,heart_rate,"134",bpm,cadence,"0",rpm,fractional_cadence,"0.0",rpm,enhanced_altitude,"14.600000000000023",m,enhanced_speed,"3.004",m/s,,,,,,,,,,,,,,,,,,,,,,,,,,,,,,,,,,,,,,,,,,,,,,,,,,,,,,,,,,,,,,,,,,,,,,,,,,,,,,,,,,,,,,,,,,,,,,,,,,,,,,,,,,,,,,,,,,,,,,,,,,,,,,,,,,,,,,,,,,,,,,,,,,,,,,,,,,,,,,,,,,,
Data,12,record,timestamp,"944868939",s,position_lat,"390265515",semicircles,position_long,"-1398014287",semicircles,distance,"36580.42",m,altitude,"14.600000000000023",m,speed,"2.893",m/s,unknown,"0",,unknown,"100",,heart_rate,"137",bpm,cadence,"0",rpm,fractional_cadence,"0.0",rpm,enhanced_altitude,"14.600000000000023",m,enhanced_speed,"2.893",m/s,,,,,,,,,,,,,,,,,,,,,,,,,,,,,,,,,,,,,,,,,,,,,,,,,,,,,,,,,,,,,,,,,,,,,,,,,,,,,,,,,,,,,,,,,,,,,,,,,,,,,,,,,,,,,,,,,,,,,,,,,,,,,,,,,,,,,,,,,,,,,,,,,,,,,,,,,,,,,,,,,,,
Data,12,record,timestamp,"944868943",s,position_lat,"390264363",semicircles,position_long,"-1398013868",semicircles,distance,"36591.62",m,altitude,"14.600000000000023",m,speed,"2.893",m/s,unknown,"0",,unknown,"100",,heart_rate,"140",bpm,cadence,"0",rpm,fractional_cadence,"0.0",rpm,enhanced_altitude,"14.600000000000023",m,enhanced_speed,"2.893",m/s,,,,,,,,,,,,,,,,,,,,,,,,,,,,,,,,,,,,,,,,,,,,,,,,,,,,,,,,,,,,,,,,,,,,,,,,,,,,,,,,,,,,,,,,,,,,,,,,,,,,,,,,,,,,,,,,,,,,,,,,,,,,,,,,,,,,,,,,,,,,,,,,,,,,,,,,,,,,,,,,,,,
Data,12,record,timestamp,"944868953",s,position_lat,"390261378",semicircles,position_long,"-1398012927",semicircles,distance,"36620.38",m,altitude,"14.399999999999977",m,speed,"2.902",m/s,unknown,"0",,unknown,"100",,heart_rate,"140",bpm,cadence,"0",rpm,fractional_cadence,"0.0",rpm,enhanced_altitude,"14.399999999999977",m,enhanced_speed,"2.902",m/s,,,,,,,,,,,,,,,,,,,,,,,,,,,,,,,,,,,,,,,,,,,,,,,,,,,,,,,,,,,,,,,,,,,,,,,,,,,,,,,,,,,,,,,,,,,,,,,,,,,,,,,,,,,,,,,,,,,,,,,,,,,,,,,,,,,,,,,,,,,,,,,,,,,,,,,,,,,,,,,,,,,
Data,12,record,timestamp,"944868959",s,position_lat,"390259530",semicircles,position_long,"-1398012342",semicircles,distance,"36638.17",m,altitude,"14.399999999999977",m,speed,"2.902",m/s,unknown,"0",,unknown,"100",,heart_rate,"137",bpm,cadence,"0",rpm,fractional_cadence,"0.0",rpm,enhanced_altitude,"14.399999999999977",m,enhanced_speed,"2.902",m/s,,,,,,,,,,,,,,,,,,,,,,,,,,,,,,,,,,,,,,,,,,,,,,,,,,,,,,,,,,,,,,,,,,,,,,,,,,,,,,,,,,,,,,,,,,,,,,,,,,,,,,,,,,,,,,,,,,,,,,,,,,,,,,,,,,,,,,,,,,,,,,,,,,,,,,,,,,,,,,,,,,,
Data,12,record,timestamp,"944868962",s,position_lat,"390258659",semicircles,position_long,"-1398012000",semicircles,distance,"36646.67",m,altitude,"14.399999999999977",m,speed,"2.995",m/s,unknown,"0",,unknown,"100",,heart_rate,"135",bpm,cadence,"0",rpm,fractional_cadence,"0.0",rpm,enhanced_altitude,"14.399999999999977",m,enhanced_speed,"2.995",m/s,,,,,,,,,,,,,,,,,,,,,,,,,,,,,,,,,,,,,,,,,,,,,,,,,,,,,,,,,,,,,,,,,,,,,,,,,,,,,,,,,,,,,,,,,,,,,,,,,,,,,,,,,,,,,,,,,,,,,,,,,,,,,,,,,,,,,,,,,,,,,,,,,,,,,,,,,,,,,,,,,,,
Data,12,record,timestamp,"944868968",s,position_lat,"390256835",semicircles,position_long,"-1398011511",semicircles,distance,"36664.06",m,altitude,"14.600000000000023",m,speed,"2.846",m/s,unknown,"0",,unknown,"100",,heart_rate,"136",bpm,cadence,"0",rpm,fractional_cadence,"0.0",rpm,enhanced_altitude,"14.600000000000023",m,enhanced_speed,"2.846",m/s,,,,,,,,,,,,,,,,,,,,,,,,,,,,,,,,,,,,,,,,,,,,,,,,,,,,,,,,,,,,,,,,,,,,,,,,,,,,,,,,,,,,,,,,,,,,,,,,,,,,,,,,,,,,,,,,,,,,,,,,,,,,,,,,,,,,,,,,,,,,,,,,,,,,,,,,,,,,,,,,,,,
Data,12,record,timestamp,"944868975",s,position_lat,"390254552",semicircles,position_long,"-1398010456",semicircles,distance,"36686.88",m,altitude,"14.600000000000023",m,speed,"3.014",m/s,unknown,"0",,unknown,"100",,heart_rate,"138",bpm,cadence,"67",rpm,fractional_cadence,"0.5",rpm,enhanced_altitude,"14.600000000000023",m,enhanced_speed,"3.014",m/s,,,,,,,,,,,,,,,,,,,,,,,,,,,,,,,,,,,,,,,,,,,,,,,,,,,,,,,,,,,,,,,,,,,,,,,,,,,,,,,,,,,,,,,,,,,,,,,,,,,,,,,,,,,,,,,,,,,,,,,,,,,,,,,,,,,,,,,,,,,,,,,,,,,,,,,,,,,,,,,,,,,
Data,12,record,timestamp,"944868983",s,position_lat,"390252095",semicircles,position_long,"-1398009337",semicircles,distance,"36711.45",m,altitude,"14.600000000000023",m,speed,"3.238",m/s,unknown,"0",,unknown,"100",,heart_rate,"141",bpm,cadence,"0",rpm,fractional_cadence,"0.0",rpm,enhanced_altitude,"14.600000000000023",m,enhanced_speed,"3.238",m/s,,,,,,,,,,,,,,,,,,,,,,,,,,,,,,,,,,,,,,,,,,,,,,,,,,,,,,,,,,,,,,,,,,,,,,,,,,,,,,,,,,,,,,,,,,,,,,,,,,,,,,,,,,,,,,,,,,,,,,,,,,,,,,,,,,,,,,,,,,,,,,,,,,,,,,,,,,,,,,,,,,,
Data,12,record,timestamp,"944868988",s,position_lat,"390250427",semicircles,position_long,"-1398008809",semicircles,distance,"36727.52",m,altitude,"14.399999999999977",m,speed,"3.434",m/s,unknown,"0",,unknown,"300",,heart_rate,"143",bpm,cadence,"0",rpm,fractional_cadence,"0.0",rpm,enhanced_altitude,"14.399999999999977",m,enhanced_speed,"3.434",m/s,,,,,,,,,,,,,,,,,,,,,,,,,,,,,,,,,,,,,,,,,,,,,,,,,,,,,,,,,,,,,,,,,,,,,,,,,,,,,,,,,,,,,,,,,,,,,,,,,,,,,,,,,,,,,,,,,,,,,,,,,,,,,,,,,,,,,,,,,,,,,,,,,,,,,,,,,,,,,,,,,,,
Data,12,record,timestamp,"944868994",s,position_lat,"390248191",semicircles,position_long,"-1398007861",semicircles,distance,"36749.63",m,altitude,"14.399999999999977",m,speed,"3.695",m/s,unknown,"0",,unknown,"300",,heart_rate,"144",bpm,cadence,"0",rpm,fractional_cadence,"0.0",rpm,enhanced_altitude,"14.399999999999977",m,enhanced_speed,"3.695",m/s,,,,,,,,,,,,,,,,,,,,,,,,,,,,,,,,,,,,,,,,,,,,,,,,,,,,,,,,,,,,,,,,,,,,,,,,,,,,,,,,,,,,,,,,,,,,,,,,,,,,,,,,,,,,,,,,,,,,,,,,,,,,,,,,,,,,,,,,,,,,,,,,,,,,,,,,,,,,,,,,,,,
Data,12,record,timestamp,"944869001",s,position_lat,"390245334",semicircles,position_long,"-1398006703",semicircles,distance,"36777.75",m,altitude,"14.399999999999977",m,speed,"3.882",m/s,unknown,"0",,unknown,"100",,heart_rate,"143",bpm,cadence,"0",rpm,fractional_cadence,"0.0",rpm,enhanced_altitude,"14.399999999999977",m,enhanced_speed,"3.882",m/s,,,,,,,,,,,,,,,,,,,,,,,,,,,,,,,,,,,,,,,,,,,,,,,,,,,,,,,,,,,,,,,,,,,,,,,,,,,,,,,,,,,,,,,,,,,,,,,,,,,,,,,,,,,,,,,,,,,,,,,,,,,,,,,,,,,,,,,,,,,,,,,,,,,,,,,,,,,,,,,,,,,
Data,12,record,timestamp,"944869004",s,position_lat,"390244217",semicircles,position_long,"-1398006184",semicircles,distance,"36788.92",m,altitude,"14.399999999999977",m,speed,"3.779",m/s,unknown,"0",,unknown,"100",,heart_rate,"146",bpm,cadence,"0",rpm,fractional_cadence,"0.0",rpm,enhanced_altitude,"14.399999999999977",m,enhanced_speed,"3.779",m/s,,,,,,,,,,,,,,,,,,,,,,,,,,,,,,,,,,,,,,,,,,,,,,,,,,,,,,,,,,,,,,,,,,,,,,,,,,,,,,,,,,,,,,,,,,,,,,,,,,,,,,,,,,,,,,,,,,,,,,,,,,,,,,,,,,,,,,,,,,,,,,,,,,,,,,,,,,,,,,,,,,,
Data,12,record,timestamp,"944869005",s,position_lat,"390243855",semicircles,position_long,"-1398006013",semicircles,distance,"36792.53",m,altitude,"14.399999999999977",m,speed,"3.602",m/s,unknown,"0",,unknown,"100",,heart_rate,"143",bpm,cadence,"0",rpm,fractional_cadence,"0.0",rpm,enhanced_altitude,"14.399999999999977",m,enhanced_speed,"3.602",m/s,,,,,,,,,,,,,,,,,,,,,,,,,,,,,,,,,,,,,,,,,,,,,,,,,,,,,,,,,,,,,,,,,,,,,,,,,,,,,,,,,,,,,,,,,,,,,,,,,,,,,,,,,,,,,,,,,,,,,,,,,,,,,,,,,,,,,,,,,,,,,,,,,,,,,,,,,,,,,,,,,,,
Data,12,record,timestamp,"944869008",s,position_lat,"390242815",semicircles,position_long,"-1398005515",semicircles,distance,"36802.95",m,altitude,"14.399999999999977",m,speed,"3.676",m/s,unknown,"0",,unknown,"100",,heart_rate,"144",bpm,cadence,"0",rpm,fractional_cadence,"0.0",rpm,enhanced_altitude,"14.399999999999977",m,enhanced_speed,"3.676",m/s,,,,,,,,,,,,,,,,,,,,,,,,,,,,,,,,,,,,,,,,,,,,,,,,,,,,,,,,,,,,,,,,,,,,,,,,,,,,,,,,,,,,,,,,,,,,,,,,,,,,,,,,,,,,,,,,,,,,,,,,,,,,,,,,,,,,,,,,,,,,,,,,,,,,,,,,,,,,,,,,,,,
Data,12,record,timestamp,"944869012",s,position_lat,"390241384",semicircles,position_long,"-1398004560",semicircles,distance,"36818.24",m,altitude,"14.399999999999977",m,speed,"4.591",m/s,unknown,"0",,unknown,"100",,heart_rate,"145",bpm,cadence,"0",rpm,fractional_cadence,"0.0",rpm,enhanced_altitude,"14.399999999999977",m,enhanced_speed,"4.591",m/s,,,,,,,,,,,,,,,,,,,,,,,,,,,,,,,,,,,,,,,,,,,,,,,,,,,,,,,,,,,,,,,,,,,,,,,,,,,,,,,,,,,,,,,,,,,,,,,,,,,,,,,,,,,,,,,,,,,,,,,,,,,,,,,,,,,,,,,,,,,,,,,,,,,,,,,,,,,,,,,,,,,
Data,12,record,timestamp,"944869013",s,position_lat,"390240970",semicircles,position_long,"-1398004358",semicircles,distance,"36822.39",m,altitude,"14.399999999999977",m,speed,"4.292",m/s,unknown,"0",,unknown,"100",,heart_rate,"144",bpm,cadence,"0",rpm,fractional_cadence,"0.0",rpm,enhanced_altitude,"14.399999999999977",m,enhanced_speed,"4.292",m/s,,,,,,,,,,,,,,,,,,,,,,,,,,,,,,,,,,,,,,,,,,,,,,,,,,,,,,,,,,,,,,,,,,,,,,,,,,,,,,,,,,,,,,,,,,,,,,,,,,,,,,,,,,,,,,,,,,,,,,,,,,,,,,,,,,,,,,,,,,,,,,,,,,,,,,,,,,,,,,,,,,,
Data,12,record,timestamp,"944869017",s,position_lat,"390239487",semicircles,position_long,"-1398003766",semicircles,distance,"36836.95",m,altitude,"14.600000000000023",m,speed,"3.144",m/s,unknown,"0",,unknown,"300",,heart_rate,"148",bpm,cadence,"0",rpm,fractional_cadence,"0.0",rpm,enhanced_altitude,"14.600000000000023",m,enhanced_speed,"3.144",m/s,,,,,,,,,,,,,,,,,,,,,,,,,,,,,,,,,,,,,,,,,,,,,,,,,,,,,,,,,,,,,,,,,,,,,,,,,,,,,,,,,,,,,,,,,,,,,,,,,,,,,,,,,,,,,,,,,,,,,,,,,,,,,,,,,,,,,,,,,,,,,,,,,,,,,,,,,,,,,,,,,,,
Data,12,record,timestamp,"944869019",s,position_lat,"390238889",semicircles,position_long,"-1398003515",semicircles,distance,"36842.85",m,altitude,"14.600000000000023",m,speed,"3.312",m/s,unknown,"0",,unknown,"300",,heart_rate,"149",bpm,cadence,"0",rpm,fractional_cadence,"0.0",rpm,enhanced_altitude,"14.600000000000023",m,enhanced_speed,"3.312",m/s,,,,,,,,,,,,,,,,,,,,,,,,,,,,,,,,,,,,,,,,,,,,,,,,,,,,,,,,,,,,,,,,,,,,,,,,,,,,,,,,,,,,,,,,,,,,,,,,,,,,,,,,,,,,,,,,,,,,,,,,,,,,,,,,,,,,,,,,,,,,,,,,,,,,,,,,,,,,,,,,,,,
Data,12,record,timestamp,"944869025",s,position_lat,"390237083",semicircles,position_long,"-1398002690",semicircles,distance,"36860.84",m,altitude,"14.600000000000023",m,speed,"3.228",m/s,unknown,"0",,unknown,"100",,heart_rate,"149",bpm,cadence,"0",rpm,fractional_cadence,"0.0",rpm,enhanced_altitude,"14.600000000000023",m,enhanced_speed,"3.228",m/s,,,,,,,,,,,,,,,,,,,,,,,,,,,,,,,,,,,,,,,,,,,,,,,,,,,,,,,,,,,,,,,,,,,,,,,,,,,,,,,,,,,,,,,,,,,,,,,,,,,,,,,,,,,,,,,,,,,,,,,,,,,,,,,,,,,,,,,,,,,,,,,,,,,,,,,,,,,,,,,,,,,
Data,12,record,timestamp,"944869032",s,position_lat,"390234670",semicircles,position_long,"-1398001587",semicircles,distance,"36884.88",m,altitude,"14.399999999999977",m,speed,"3.49",m/s,unknown,"0",,unknown,"100",,heart_rate,"150",bpm,cadence,"0",rpm,fractional_cadence,"0.0",rpm,enhanced_altitude,"14.399999999999977",m,enhanced_speed,"3.49",m/s,,,,,,,,,,,,,,,,,,,,,,,,,,,,,,,,,,,,,,,,,,,,,,,,,,,,,,,,,,,,,,,,,,,,,,,,,,,,,,,,,,,,,,,,,,,,,,,,,,,,,,,,,,,,,,,,,,,,,,,,,,,,,,,,,,,,,,,,,,,,,,,,,,,,,,,,,,,,,,,,,,,
Data,12,record,timestamp,"944869039",s,position_lat,"390232179",semicircles,position_long,"-1398000538",semicircles,distance,"36909.48",m,altitude,"14.200000000000045",m,speed,"3.35",m/s,unknown,"0",,unknown,"100",,heart_rate,"147",bpm,cadence,"0",rpm,fractional_cadence,"0.0",rpm,enhanced_altitude,"14.200000000000045",m,enhanced_speed,"3.35",m/s,,,,,,,,,,,,,,,,,,,,,,,,,,,,,,,,,,,,,,,,,,,,,,,,,,,,,,,,,,,,,,,,,,,,,,,,,,,,,,,,,,,,,,,,,,,,,,,,,,,,,,,,,,,,,,,,,,,,,,,,,,,,,,,,,,,,,,,,,,,,,,,,,,,,,,,,,,,,,,,,,,,
Data,12,record,timestamp,"944869041",s,position_lat,"390231506",semicircles,position_long,"-1398000241",semicircles,distance,"36916.15",m,altitude,"14.200000000000045",m,speed,"3.378",m/s,unknown,"0",,unknown,"100",,heart_rate,"147",bpm,cadence,"0",rpm,fractional_cadence,"0.0",rpm,enhanced_altitude,"14.200000000000045",m,enhanced_speed,"3.378",m/s,,,,,,,,,,,,,,,,,,,,,,,,,,,,,,,,,,,,,,,,,,,,,,,,,,,,,,,,,,,,,,,,,,,,,,,,,,,,,,,,,,,,,,,,,,,,,,,,,,,,,,,,,,,,,,,,,,,,,,,,,,,,,,,,,,,,,,,,,,,,,,,,,,,,,,,,,,,,,,,,,,,
Data,12,record,timestamp,"944869049",s,position_lat,"390228904",semicircles,position_long,"-1397998642",semicircles,distance,"36943.51",m,altitude,"14.200000000000045",m,speed,"3.135",m/s,unknown,"0",,unknown,"100",,heart_rate,"145",bpm,cadence,"0",rpm,fractional_cadence,"0.0",rpm,enhanced_altitude,"14.200000000000045",m,enhanced_speed,"3.135",m/s,,,,,,,,,,,,,,,,,,,,,,,,,,,,,,,,,,,,,,,,,,,,,,,,,,,,,,,,,,,,,,,,,,,,,,,,,,,,,,,,,,,,,,,,,,,,,,,,,,,,,,,,,,,,,,,,,,,,,,,,,,,,,,,,,,,,,,,,,,,,,,,,,,,,,,,,,,,,,,,,,,,
Data,12,record,timestamp,"944869055",s,position_lat,"390227557",semicircles,position_long,"-1397996946",semicircles,distance,"36961.95",m,altitude,"14.200000000000045",m,speed,"3.2",m/s,unknown,"0",,unknown,"100",,heart_rate,"144",bpm,cadence,"0",rpm,fractional_cadence,"0.0",rpm,enhanced_altitude,"14.200000000000045",m,enhanced_speed,"3.2",m/s,,,,,,,,,,,,,,,,,,,,,,,,,,,,,,,,,,,,,,,,,,,,,,,,,,,,,,,,,,,,,,,,,,,,,,,,,,,,,,,,,,,,,,,,,,,,,,,,,,,,,,,,,,,,,,,,,,,,,,,,,,,,,,,,,,,,,,,,,,,,,,,,,,,,,,,,,,,,,,,,,,,
Data,12,record,timestamp,"944869060",s,position_lat,"390226696",semicircles,position_long,"-1397995352",semicircles,distance,"36976.85",m,altitude,"14.200000000000045",m,speed,"2.594",m/s,unknown,"0",,unknown,"100",,heart_rate,"146",bpm,cadence,"50",rpm,fractional_cadence,"0.0",rpm,enhanced_altitude,"14.200000000000045",m,enhanced_speed,"2.594",m/s,,,,,,,,,,,,,,,,,,,,,,,,,,,,,,,,,,,,,,,,,,,,,,,,,,,,,,,,,,,,,,,,,,,,,,,,,,,,,,,,,,,,,,,,,,,,,,,,,,,,,,,,,,,,,,,,,,,,,,,,,,,,,,,,,,,,,,,,,,,,,,,,,,,,,,,,,,,,,,,,,,,
Data,12,record,timestamp,"944869067",s,position_lat,"390226242",semicircles,position_long,"-1397993297",semicircles,distance,"36993.62",m,altitude,"14.200000000000045",m,speed,"2.37",m/s,unknown,"0",,unknown,"100",,heart_rate,"148",bpm,cadence,"0",rpm,fractional_cadence,"0.0",rpm,enhanced_altitude,"14.200000000000045",m,enhanced_speed,"2.37",m/s,,,,,,,,,,,,,,,,,,,,,,,,,,,,,,,,,,,,,,,,,,,,,,,,,,,,,,,,,,,,,,,,,,,,,,,,,,,,,,,,,,,,,,,,,,,,,,,,,,,,,,,,,,,,,,,,,,,,,,,,,,,,,,,,,,,,,,,,,,,,,,,,,,,,,,,,,,,,,,,,,,,
Data,12,record,timestamp,"944869069",s,position_lat,"390226234",semicircles,position_long,"-1397992714",semicircles,distance,"36998.2",m,altitude,"14.399999999999977",m,speed,"2.109",m/s,unknown,"0",,unknown,"100",,heart_rate,"152",bpm,cadence,"0",rpm,fractional_cadence,"0.0",rpm,enhanced_altitude,"14.399999999999977",m,enhanced_speed,"2.109",m/s,,,,,,,,,,,,,,,,,,,,,,,,,,,,,,,,,,,,,,,,,,,,,,,,,,,,,,,,,,,,,,,,,,,,,,,,,,,,,,,,,,,,,,,,,,,,,,,,,,,,,,,,,,,,,,,,,,,,,,,,,,,,,,,,,,,,,,,,,,,,,,,,,,,,,,,,,,,,,,,,,,,
Data,12,record,timestamp,"944869070",s,position_lat,"390226251",semicircles,position_long,"-1397992443",semicircles,distance,"37000.35",m,altitude,"14.399999999999977",m,speed,"2.221",m/s,unknown,"0",,unknown,"100",,heart_rate,"156",bpm,cadence,"0",rpm,fractional_cadence,"0.0",rpm,enhanced_altitude,"14.399999999999977",m,enhanced_speed,"2.221",m/s,,,,,,,,,,,,,,,,,,,,,,,,,,,,,,,,,,,,,,,,,,,,,,,,,,,,,,,,,,,,,,,,,,,,,,,,,,,,,,,,,,,,,,,,,,,,,,,,,,,,,,,,,,,,,,,,,,,,,,,,,,,,,,,,,,,,,,,,,,,,,,,,,,,,,,,,,,,,,,,,,,,
Data,12,record,timestamp,"944869071",s,position_lat,"390226264",semicircles,position_long,"-1397992161",semicircles,distance,"37002.56",m,altitude,"14.399999999999977",m,speed,"2.305",m/s,unknown,"0",,unknown,"100",,heart_rate,"159",bpm,cadence,"0",rpm,fractional_cadence,"0.0",rpm,enhanced_altitude,"14.399999999999977",m,enhanced_speed,"2.305",m/s,,,,,,,,,,,,,,,,,,,,,,,,,,,,,,,,,,,,,,,,,,,,,,,,,,,,,,,,,,,,,,,,,,,,,,,,,,,,,,,,,,,,,,,,,,,,,,,,,,,,,,,,,,,,,,,,,,,,,,,,,,,,,,,,,,,,,,,,,,,,,,,,,,,,,,,,,,,,,,,,,,,
Data,12,record,timestamp,"944869072",s,position_lat,"390226302",semicircles,position_long,"-1397991881",semicircles,distance,"37004.78",m,altitude,"14.399999999999977",m,speed,"2.239",m/s,unknown,"0",,unknown,"100",,heart_rate,"163",bpm,cadence,"0",rpm,fractional_cadence,"0.0",rpm,enhanced_altitude,"14.399999999999977",m,enhanced_speed,"2.239",m/s,,,,,,,,,,,,,,,,,,,,,,,,,,,,,,,,,,,,,,,,,,,,,,,,,,,,,,,,,,,,,,,,,,,,,,,,,,,,,,,,,,,,,,,,,,,,,,,,,,,,,,,,,,,,,,,,,,,,,,,,,,,,,,,,,,,,,,,,,,,,,,,,,,,,,,,,,,,,,,,,,,,
Data,12,record,timestamp,"944869073",s,position_lat,"390226326",semicircles,position_long,"-1397991564",semicircles,distance,"37007.28",m,altitude,"14.399999999999977",m,speed,"2.594",m/s,unknown,"0",,unknown,"100",,heart_rate,"165",bpm,cadence,"0",rpm,fractional_cadence,"0.0",rpm,enhanced_altitude,"14.399999999999977",m,enhanced_speed,"2.594",m/s,,,,,,,,,,,,,,,,,,,,,,,,,,,,,,,,,,,,,,,,,,,,,,,,,,,,,,,,,,,,,,,,,,,,,,,,,,,,,,,,,,,,,,,,,,,,,,,,,,,,,,,,,,,,,,,,,,,,,,,,,,,,,,,,,,,,,,,,,,,,,,,,,,,,,,,,,,,,,,,,,,,
Data,12,record,timestamp,"944869075",s,position_lat,"390226386",semicircles,position_long,"-1397990986",semicircles,distance,"37011.86",m,altitude,"14.399999999999977",m,speed,"2.379",m/s,unknown,"0",,unknown,"100",,heart_rate,"169",bpm,cadence,"0",rpm,fractional_cadence,"0.0",rpm,enhanced_altitude,"14.399999999999977",m,enhanced_speed,"2.379",m/s,,,,,,,,,,,,,,,,,,,,,,,,,,,,,,,,,,,,,,,,,,,,,,,,,,,,,,,,,,,,,,,,,,,,,,,,,,,,,,,,,,,,,,,,,,,,,,,,,,,,,,,,,,,,,,,,,,,,,,,,,,,,,,,,,,,,,,,,,,,,,,,,,,,,,,,,,,,,,,,,,,,
Data,12,record,timestamp,"944869077",s,position_lat,"390226474",semicircles,position_long,"-1397990408",semicircles,distance,"37016.49",m,altitude,"14.200000000000045",m,speed,"2.435",m/s,unknown,"0",,unknown,"100",,heart_rate,"174",bpm,cadence,"0",rpm,fractional_cadence,"0.0",rpm,enhanced_altitude,"14.200000000000045",m,enhanced_speed,"2.435",m/s,,,,,,,,,,,,,,,,,,,,,,,,,,,,,,,,,,,,,,,,,,,,,,,,,,,,,,,,,,,,,,,,,,,,,,,,,,,,,,,,,,,,,,,,,,,,,,,,,,,,,,,,,,,,,,,,,,,,,,,,,,,,,,,,,,,,,,,,,,,,,,,,,,,,,,,,,,,,,,,,,,,
Data,12,record,timestamp,"944869079",s,position_lat,"390226630",semicircles,position_long,"-1397989901",semicircles,distance,"37020.72",m,altitude,"14.200000000000045",m,speed,"2.081",m/s,unknown,"0",,unknown,"100",,heart_rate,"177",bpm,cadence,"0",rpm,fractional_cadence,"0.0",rpm,enhanced_altitude,"14.200000000000045",m,enhanced_speed,"2.081",m/s,,,,,,,,,,,,,,,,,,,,,,,,,,,,,,,,,,,,,,,,,,,,,,,,,,,,,,,,,,,,,,,,,,,,,,,,,,,,,,,,,,,,,,,,,,,,,,,,,,,,,,,,,,,,,,,,,,,,,,,,,,,,,,,,,,,,,,,,,,,,,,,,,,,,,,,,,,,,,,,,,,,
Data,12,record,timestamp,"944869081",s,position_lat,"390226780",semicircles,position_long,"-1397989410",semicircles,distance,"37024.81",m,altitude,"14.0",m,speed,"2.183",m/s,unknown,"0",,unknown,"100",,heart_rate,"180",bpm,cadence,"0",rpm,fractional_cadence,"0.0",rpm,enhanced_altitude,"14.0",m,enhanced_speed,"2.183",m/s,,,,,,,,,,,,,,,,,,,,,,,,,,,,,,,,,,,,,,,,,,,,,,,,,,,,,,,,,,,,,,,,,,,,,,,,,,,,,,,,,,,,,,,,,,,,,,,,,,,,,,,,,,,,,,,,,,,,,,,,,,,,,,,,,,,,,,,,,,,,,,,,,,,,,,,,,,,,,,,,,,,
Data,12,record,timestamp,"944869085",s,position_lat,"390227167",semicircles,position_long,"-1397988382",semicircles,distance,"37033.65",m,altitude,"14.0",m,speed,"1.978",m/s,unknown,"0",,unknown,"100",,heart_rate,"183",bpm,cadence,"0",rpm,fractional_cadence,"0.0",rpm,enhanced_altitude,"14.0",m,enhanced_speed,"1.978",m/s,,,,,,,,,,,,,,,,,,,,,,,,,,,,,,,,,,,,,,,,,,,,,,,,,,,,,,,,,,,,,,,,,,,,,,,,,,,,,,,,,,,,,,,,,,,,,,,,,,,,,,,,,,,,,,,,,,,,,,,,,,,,,,,,,,,,,,,,,,,,,,,,,,,,,,,,,,,,,,,,,,,
Data,12,record,timestamp,"944869088",s,position_lat,"390227408",semicircles,position_long,"-1397987590",semicircles,distance,"37040.26",m,altitude,"14.0",m,speed,"2.239",m/s,unknown,"0",,unknown,"100",,heart_rate,"185",bpm,cadence,"0",rpm,fractional_cadence,"0.0",rpm,enhanced_altitude,"14.0",m,enhanced_speed,"2.239",m/s,,,,,,,,,,,,,,,,,,,,,,,,,,,,,,,,,,,,,,,,,,,,,,,,,,,,,,,,,,,,,,,,,,,,,,,,,,,,,,,,,,,,,,,,,,,,,,,,,,,,,,,,,,,,,,,,,,,,,,,,,,,,,,,,,,,,,,,,,,,,,,,,,,,,,,,,,,,,,,,,,,,
Data,12,record,timestamp,"944869094",s,position_lat,"390228096",semicircles,position_long,"-1397986058",semicircles,distance,"37053.95",m,altitude,"13.799999999999955",m,speed,"2.239",m/s,unknown,"0",,unknown,"100",,heart_rate,"186",bpm,cadence,"0",rpm,fractional_cadence,"0.0",rpm,enhanced_altitude,"13.799999999999955",m,enhanced_speed,"2.239",m/s,,,,,,,,,,,,,,,,,,,,,,,,,,,,,,,,,,,,,,,,,,,,,,,,,,,,,,,,,,,,,,,,,,,,,,,,,,,,,,,,,,,,,,,,,,,,,,,,,,,,,,,,,,,,,,,,,,,,,,,,,,,,,,,,,,,,,,,,,,,,,,,,,,,,,,,,,,,,,,,,,,,
Data,12,record,timestamp,"944869100",s,position_lat,"390228850",semicircles,position_long,"-1397984492",semicircles,distance,"37068.1",m,altitude,"14.0",m,speed,"2.342",m/s,unknown,"0",,unknown,"100",,heart_rate,"183",bpm,cadence,"0",rpm,fractional_cadence,"0.0",rpm,enhanced_altitude,"14.0",m,enhanced_speed,"2.342",m/s,,,,,,,,,,,,,,,,,,,,,,,,,,,,,,,,,,,,,,,,,,,,,,,,,,,,,,,,,,,,,,,,,,,,,,,,,,,,,,,,,,,,,,,,,,,,,,,,,,,,,,,,,,,,,,,,,,,,,,,,,,,,,,,,,,,,,,,,,,,,,,,,,,,,,,,,,,,,,,,,,,,
Data,12,record,timestamp,"944869102",s,position_lat,"390229139",semicircles,position_long,"-1397983917",semicircles,distance,"37073.36",m,altitude,"13.799999999999955",m,speed,"2.641",m/s,unknown,"0",,unknown,"100",,heart_rate,"183",bpm,cadence,"0",rpm,fractional_cadence,"0.0",rpm,enhanced_altitude,"13.799999999999955",m,enhanced_speed,"2.641",m/s,,,,,,,,,,,,,,,,,,,,,,,,,,,,,,,,,,,,,,,,,,,,,,,,,,,,,,,,,,,,,,,,,,,,,,,,,,,,,,,,,,,,,,,,,,,,,,,,,,,,,,,,,,,,,,,,,,,,,,,,,,,,,,,,,,,,,,,,,,,,,,,,,,,,,,,,,,,,,,,,,,,
Data,12,record,timestamp,"944869107",s,position_lat,"390229960",semicircles,position_long,"-1397982682",semicircles,distance,"37085.74",m,altitude,"13.600000000000023",m,speed,"2.249",m/s,unknown,"0",,unknown,"100",,heart_rate,"180",bpm,cadence,"0",rpm,fractional_cadence,"0.0",rpm,enhanced_altitude,"13.600000000000023",m,enhanced_speed,"2.249",m/s,,,,,,,,,,,,,,,,,,,,,,,,,,,,,,,,,,,,,,,,,,,,,,,,,,,,,,,,,,,,,,,,,,,,,,,,,,,,,,,,,,,,,,,,,,,,,,,,,,,,,,,,,,,,,,,,,,,,,,,,,,,,,,,,,,,,,,,,,,,,,,,,,,,,,,,,,,,,,,,,,,,
Data,12,record,timestamp,"944869110",s,position_lat,"390230528",semicircles,position_long,"-1397982087",semicircles,distance,"37092.77",m,altitude,"13.600000000000023",m,speed,"2.697",m/s,unknown,"0",,unknown,"100",,heart_rate,"180",bpm,cadence,"0",rpm,fractional_cadence,"0.0",rpm,enhanced_altitude,"13.600000000000023",m,enhanced_speed,"2.697",m/s,,,,,,,,,,,,,,,,,,,,,,,,,,,,,,,,,,,,,,,,,,,,,,,,,,,,,,,,,,,,,,,,,,,,,,,,,,,,,,,,,,,,,,,,,,,,,,,,,,,,,,,,,,,,,,,,,,,,,,,,,,,,,,,,,,,,,,,,,,,,,,,,,,,,,,,,,,,,,,,,,,,
Data,12,record,timestamp,"944869115",s,position_lat,"390231593",semicircles,position_long,"-1397981136",semicircles,distance,"37105.16",m,altitude,"13.600000000000023",m,speed,"2.211",m/s,unknown,"0",,unknown,"100",,heart_rate,"177",bpm,cadence,"0",rpm,fractional_cadence,"0.0",rpm,enhanced_altitude,"13.600000000000023",m,enhanced_speed,"2.211",m/s,,,,,,,,,,,,,,,,,,,,,,,,,,,,,,,,,,,,,,,,,,,,,,,,,,,,,,,,,,,,,,,,,,,,,,,,,,,,,,,,,,,,,,,,,,,,,,,,,,,,,,,,,,,,,,,,,,,,,,,,,,,,,,,,,,,,,,,,,,,,,,,,,,,,,,,,,,,,,,,,,,,
Data,12,record,timestamp,"944869118",s,position_lat,"390232171",semicircles,position_long,"-1397980710",semicircles,distance,"37111.49",m,altitude,"13.600000000000023",m,speed,"2.37",m/s,unknown,"0",,unknown,"100",,heart_rate,"177",bpm,cadence,"0",rpm,fractional_cadence,"0.0",rpm,enhanced_altitude,"13.600000000000023",m,enhanced_speed,"2.37",m/s,,,,,,,,,,,,,,,,,,,,,,,,,,,,,,,,,,,,,,,,,,,,,,,,,,,,,,,,,,,,,,,,,,,,,,,,,,,,,,,,,,,,,,,,,,,,,,,,,,,,,,,,,,,,,,,,,,,,,,,,,,,,,,,,,,,,,,,,,,,,,,,,,,,,,,,,,,,,,,,,,,,
Data,12,record,timestamp,"944869124",s,position_lat,"390233737",semicircles,position_long,"-1397980166",semicircles,distance,"37126.67",m,altitude,"13.399999999999977",m,speed,"2.333",m/s,unknown,"0",,unknown,"100",,heart_rate,"174",bpm,cadence,"0",rpm,fractional_cadence,"0.0",rpm,enhanced_altitude,"13.399999999999977",m,enhanced_speed,"2.333",m/s,,,,,,,,,,,,,,,,,,,,,,,,,,,,,,,,,,,,,,,,,,,,,,,,,,,,,,,,,,,,,,,,,,,,,,,,,,,,,,,,,,,,,,,,,,,,,,,,,,,,,,,,,,,,,,,,,,,,,,,,,,,,,,,,,,,,,,,,,,,,,,,,,,,,,,,,,,,,,,,,,,,
Data,12,record,timestamp,"944869125",s,position_lat,"390233976",semicircles,position_long,"-1397980119",semicircles,distance,"37128.92",m,altitude,"13.399999999999977",m,speed,"2.323",m/s,unknown,"0",,unknown,"100",,heart_rate,"175",bpm,cadence,"0",rpm,fractional_cadence,"0.0",rpm,enhanced_altitude,"13.399999999999977",m,enhanced_speed,"2.323",m/s,,,,,,,,,,,,,,,,,,,,,,,,,,,,,,,,,,,,,,,,,,,,,,,,,,,,,,,,,,,,,,,,,,,,,,,,,,,,,,,,,,,,,,,,,,,,,,,,,,,,,,,,,,,,,,,,,,,,,,,,,,,,,,,,,,,,,,,,,,,,,,,,,,,,,,,,,,,,,,,,,,,
Data,12,record,timestamp,"944869129",s,position_lat,"390235025",semicircles,position_long,"-1397980086",semicircles,distance,"37138.69",m,altitude,"13.600000000000023",m,speed,"2.426",m/s,unknown,"0",,unknown,"100",,heart_rate,"172",bpm,cadence,"0",rpm,fractional_cadence,"0.0",rpm,enhanced_altitude,"13.600000000000023",m,enhanced_speed,"2.426",m/s,,,,,,,,,,,,,,,,,,,,,,,,,,,,,,,,,,,,,,,,,,,,,,,,,,,,,,,,,,,,,,,,,,,,,,,,,,,,,,,,,,,,,,,,,,,,,,,,,,,,,,,,,,,,,,,,,,,,,,,,,,,,,,,,,,,,,,,,,,,,,,,,,,,,,,,,,,,,,,,,,,,
Data,12,record,timestamp,"944869131",s,position_lat,"390235537",semicircles,position_long,"-1397980203",semicircles,distance,"37143.54",m,altitude,"13.600000000000023",m,speed,"2.137",m/s,unknown,"0",,unknown,"100",,heart_rate,"172",bpm,cadence,"0",rpm,fractional_cadence,"0.0",rpm,enhanced_altitude,"13.600000000000023",m,enhanced_speed,"2.137",m/s,,,,,,,,,,,,,,,,,,,,,,,,,,,,,,,,,,,,,,,,,,,,,,,,,,,,,,,,,,,,,,,,,,,,,,,,,,,,,,,,,,,,,,,,,,,,,,,,,,,,,,,,,,,,,,,,,,,,,,,,,,,,,,,,,,,,,,,,,,,,,,,,,,,,,,,,,,,,,,,,,,,
Data,12,record,timestamp,"944869138",s,position_lat,"390237281",semicircles,position_long,"-1397980540",semicircles,distance,"37159.98",m,altitude,"14.0",m,speed,"2.529",m/s,unknown,"0",,unknown,"100",,heart_rate,"169",bpm,cadence,"0",rpm,fractional_cadence,"0.0",rpm,enhanced_altitude,"14.0",m,enhanced_speed,"2.529",m/s,,,,,,,,,,,,,,,,,,,,,,,,,,,,,,,,,,,,,,,,,,,,,,,,,,,,,,,,,,,,,,,,,,,,,,,,,,,,,,,,,,,,,,,,,,,,,,,,,,,,,,,,,,,,,,,,,,,,,,,,,,,,,,,,,,,,,,,,,,,,,,,,,,,,,,,,,,,,,,,,,,,
Data,12,record,timestamp,"944869139",s,position_lat,"390237563",semicircles,position_long,"-1397980594",semicircles,distance,"37162.63",m,altitude,"14.0",m,speed,"2.529",m/s,unknown,"0",,unknown,"100",,heart_rate,"168",bpm,cadence,"0",rpm,fractional_cadence,"0.0",rpm,enhanced_altitude,"14.0",m,enhanced_speed,"2.529",m/s,,,,,,,,,,,,,,,,,,,,,,,,,,,,,,,,,,,,,,,,,,,,,,,,,,,,,,,,,,,,,,,,,,,,,,,,,,,,,,,,,,,,,,,,,,,,,,,,,,,,,,,,,,,,,,,,,,,,,,,,,,,,,,,,,,,,,,,,,,,,,,,,,,,,,,,,,,,,,,,,,,,
Data,12,record,timestamp,"944869147",s,position_lat,"390239375",semicircles,position_long,"-1397981157",semicircles,distance,"37180.04",m,altitude,"14.799999999999955",m,speed,"2.389",m/s,unknown,"0",,unknown,"100",,heart_rate,"168",bpm,cadence,"0",rpm,fractional_cadence,"0.0",rpm,enhanced_altitude,"14.799999999999955",m,enhanced_speed,"2.389",m/s,,,,,,,,,,,,,,,,,,,,,,,,,,,,,,,,,,,,,,,,,,,,,,,,,,,,,,,,,,,,,,,,,,,,,,,,,,,,,,,,,,,,,,,,,,,,,,,,,,,,,,,,,,,,,,,,,,,,,,,,,,,,,,,,,,,,,,,,,,,,,,,,,,,,,,,,,,,,,,,,,,,
Data,12,record,timestamp,"944869154",s,position_lat,"390241227",semicircles,position_long,"-1397981819",semicircles,distance,"37198.02",m,altitude,"14.799999999999955",m,speed,"2.659",m/s,unknown,"0",,unknown,"100",,heart_rate,"165",bpm,cadence,"0",rpm,fractional_cadence,"0.0",rpm,enhanced_altitude,"14.799999999999955",m,enhanced_speed,"2.659",m/s,,,,,,,,,,,,,,,,,,,,,,,,,,,,,,,,,,,,,,,,,,,,,,,,,,,,,,,,,,,,,,,,,,,,,,,,,,,,,,,,,,,,,,,,,,,,,,,,,,,,,,,,,,,,,,,,,,,,,,,,,,,,,,,,,,,,,,,,,,,,,,,,,,,,,,,,,,,,,,,,,,,
Data,12,record,timestamp,"944869155",s,position_lat,"390241484",semicircles,position_long,"-1397981944",semicircles,distance,"37200.6",m,altitude,"14.799999999999955",m,speed,"2.678",m/s,unknown,"0",,unknown,"100",,heart_rate,"165",bpm,cadence,"0",rpm,fractional_cadence,"0.0",rpm,enhanced_altitude,"14.799999999999955",m,enhanced_speed,"2.678",m/s,,,,,,,,,,,,,,,,,,,,,,,,,,,,,,,,,,,,,,,,,,,,,,,,,,,,,,,,,,,,,,,,,,,,,,,,,,,,,,,,,,,,,,,,,,,,,,,,,,,,,,,,,,,,,,,,,,,,,,,,,,,,,,,,,,,,,,,,,,,,,,,,,,,,,,,,,,,,,,,,,,,
Data,12,record,timestamp,"944869164",s,position_lat,"390243966",semicircles,position_long,"-1397983342",semicircles,distance,"37226.16",m,altitude,"15.200000000000045",m,speed,"2.211",m/s,unknown,"0",,unknown,"100",,heart_rate,"163",bpm,cadence,"0",rpm,fractional_cadence,"0.0",rpm,enhanced_altitude,"15.200000000000045",m,enhanced_speed,"2.211",m/s,,,,,,,,,,,,,,,,,,,,,,,,,,,,,,,,,,,,,,,,,,,,,,,,,,,,,,,,,,,,,,,,,,,,,,,,,,,,,,,,,,,,,,,,,,,,,,,,,,,,,,,,,,,,,,,,,,,,,,,,,,,,,,,,,,,,,,,,,,,,,,,,,,,,,,,,,,,,,,,,,,,
Data,12,record,timestamp,"944869169",s,position_lat,"390245183",semicircles,position_long,"-1397984040",semicircles,distance,"37238.75",m,altitude,"15.200000000000045",m,speed,"2.473",m/s,unknown,"0",,unknown,"100",,heart_rate,"160",bpm,cadence,"0",rpm,fractional_cadence,"0.0",rpm,enhanced_altitude,"15.200000000000045",m,enhanced_speed,"2.473",m/s,,,,,,,,,,,,,,,,,,,,,,,,,,,,,,,,,,,,,,,,,,,,,,,,,,,,,,,,,,,,,,,,,,,,,,,,,,,,,,,,,,,,,,,,,,,,,,,,,,,,,,,,,,,,,,,,,,,,,,,,,,,,,,,,,,,,,,,,,,,,,,,,,,,,,,,,,,,,,,,,,,,
Data,12,record,timestamp,"944869170",s,position_lat,"390245434",semicircles,position_long,"-1397984141",semicircles,distance,"37241.22",m,altitude,"15.200000000000045",m,speed,"2.538",m/s,unknown,"0",,unknown,"100",,heart_rate,"158",bpm,cadence,"0",rpm,fractional_cadence,"0.0",rpm,enhanced_altitude,"15.200000000000045",m,enhanced_speed,"2.538",m/s,,,,,,,,,,,,,,,,,,,,,,,,,,,,,,,,,,,,,,,,,,,,,,,,,,,,,,,,,,,,,,,,,,,,,,,,,,,,,,,,,,,,,,,,,,,,,,,,,,,,,,,,,,,,,,,,,,,,,,,,,,,,,,,,,,,,,,,,,,,,,,,,,,,,,,,,,,,,,,,,,,,
Data,12,record,timestamp,"944869177",s,position_lat,"390247411",semicircles,position_long,"-1397984914",semicircles,distance,"37260.65",m,altitude,"15.200000000000045",m,speed,"2.771",m/s,unknown,"0",,unknown,"100",,heart_rate,"158",bpm,cadence,"0",rpm,fractional_cadence,"0.0",rpm,enhanced_altitude,"15.200000000000045",m,enhanced_speed,"2.771",m/s,,,,,,,,,,,,,,,,,,,,,,,,,,,,,,,,,,,,,,,,,,,,,,,,,,,,,,,,,,,,,,,,,,,,,,,,,,,,,,,,,,,,,,,,,,,,,,,,,,,,,,,,,,,,,,,,,,,,,,,,,,,,,,,,,,,,,,,,,,,,,,,,,,,,,,,,,,,,,,,,,,,
Data,12,record,timestamp,"944869184",s,position_lat,"390249243",semicircles,position_long,"-1397986030",semicircles,distance,"37279.81",m,altitude,"15.0",m,speed,"2.762",m/s,unknown,"0",,unknown,"100",,heart_rate,"157",bpm,cadence,"0",rpm,fractional_cadence,"0.0",rpm,enhanced_altitude,"15.0",m,enhanced_speed,"2.762",m/s,,,,,,,,,,,,,,,,,,,,,,,,,,,,,,,,,,,,,,,,,,,,,,,,,,,,,,,,,,,,,,,,,,,,,,,,,,,,,,,,,,,,,,,,,,,,,,,,,,,,,,,,,,,,,,,,,,,,,,,,,,,,,,,,,,,,,,,,,,,,,,,,,,,,,,,,,,,,,,,,,,,
Data,12,record,timestamp,"944869191",s,position_lat,"390251221",semicircles,position_long,"-1397987051",semicircles,distance,"37299.88",m,altitude,"15.200000000000045",m,speed,"2.837",m/s,unknown,"0",,unknown,"100",,heart_rate,"155",bpm,cadence,"0",rpm,fractional_cadence,"0.0",rpm,enhanced_altitude,"15.200000000000045",m,enhanced_speed,"2.837",m/s,,,,,,,,,,,,,,,,,,,,,,,,,,,,,,,,,,,,,,,,,,,,,,,,,,,,,,,,,,,,,,,,,,,,,,,,,,,,,,,,,,,,,,,,,,,,,,,,,,,,,,,,,,,,,,,,,,,,,,,,,,,,,,,,,,,,,,,,,,,,,,,,,,,,,,,,,,,,,,,,,,,
Data,12,record,timestamp,"944869196",s,position_lat,"390252528",semicircles,position_long,"-1397987876",semicircles,distance,"37313.67",m,altitude,"16.0",m,speed,"2.706",m/s,unknown,"0",,unknown,"100",,heart_rate,"152",bpm,cadence,"0",rpm,fractional_cadence,"0.0",rpm,enhanced_altitude,"16.0",m,enhanced_speed,"2.706",m/s,,,,,,,,,,,,,,,,,,,,,,,,,,,,,,,,,,,,,,,,,,,,,,,,,,,,,,,,,,,,,,,,,,,,,,,,,,,,,,,,,,,,,,,,,,,,,,,,,,,,,,,,,,,,,,,,,,,,,,,,,,,,,,,,,,,,,,,,,,,,,,,,,,,,,,,,,,,,,,,,,,,
Data,12,record,timestamp,"944869198",s,position_lat,"390253080",semicircles,position_long,"-1397988180",semicircles,distance,"37319.32",m,altitude,"16.200000000000045",m,speed,"2.809",m/s,unknown,"0",,unknown,"100",,heart_rate,"153",bpm,cadence,"0",rpm,fractional_cadence,"0.0",rpm,enhanced_altitude,"16.200000000000045",m,enhanced_speed,"2.809",m/s,,,,,,,,,,,,,,,,,,,,,,,,,,,,,,,,,,,,,,,,,,,,,,,,,,,,,,,,,,,,,,,,,,,,,,,,,,,,,,,,,,,,,,,,,,,,,,,,,,,,,,,,,,,,,,,,,,,,,,,,,,,,,,,,,,,,,,,,,,,,,,,,,,,,,,,,,,,,,,,,,,,
Data,12,record,timestamp,"944869201",s,position_lat,"390253914",semicircles,position_long,"-1397988685",semicircles,distance,"37328.03",m,altitude,"16.399999999999977",m,speed,"2.986",m/s,unknown,"0",,unknown,"100",,heart_rate,"152",bpm,cadence,"0",rpm,fractional_cadence,"0.0",rpm,enhanced_altitude,"16.399999999999977",m,enhanced_speed,"2.986",m/s,,,,,,,,,,,,,,,,,,,,,,,,,,,,,,,,,,,,,,,,,,,,,,,,,,,,,,,,,,,,,,,,,,,,,,,,,,,,,,,,,,,,,,,,,,,,,,,,,,,,,,,,,,,,,,,,,,,,,,,,,,,,,,,,,,,,,,,,,,,,,,,,,,,,,,,,,,,,,,,,,,,
Data,12,record,timestamp,"944869206",s,position_lat,"390255272",semicircles,position_long,"-1397989460",semicircles,distance,"37342.04",m,altitude,"16.399999999999977",m,speed,"3.004",m/s,unknown,"0",,unknown,"100",,heart_rate,"149",bpm,cadence,"0",rpm,fractional_cadence,"0.0",rpm,enhanced_altitude,"16.399999999999977",m,enhanced_speed,"3.004",m/s,,,,,,,,,,,,,,,,,,,,,,,,,,,,,,,,,,,,,,,,,,,,,,,,,,,,,,,,,,,,,,,,,,,,,,,,,,,,,,,,,,,,,,,,,,,,,,,,,,,,,,,,,,,,,,,,,,,,,,,,,,,,,,,,,,,,,,,,,,,,,,,,,,,,,,,,,,,,,,,,,,,
Data,12,record,timestamp,"944869209",s,position_lat,"390256070",semicircles,position_long,"-1397989973",semicircles,distance,"37350.47",m,altitude,"16.200000000000045",m,speed,"2.781",m/s,unknown,"0",,unknown,"100",,heart_rate,"149",bpm,cadence,"45",rpm,fractional_cadence,"0.0",rpm,enhanced_altitude,"16.200000000000045",m,enhanced_speed,"2.781",m/s,,,,,,,,,,,,,,,,,,,,,,,,,,,,,,,,,,,,,,,,,,,,,,,,,,,,,,,,,,,,,,,,,,,,,,,,,,,,,,,,,,,,,,,,,,,,,,,,,,,,,,,,,,,,,,,,,,,,,,,,,,,,,,,,,,,,,,,,,,,,,,,,,,,,,,,,,,,,,,,,,,,
Data,12,record,timestamp,"944869215",s,position_lat,"390257543",semicircles,position_long,"-1397990779",semicircles,distance,"37365.56",m,altitude,"15.200000000000045",m,speed,"2.65",m/s,unknown,"0",,unknown,"100",,heart_rate,"149",bpm,cadence,"0",rpm,fractional_cadence,"0.0",rpm,enhanced_altitude,"15.200000000000045",m,enhanced_speed,"2.65",m/s,,,,,,,,,,,,,,,,,,,,,,,,,,,,,,,,,,,,,,,,,,,,,,,,,,,,,,,,,,,,,,,,,,,,,,,,,,,,,,,,,,,,,,,,,,,,,,,,,,,,,,,,,,,,,,,,,,,,,,,,,,,,,,,,,,,,,,,,,,,,,,,,,,,,,,,,,,,,,,,,,,,
Data,12,record,timestamp,"944869216",s,position_lat,"390257840",semicircles,position_long,"-1397990919",semicircles,distance,"37368.53",m,altitude,"15.0",m,speed,"3.135",m/s,unknown,"0",,unknown,"300",,heart_rate,"148",bpm,cadence,"0",rpm,fractional_cadence,"0.0",rpm,enhanced_altitude,"15.0",m,enhanced_speed,"3.135",m/s,,,,,,,,,,,,,,,,,,,,,,,,,,,,,,,,,,,,,,,,,,,,,,,,,,,,,,,,,,,,,,,,,,,,,,,,,,,,,,,,,,,,,,,,,,,,,,,,,,,,,,,,,,,,,,,,,,,,,,,,,,,,,,,,,,,,,,,,,,,,,,,,,,,,,,,,,,,,,,,,,,,
Data,12,record,timestamp,"944869223",s,position_lat,"390259912",semicircles,position_long,"-1397992012",semicircles,distance,"37389.61",m,altitude,"14.399999999999977",m,speed,"3.06",m/s,unknown,"0",,unknown,"300",,heart_rate,"148",bpm,cadence,"0",rpm,fractional_cadence,"0.0",rpm,enhanced_altitude,"14.399999999999977",m,enhanced_speed,"3.06",m/s,,,,,,,,,,,,,,,,,,,,,,,,,,,,,,,,,,,,,,,,,,,,,,,,,,,,,,,,,,,,,,,,,,,,,,,,,,,,,,,,,,,,,,,,,,,,,,,,,,,,,,,,,,,,,,,,,,,,,,,,,,,,,,,,,,,,,,,,,,,,,,,,,,,,,,,,,,,,,,,,,,,
Data,12,record,timestamp,"944869230",s,position_lat,"390261844",semicircles,position_long,"-1397993007",semicircles,distance,"37409.28",m,altitude,"14.399999999999977",m,speed,"3.004",m/s,unknown,"0",,unknown,"300",,heart_rate,"146",bpm,cadence,"0",rpm,fractional_cadence,"0.0",rpm,enhanced_altitude,"14.399999999999977",m,enhanced_speed,"3.004",m/s,,,,,,,,,,,,,,,,,,,,,,,,,,,,,,,,,,,,,,,,,,,,,,,,,,,,,,,,,,,,,,,,,,,,,,,,,,,,,,,,,,,,,,,,,,,,,,,,,,,,,,,,,,,,,,,,,,,,,,,,,,,,,,,,,,,,,,,,,,,,,,,,,,,,,,,,,,,,,,,,,,,
Data,12,record,timestamp,"944869238",s,position_lat,"390264399",semicircles,position_long,"-1397994372",semicircles,distance,"37435.33",m,altitude,"15.0",m,speed,"3.2",m/s,unknown,"0",,unknown,"100",,heart_rate,"145",bpm,cadence,"0",rpm,fractional_cadence,"0.0",rpm,enhanced_altitude,"15.0",m,enhanced_speed,"3.2",m/s,,,,,,,,,,,,,,,,,,,,,,,,,,,,,,,,,,,,,,,,,,,,,,,,,,,,,,,,,,,,,,,,,,,,,,,,,,,,,,,,,,,,,,,,,,,,,,,,,,,,,,,,,,,,,,,,,,,,,,,,,,,,,,,,,,,,,,,,,,,,,,,,,,,,,,,,,,,,,,,,,,,
Data,12,record,timestamp,"944869248",s,position_lat,"390267507",semicircles,position_long,"-1397995737",semicircles,distance,"37466.14",m,altitude,"15.200000000000045",m,speed,"2.893",m/s,unknown,"0",,unknown,"300",,heart_rate,"142",bpm,cadence,"0",rpm,fractional_cadence,"0.0",rpm,enhanced_altitude,"15.200000000000045",m,enhanced_speed,"2.893",m/s,,,,,,,,,,,,,,,,,,,,,,,,,,,,,,,,,,,,,,,,,,,,,,,,,,,,,,,,,,,,,,,,,,,,,,,,,,,,,,,,,,,,,,,,,,,,,,,,,,,,,,,,,,,,,,,,,,,,,,,,,,,,,,,,,,,,,,,,,,,,,,,,,,,,,,,,,,,,,,,,,,,
Data,12,record,timestamp,"944869249",s,position_lat,"390267815",semicircles,position_long,"-1397995887",semicircles,distance,"37469.24",m,altitude,"15.200000000000045",m,speed,"2.958",m/s,unknown,"0",,unknown,"300",,heart_rate,"142",bpm,cadence,"0",rpm,fractional_cadence,"0.0",rpm,enhanced_altitude,"15.200000000000045",m,enhanced_speed,"2.958",m/s,,,,,,,,,,,,,,,,,,,,,,,,,,,,,,,,,,,,,,,,,,,,,,,,,,,,,,,,,,,,,,,,,,,,,,,,,,,,,,,,,,,,,,,,,,,,,,,,,,,,,,,,,,,,,,,,,,,,,,,,,,,,,,,,,,,,,,,,,,,,,,,,,,,,,,,,,,,,,,,,,,,
Data,12,record,timestamp,"944869255",s,position_lat,"390269643",semicircles,position_long,"-1397996840",semicircles,distance,"37487.81",m,altitude,"15.200000000000045",m,speed,"2.986",m/s,unknown,"0",,unknown,"300",,heart_rate,"139",bpm,cadence,"0",rpm,fractional_cadence,"0.0",rpm,enhanced_altitude,"15.200000000000045",m,enhanced_speed,"2.986",m/s,,,,,,,,,,,,,,,,,,,,,,,,,,,,,,,,,,,,,,,,,,,,,,,,,,,,,,,,,,,,,,,,,,,,,,,,,,,,,,,,,,,,,,,,,,,,,,,,,,,,,,,,,,,,,,,,,,,,,,,,,,,,,,,,,,,,,,,,,,,,,,,,,,,,,,,,,,,,,,,,,,,
Data,12,record,timestamp,"944869259",s,position_lat,"390270830",semicircles,position_long,"-1397997352",semicircles,distance,"37499.57",m,altitude,"15.200000000000045",m,speed,"2.799",m/s,unknown,"0",,unknown,"300",,heart_rate,"136",bpm,cadence,"0",rpm,fractional_cadence,"0.0",rpm,enhanced_altitude,"15.200000000000045",m,enhanced_speed,"2.799",m/s,,,,,,,,,,,,,,,,,,,,,,,,,,,,,,,,,,,,,,,,,,,,,,,,,,,,,,,,,,,,,,,,,,,,,,,,,,,,,,,,,,,,,,,,,,,,,,,,,,,,,,,,,,,,,,,,,,,,,,,,,,,,,,,,,,,,,,,,,,,,,,,,,,,,,,,,,,,,,,,,,,,
Data,12,record,timestamp,"944869269",s,position_lat,"390273718",semicircles,position_long,"-1397998938",semicircles,distance,"37529.17",m,altitude,"15.200000000000045",m,speed,"2.837",m/s,unknown,"0",,unknown,"300",,heart_rate,"133",bpm,cadence,"0",rpm,fractional_cadence,"0.0",rpm,enhanced_altitude,"15.200000000000045",m,enhanced_speed,"2.837",m/s,,,,,,,,,,,,,,,,,,,,,,,,,,,,,,,,,,,,,,,,,,,,,,,,,,,,,,,,,,,,,,,,,,,,,,,,,,,,,,,,,,,,,,,,,,,,,,,,,,,,,,,,,,,,,,,,,,,,,,,,,,,,,,,,,,,,,,,,,,,,,,,,,,,,,,,,,,,,,,,,,,,
Data,12,record,timestamp,"944869271",s,position_lat,"390274287",semicircles,position_long,"-1397999271",semicircles,distance,"37535.07",m,altitude,"15.0",m,speed,"2.846",m/s,unknown,"0",,unknown,"300",,heart_rate,"132",bpm,cadence,"0",rpm,fractional_cadence,"0.0",rpm,enhanced_altitude,"15.0",m,enhanced_speed,"2.846",m/s,,,,,,,,,,,,,,,,,,,,,,,,,,,,,,,,,,,,,,,,,,,,,,,,,,,,,,,,,,,,,,,,,,,,,,,,,,,,,,,,,,,,,,,,,,,,,,,,,,,,,,,,,,,,,,,,,,,,,,,,,,,,,,,,,,,,,,,,,,,,,,,,,,,,,,,,,,,,,,,,,,,
Data,12,record,timestamp,"944869280",s,position_lat,"390276594",semicircles,position_long,"-1398000694",semicircles,distance,"37559.34",m,altitude,"15.0",m,speed,"2.407",m/s,unknown,"0",,unknown,"100",,heart_rate,"129",bpm,cadence,"0",rpm,fractional_cadence,"0.0",rpm,enhanced_altitude,"15.0",m,enhanced_speed,"2.407",m/s,,,,,,,,,,,,,,,,,,,,,,,,,,,,,,,,,,,,,,,,,,,,,,,,,,,,,,,,,,,,,,,,,,,,,,,,,,,,,,,,,,,,,,,,,,,,,,,,,,,,,,,,,,,,,,,,,,,,,,,,,,,,,,,,,,,,,,,,,,,,,,,,,,,,,,,,,,,,,,,,,,,
Data,12,record,timestamp,"944869285",s,position_lat,"390276473",semicircles,position_long,"-1398001933",semicircles,distance,"37569.6",m,altitude,"15.0",m,speed,"1.978",m/s,unknown,"0",,unknown,"100",,heart_rate,"130",bpm,cadence,"0",rpm,fractional_cadence,"0.0",rpm,enhanced_altitude,"15.0",m,enhanced_speed,"1.978",m/s,,,,,,,,,,,,,,,,,,,,,,,,,,,,,,,,,,,,,,,,,,,,,,,,,,,,,,,,,,,,,,,,,,,,,,,,,,,,,,,,,,,,,,,,,,,,,,,,,,,,,,,,,,,,,,,,,,,,,,,,,,,,,,,,,,,,,,,,,,,,,,,,,,,,,,,,,,,,,,,,,,,
Data,12,record,timestamp,"944869290",s,position_lat,"390275325",semicircles,position_long,"-1398002706",semicircles,distance,"37582.09",m,altitude,"15.0",m,speed,"2.389",m/s,unknown,"0",,unknown,"100",,heart_rate,"130",bpm,cadence,"0",rpm,fractional_cadence,"0.0",rpm,enhanced_altitude,"15.0",m,enhanced_speed,"2.389",m/s,,,,,,,,,,,,,,,,,,,,,,,,,,,,,,,,,,,,,,,,,,,,,,,,,,,,,,,,,,,,,,,,,,,,,,,,,,,,,,,,,,,,,,,,,,,,,,,,,,,,,,,,,,,,,,,,,,,,,,,,,,,,,,,,,,,,,,,,,,,,,,,,,,,,,,,,,,,,,,,,,,,
Data,12,record,timestamp,"944869297",s,position_lat,"390273480",semicircles,position_long,"-1398002751",semicircles,distance,"37599.34",m,altitude,"15.0",m,speed,"2.314",m/s,unknown,"0",,unknown,"100",,heart_rate,"127",bpm,cadence,"0",rpm,fractional_cadence,"0.0",rpm,enhanced_altitude,"15.0",m,enhanced_speed,"2.314",m/s,,,,,,,,,,,,,,,,,,,,,,,,,,,,,,,,,,,,,,,,,,,,,,,,,,,,,,,,,,,,,,,,,,,,,,,,,,,,,,,,,,,,,,,,,,,,,,,,,,,,,,,,,,,,,,,,,,,,,,,,,,,,,,,,,,,,,,,,,,,,,,,,,,,,,,,,,,,,,,,,,,,
Data,12,record,timestamp,"944869303",s,position_lat,"390271805",semicircles,position_long,"-1398002448",semicircles,distance,"37615.1",m,altitude,"15.0",m,speed,"2.323",m/s,unknown,"0",,unknown,"100",,heart_rate,"130",bpm,cadence,"0",rpm,fractional_cadence,"0.0",rpm,enhanced_altitude,"15.0",m,enhanced_speed,"2.323",m/s,,,,,,,,,,,,,,,,,,,,,,,,,,,,,,,,,,,,,,,,,,,,,,,,,,,,,,,,,,,,,,,,,,,,,,,,,,,,,,,,,,,,,,,,,,,,,,,,,,,,,,,,,,,,,,,,,,,,,,,,,,,,,,,,,,,,,,,,,,,,,,,,,,,,,,,,,,,,,,,,,,,
Data,12,record,timestamp,"944869304",s,position_lat,"390271573",semicircles,position_long,"-1398002395",semicircles,distance,"37617.29",m,altitude,"15.0",m,speed,"2.165",m/s,unknown,"0",,unknown,"100",,heart_rate,"128",bpm,cadence,"0",rpm,fractional_cadence,"0.0",rpm,enhanced_altitude,"15.0",m,enhanced_speed,"2.165",m/s,,,,,,,,,,,,,,,,,,,,,,,,,,,,,,,,,,,,,,,,,,,,,,,,,,,,,,,,,,,,,,,,,,,,,,,,,,,,,,,,,,,,,,,,,,,,,,,,,,,,,,,,,,,,,,,,,,,,,,,,,,,,,,,,,,,,,,,,,,,,,,,,,,,,,,,,,,,,,,,,,,,
Data,12,record,timestamp,"944869310",s,position_lat,"390270233",semicircles,position_long,"-1398002057",semicircles,distance,"37630.05",m,altitude,"14.799999999999955",m,speed,"2.547",m/s,unknown,"0",,unknown,"100",,heart_rate,"129",bpm,cadence,"44",rpm,fractional_cadence,"0.5",rpm,enhanced_altitude,"14.799999999999955",m,enhanced_speed,"2.547",m/s,,,,,,,,,,,,,,,,,,,,,,,,,,,,,,,,,,,,,,,,,,,,,,,,,,,,,,,,,,,,,,,,,,,,,,,,,,,,,,,,,,,,,,,,,,,,,,,,,,,,,,,,,,,,,,,,,,,,,,,,,,,,,,,,,,,,,,,,,,,,,,,,,,,,,,,,,,,,,,,,,,,
Data,12,record,timestamp,"944869316",s,position_lat,"390268922",semicircles,position_long,"-1398001558",semicircles,distance,"37642.97",m,altitude,"14.600000000000023",m,speed,"1.978",m/s,unknown,"0",,unknown,"100",,heart_rate,"132",bpm,cadence,"56",rpm,fractional_cadence,"0.5",rpm,enhanced_altitude,"14.600000000000023",m,enhanced_speed,"1.978",m/s,,,,,,,,,,,,,,,,,,,,,,,,,,,,,,,,,,,,,,,,,,,,,,,,,,,,,,,,,,,,,,,,,,,,,,,,,,,,,,,,,,,,,,,,,,,,,,,,,,,,,,,,,,,,,,,,,,,,,,,,,,,,,,,,,,,,,,,,,,,,,,,,,,,,,,,,,,,,,,,,,,,
Data,12,record,timestamp,"944869319",s,position_lat,"390268434",semicircles,position_long,"-1398001255",semicircles,distance,"37648.09",m,altitude,"14.600000000000023",m,speed,"1.633",m/s,unknown,"0",,unknown,"100",,heart_rate,"136",bpm,cadence,"0",rpm,fractional_cadence,"0.0",rpm,enhanced_altitude,"14.600000000000023",m,enhanced_speed,"1.633",m/s,,,,,,,,,,,,,,,,,,,,,,,,,,,,,,,,,,,,,,,,,,,,,,,,,,,,,,,,,,,,,,,,,,,,,,,,,,,,,,,,,,,,,,,,,,,,,,,,,,,,,,,,,,,,,,,,,,,,,,,,,,,,,,,,,,,,,,,,,,,,,,,,,,,,,,,,,,,,,,,,,,,
Data,12,record,timestamp,"944869324",s,position_lat,"390267673",semicircles,position_long,"-1398000422",semicircles,distance,"37657.91",m,altitude,"14.600000000000023",m,speed,"1.941",m/s,unknown,"0",,unknown,"100",,heart_rate,"137",bpm,cadence,"0",rpm,fractional_cadence,"0.0",rpm,enhanced_altitude,"14.600000000000023",m,enhanced_speed,"1.941",m/s,,,,,,,,,,,,,,,,,,,,,,,,,,,,,,,,,,,,,,,,,,,,,,,,,,,,,,,,,,,,,,,,,,,,,,,,,,,,,,,,,,,,,,,,,,,,,,,,,,,,,,,,,,,,,,,,,,,,,,,,,,,,,,,,,,,,,,,,,,,,,,,,,,,,,,,,,,,,,,,,,,,
Data,12,record,timestamp,"944869330",s,position_lat,"390267683",semicircles,position_long,"-1397999168",semicircles,distance,"37668.03",m,altitude,"14.399999999999977",m,speed,"1.652",m/s,unknown,"0",,unknown,"100",,heart_rate,"141",bpm,cadence,"0",rpm,fractional_cadence,"0.0",rpm,enhanced_altitude,"14.399999999999977",m,enhanced_speed,"1.652",m/s,,,,,,,,,,,,,,,,,,,,,,,,,,,,,,,,,,,,,,,,,,,,,,,,,,,,,,,,,,,,,,,,,,,,,,,,,,,,,,,,,,,,,,,,,,,,,,,,,,,,,,,,,,,,,,,,,,,,,,,,,,,,,,,,,,,,,,,,,,,,,,,,,,,,,,,,,,,,,,,,,,,
Data,12,record,timestamp,"944869339",s,position_lat,"390268320",semicircles,position_long,"-1397997233",semicircles,distance,"37684.31",m,altitude,"14.200000000000045",m,speed,"1.736",m/s,unknown,"0",,unknown,"100",,heart_rate,"142",bpm,cadence,"0",rpm,fractional_cadence,"0.0",rpm,enhanced_altitude,"14.200000000000045",m,enhanced_speed,"1.736",m/s,,,,,,,,,,,,,,,,,,,,,,,,,,,,,,,,,,,,,,,,,,,,,,,,,,,,,,,,,,,,,,,,,,,,,,,,,,,,,,,,,,,,,,,,,,,,,,,,,,,,,,,,,,,,,,,,,,,,,,,,,,,,,,,,,,,,,,,,,,,,,,,,,,,,,,,,,,,,,,,,,,,
Data,12,record,timestamp,"944869344",s,position_lat,"390269094",semicircles,position_long,"-1397996398",semicircles,distance,"37694.18",m,altitude,"14.399999999999977",m,speed,"1.782",m/s,unknown,"0",,unknown,"100",,heart_rate,"139",bpm,cadence,"0",rpm,fractional_cadence,"0.0",rpm,enhanced_altitude,"14.399999999999977",m,enhanced_speed,"1.782",m/s,,,,,,,,,,,,,,,,,,,,,,,,,,,,,,,,,,,,,,,,,,,,,,,,,,,,,,,,,,,,,,,,,,,,,,,,,,,,,,,,,,,,,,,,,,,,,,,,,,,,,,,,,,,,,,,,,,,,,,,,,,,,,,,,,,,,,,,,,,,,,,,,,,,,,,,,,,,,,,,,,,,
Data,12,record,timestamp,"944869346",s,position_lat,"390269454",semicircles,position_long,"-1397996221",semicircles,distance,"37697.79",m,altitude,"14.399999999999977",m,speed,"1.782",m/s,unknown,"0",,unknown,"100",,heart_rate,"140",bpm,cadence,"0",rpm,fractional_cadence,"0.0",rpm,enhanced_altitude,"14.399999999999977",m,enhanced_speed,"1.782",m/s,,,,,,,,,,,,,,,,,,,,,,,,,,,,,,,,,,,,,,,,,,,,,,,,,,,,,,,,,,,,,,,,,,,,,,,,,,,,,,,,,,,,,,,,,,,,,,,,,,,,,,,,,,,,,,,,,,,,,,,,,,,,,,,,,,,,,,,,,,,,,,,,,,,,,,,,,,,,,,,,,,,
Data,12,record,timestamp,"944869353",s,position_lat,"390270684",semicircles,position_long,"-1397995606",semicircles,distance,"37710.16",m,altitude,"14.799999999999955",m,speed,"1.4",m/s,unknown,"0",,unknown,"100",,heart_rate,"141",bpm,cadence,"0",rpm,fractional_cadence,"0.0",rpm,enhanced_altitude,"14.799999999999955",m,enhanced_speed,"1.4",m/s,,,,,,,,,,,,,,,,,,,,,,,,,,,,,,,,,,,,,,,,,,,,,,,,,,,,,,,,,,,,,,,,,,,,,,,,,,,,,,,,,,,,,,,,,,,,,,,,,,,,,,,,,,,,,,,,,,,,,,,,,,,,,,,,,,,,,,,,,,,,,,,,,,,,,,,,,,,,,,,,,,,
Data,12,record,timestamp,"944869360",s,position_lat,"390271942",semicircles,position_long,"-1397994875",semicircles,distance,"37723.2",m,altitude,"15.399999999999977",m,speed,"1.81",m/s,unknown,"0",,unknown,"100",,heart_rate,"140",bpm,cadence,"0",rpm,fractional_cadence,"0.0",rpm,enhanced_altitude,"15.399999999999977",m,enhanced_speed,"1.81",m/s,,,,,,,,,,,,,,,,,,,,,,,,,,,,,,,,,,,,,,,,,,,,,,,,,,,,,,,,,,,,,,,,,,,,,,,,,,,,,,,,,,,,,,,,,,,,,,,,,,,,,,,,,,,,,,,,,,,,,,,,,,,,,,,,,,,,,,,,,,,,,,,,,,,,,,,,,,,,,,,,,,,
Data,12,record,timestamp,"944869367",s,position_lat,"390272851",semicircles,position_long,"-1397994179",semicircles,distance,"37733.37",m,altitude,"14.799999999999955",m,speed,"1.558",m/s,unknown,"0",,unknown,"100",,heart_rate,"139",bpm,cadence,"0",rpm,fractional_cadence,"0.0",rpm,enhanced_altitude,"14.799999999999955",m,enhanced_speed,"1.558",m/s,,,,,,,,,,,,,,,,,,,,,,,,,,,,,,,,,,,,,,,,,,,,,,,,,,,,,,,,,,,,,,,,,,,,,,,,,,,,,,,,,,,,,,,,,,,,,,,,,,,,,,,,,,,,,,,,,,,,,,,,,,,,,,,,,,,,,,,,,,,,,,,,,,,,,,,,,,,,,,,,,,,
Data,12,record,timestamp,"944869374",s,position_lat,"390273971",semicircles,position_long,"-1397993493",semicircles,distance,"37745.06",m,altitude,"14.600000000000023",m,speed,"1.633",m/s,unknown,"0",,unknown,"100",,heart_rate,"137",bpm,cadence,"0",rpm,fractional_cadence,"0.0",rpm,enhanced_altitude,"14.600000000000023",m,enhanced_speed,"1.633",m/s,,,,,,,,,,,,,,,,,,,,,,,,,,,,,,,,,,,,,,,,,,,,,,,,,,,,,,,,,,,,,,,,,,,,,,,,,,,,,,,,,,,,,,,,,,,,,,,,,,,,,,,,,,,,,,,,,,,,,,,,,,,,,,,,,,,,,,,,,,,,,,,,,,,,,,,,,,,,,,,,,,,
Data,12,record,timestamp,"944869380",s,position_lat,"390275135",semicircles,position_long,"-1397992717",semicircles,distance,"37757.38",m,altitude,"14.600000000000023",m,speed,"1.838",m/s,unknown,"0",,unknown,"100",,heart_rate,"136",bpm,cadence,"0",rpm,fractional_cadence,"0.0",rpm,enhanced_altitude,"14.600000000000023",m,enhanced_speed,"1.838",m/s,,,,,,,,,,,,,,,,,,,,,,,,,,,,,,,,,,,,,,,,,,,,,,,,,,,,,,,,,,,,,,,,,,,,,,,,,,,,,,,,,,,,,,,,,,,,,,,,,,,,,,,,,,,,,,,,,,,,,,,,,,,,,,,,,,,,,,,,,,,,,,,,,,,,,,,,,,,,,,,,,,,
Data,12,record,timestamp,"944869385",s,position_lat,"390275501",semicircles,position_long,"-1397991676",semicircles,distance,"37766.84",m,altitude,"14.799999999999955",m,speed,"2.015",m/s,unknown,"0",,unknown,"100",,heart_rate,"136",bpm,cadence,"0",rpm,fractional_cadence,"0.0",rpm,enhanced_altitude,"14.799999999999955",m,enhanced_speed,"2.015",m/s,,,,,,,,,,,,,,,,,,,,,,,,,,,,,,,,,,,,,,,,,,,,,,,,,,,,,,,,,,,,,,,,,,,,,,,,,,,,,,,,,,,,,,,,,,,,,,,,,,,,,,,,,,,,,,,,,,,,,,,,,,,,,,,,,,,,,,,,,,,,,,,,,,,,,,,,,,,,,,,,,,,
Data,12,record,timestamp,"944869386",s,position_lat,"390275480",semicircles,position_long,"-1397991398",semicircles,distance,"37769.03",m,altitude,"14.799999999999955",m,speed,"2.09",m/s,unknown,"0",,unknown,"100",,heart_rate,"136",bpm,cadence,"0",rpm,fractional_cadence,"0.0",rpm,enhanced_altitude,"14.799999999999955",m,enhanced_speed,"2.09",m/s,,,,,,,,,,,,,,,,,,,,,,,,,,,,,,,,,,,,,,,,,,,,,,,,,,,,,,,,,,,,,,,,,,,,,,,,,,,,,,,,,,,,,,,,,,,,,,,,,,,,,,,,,,,,,,,,,,,,,,,,,,,,,,,,,,,,,,,,,,,,,,,,,,,,,,,,,,,,,,,,,,,
Data,12,record,timestamp,"944869388",s,position_lat,"390275351",semicircles,position_long,"-1397990879",semicircles,distance,"37773.29",m,altitude,"14.799999999999955",m,speed,"2.174",m/s,unknown,"0",,unknown,"100",,heart_rate,"139",bpm,cadence,"0",rpm,fractional_cadence,"0.0",rpm,enhanced_altitude,"14.799999999999955",m,enhanced_speed,"2.174",m/s,,,,,,,,,,,,,,,,,,,,,,,,,,,,,,,,,,,,,,,,,,,,,,,,,,,,,,,,,,,,,,,,,,,,,,,,,,,,,,,,,,,,,,,,,,,,,,,,,,,,,,,,,,,,,,,,,,,,,,,,,,,,,,,,,,,,,,,,,,,,,,,,,,,,,,,,,,,,,,,,,,,
Data,12,record,timestamp,"944869391",s,position_lat,"390274848",semicircles,position_long,"-1397990261",semicircles,distance,"37780.09",m,altitude,"14.799999999999955",m,speed,"2.137",m/s,unknown,"0",,unknown,"100",,heart_rate,"140",bpm,cadence,"0",rpm,fractional_cadence,"0.0",rpm,enhanced_altitude,"14.799999999999955",m,enhanced_speed,"2.137",m/s,,,,,,,,,,,,,,,,,,,,,,,,,,,,,,,,,,,,,,,,,,,,,,,,,,,,,,,,,,,,,,,,,,,,,,,,,,,,,,,,,,,,,,,,,,,,,,,,,,,,,,,,,,,,,,,,,,,,,,,,,,,,,,,,,,,,,,,,,,,,,,,,,,,,,,,,,,,,,,,,,,,
Data,12,record,timestamp,"944869397",s,position_lat,"390273758",semicircles,position_long,"-1397989996",semicircles,distance,"37790.84",m,altitude,"14.799999999999955",m,speed,"1.68",m/s,unknown,"0",,unknown,"100",,heart_rate,"140",bpm,cadence,"64",rpm,fractional_cadence,"0.0",rpm,enhanced_altitude,"14.799999999999955",m,enhanced_speed,"1.68",m/s,,,,,,,,,,,,,,,,,,,,,,,,,,,,,,,,,,,,,,,,,,,,,,,,,,,,,,,,,,,,,,,,,,,,,,,,,,,,,,,,,,,,,,,,,,,,,,,,,,,,,,,,,,,,,,,,,,,,,,,,,,,,,,,,,,,,,,,,,,,,,,,,,,,,,,,,,,,,,,,,,,,
Data,12,record,timestamp,"944869401",s,position_lat,"390272988",semicircles,position_long,"-1397990316",semicircles,distance,"37798.42",m,altitude,"15.0",m,speed,"1.437",m/s,unknown,"0",,unknown,"100",,heart_rate,"143",bpm,cadence,"0",rpm,fractional_cadence,"0.0",rpm,enhanced_altitude,"15.0",m,enhanced_speed,"1.437",m/s,,,,,,,,,,,,,,,,,,,,,,,,,,,,,,,,,,,,,,,,,,,,,,,,,,,,,,,,,,,,,,,,,,,,,,,,,,,,,,,,,,,,,,,,,,,,,,,,,,,,,,,,,,,,,,,,,,,,,,,,,,,,,,,,,,,,,,,,,,,,,,,,,,,,,,,,,,,,,,,,,,,
Data,12,record,timestamp,"944869405",s,position_lat,"390272306",semicircles,position_long,"-1397990670",semicircles,distance,"37805.41",m,altitude,"15.200000000000045",m,speed,"1.474",m/s,unknown,"0",,unknown,"100",,heart_rate,"145",bpm,cadence,"0",rpm,fractional_cadence,"0.0",rpm,enhanced_altitude,"15.200000000000045",m,enhanced_speed,"1.474",m/s,,,,,,,,,,,,,,,,,,,,,,,,,,,,,,,,,,,,,,,,,,,,,,,,,,,,,,,,,,,,,,,,,,,,,,,,,,,,,,,,,,,,,,,,,,,,,,,,,,,,,,,,,,,,,,,,,,,,,,,,,,,,,,,,,,,,,,,,,,,,,,,,,,,,,,,,,,,,,,,,,,,
Data,12,record,timestamp,"944869406",s,position_lat,"390272174",semicircles,position_long,"-1397990777",semicircles,distance,"37806.88",m,altitude,"15.200000000000045",m,speed,"1.372",m/s,unknown,"0",,unknown,"100",,heart_rate,"142",bpm,cadence,"0",rpm,fractional_cadence,"0.0",rpm,enhanced_altitude,"15.200000000000045",m,enhanced_speed,"1.372",m/s,,,,,,,,,,,,,,,,,,,,,,,,,,,,,,,,,,,,,,,,,,,,,,,,,,,,,,,,,,,,,,,,,,,,,,,,,,,,,,,,,,,,,,,,,,,,,,,,,,,,,,,,,,,,,,,,,,,,,,,,,,,,,,,,,,,,,,,,,,,,,,,,,,,,,,,,,,,,,,,,,,,
Data,12,record,timestamp,"944869413",s,position_lat,"390271369",semicircles,position_long,"-1397991513",semicircles,distance,"37816.36",m,altitude,"15.200000000000045",m,speed,"1.054",m/s,unknown,"0",,unknown,"100",,heart_rate,"142",bpm,cadence,"0",rpm,fractional_cadence,"0.0",rpm,enhanced_altitude,"15.200000000000045",m,enhanced_speed,"1.054",m/s,,,,,,,,,,,,,,,,,,,,,,,,,,,,,,,,,,,,,,,,,,,,,,,,,,,,,,,,,,,,,,,,,,,,,,,,,,,,,,,,,,,,,,,,,,,,,,,,,,,,,,,,,,,,,,,,,,,,,,,,,,,,,,,,,,,,,,,,,,,,,,,,,,,,,,,,,,,,,,,,,,,
Data,12,record,timestamp,"944869422",s,position_lat,"390270339",semicircles,position_long,"-1397992290",semicircles,distance,"37827.8",m,altitude,"14.799999999999955",m,speed,"0.98",m/s,unknown,"0",,unknown,"100",,heart_rate,"141",bpm,cadence,"0",rpm,fractional_cadence,"0.0",rpm,enhanced_altitude,"14.799999999999955",m,enhanced_speed,"0.98",m/s,,,,,,,,,,,,,,,,,,,,,,,,,,,,,,,,,,,,,,,,,,,,,,,,,,,,,,,,,,,,,,,,,,,,,,,,,,,,,,,,,,,,,,,,,,,,,,,,,,,,,,,,,,,,,,,,,,,,,,,,,,,,,,,,,,,,,,,,,,,,,,,,,,,,,,,,,,,,,,,,,,,
Data,12,record,timestamp,"944869429",s,position_lat,"390270212",semicircles,position_long,"-1397992791",semicircles,distance,"37832.1",m,altitude,"14.799999999999955",m,speed,"0.0",m/s,unknown,"0",,unknown,"100",,heart_rate,"139",bpm,cadence,"0",rpm,fractional_cadence,"0.0",rpm,enhanced_altitude,"14.799999999999955",m,enhanced_speed,"0.0",m/s,,,,,,,,,,,,,,,,,,,,,,,,,,,,,,,,,,,,,,,,,,,,,,,,,,,,,,,,,,,,,,,,,,,,,,,,,,,,,,,,,,,,,,,,,,,,,,,,,,,,,,,,,,,,,,,,,,,,,,,,,,,,,,,,,,,,,,,,,,,,,,,,,,,,,,,,,,,,,,,,,,,
Data,12,record,timestamp,"944869437",s,position_lat,"390270330",semicircles,position_long,"-1397992787",semicircles,distance,"37834.26",m,altitude,"15.200000000000045",m,speed,"0.0",m/s,unknown,"0",,unknown,"100",,heart_rate,"136",bpm,cadence,"0",rpm,fractional_cadence,"0.0",rpm,enhanced_altitude,"15.200000000000045",m,enhanced_speed,"0.0",m/s,,,,,,,,,,,,,,,,,,,,,,,,,,,,,,,,,,,,,,,,,,,,,,,,,,,,,,,,,,,,,,,,,,,,,,,,,,,,,,,,,,,,,,,,,,,,,,,,,,,,,,,,,,,,,,,,,,,,,,,,,,,,,,,,,,,,,,,,,,,,,,,,,,,,,,,,,,,,,,,,,,,
Data,12,record,timestamp,"944869441",s,position_lat,"390270641",semicircles,position_long,"-1397992586",semicircles,distance,"37837.45",m,altitude,"15.0",m,speed,"0.625",m/s,unknown,"0",,unknown,"100",,heart_rate,"137",bpm,cadence,"0",rpm,fractional_cadence,"0.0",rpm,enhanced_altitude,"15.0",m,enhanced_speed,"0.625",m/s,,,,,,,,,,,,,,,,,,,,,,,,,,,,,,,,,,,,,,,,,,,,,,,,,,,,,,,,,,,,,,,,,,,,,,,,,,,,,,,,,,,,,,,,,,,,,,,,,,,,,,,,,,,,,,,,,,,,,,,,,,,,,,,,,,,,,,,,,,,,,,,,,,,,,,,,,,,,,,,,,,,
Data,12,record,timestamp,"944869452",s,position_lat,"390271550",semicircles,position_long,"-1397991872",semicircles,distance,"37847.65",m,altitude,"14.600000000000023",m,speed,"0.765",m/s,unknown,"0",,unknown,"100",,heart_rate,"134",bpm,cadence,"0",rpm,fractional_cadence,"0.0",rpm,enhanced_altitude,"14.600000000000023",m,enhanced_speed,"0.765",m/s,,,,,,,,,,,,,,,,,,,,,,,,,,,,,,,,,,,,,,,,,,,,,,,,,,,,,,,,,,,,,,,,,,,,,,,,,,,,,,,,,,,,,,,,,,,,,,,,,,,,,,,,,,,,,,,,,,,,,,,,,,,,,,,,,,,,,,,,,,,,,,,,,,,,,,,,,,,,,,,,,,,
Data,12,record,timestamp,"944869454",s,position_lat,"390271710",semicircles,position_long,"-1397991864",semicircles,distance,"37849.15",m,altitude,"14.600000000000023",m,speed,"0.784",m/s,unknown,"0",,unknown,"100",,heart_rate,"134",bpm,cadence,"104",rpm,fractional_cadence,"0.5",rpm,enhanced_altitude,"14.600000000000023",m,enhanced_speed,"0.784",m/s,,,,,,,,,,,,,,,,,,,,,,,,,,,,,,,,,,,,,,,,,,,,,,,,,,,,,,,,,,,,,,,,,,,,,,,,,,,,,,,,,,,,,,,,,,,,,,,,,,,,,,,,,,,,,,,,,,,,,,,,,,,,,,,,,,,,,,,,,,,,,,,,,,,,,,,,,,,,,,,,,,,
Data,12,record,timestamp,"944869465",s,position_lat,"390272464",semicircles,position_long,"-1397991938",semicircles,distance,"37856.46",m,altitude,"14.799999999999955",m,speed,"0.756",m/s,unknown,"0",,unknown,"100",,heart_rate,"134",bpm,cadence,"0",rpm,fractional_cadence,"0.0",rpm,enhanced_altitude,"14.799999999999955",m,enhanced_speed,"0.756",m/s,,,,,,,,,,,,,,,,,,,,,,,,,,,,,,,,,,,,,,,,,,,,,,,,,,,,,,,,,,,,,,,,,,,,,,,,,,,,,,,,,,,,,,,,,,,,,,,,,,,,,,,,,,,,,,,,,,,,,,,,,,,,,,,,,,,,,,,,,,,,,,,,,,,,,,,,,,,,,,,,,,,
Data,12,record,timestamp,"944869472",s,position_lat,"390272906",semicircles,position_long,"-1397991732",semicircles,distance,"37861.13",m,altitude,"15.0",m,speed,"0.56",m/s,unknown,"0",,unknown,"100",,heart_rate,"137",bpm,cadence,"0",rpm,fractional_cadence,"0.0",rpm,enhanced_altitude,"15.0",m,enhanced_speed,"0.56",m/s,,,,,,,,,,,,,,,,,,,,,,,,,,,,,,,,,,,,,,,,,,,,,,,,,,,,,,,,,,,,,,,,,,,,,,,,,,,,,,,,,,,,,,,,,,,,,,,,,,,,,,,,,,,,,,,,,,,,,,,,,,,,,,,,,,,,,,,,,,,,,,,,,,,,,,,,,,,,,,,,,,,
Data,12,record,timestamp,"944869476",s,position_lat,"390273055",semicircles,position_long,"-1397991525",semicircles,distance,"37863.22",m,altitude,"15.0",m,speed,"0.579",m/s,unknown,"0",,unknown,"100",,heart_rate,"140",bpm,cadence,"78",rpm,fractional_cadence,"0.0",rpm,enhanced_altitude,"15.0",m,enhanced_speed,"0.579",m/s,,,,,,,,,,,,,,,,,,,,,,,,,,,,,,,,,,,,,,,,,,,,,,,,,,,,,,,,,,,,,,,,,,,,,,,,,,,,,,,,,,,,,,,,,,,,,,,,,,,,,,,,,,,,,,,,,,,,,,,,,,,,,,,,,,,,,,,,,,,,,,,,,,,,,,,,,,,,,,,,,,,
Data,12,record,timestamp,"944869480",s,position_lat,"390273328",semicircles,position_long,"-1397991405",semicircles,distance,"37865.91",m,altitude,"15.0",m,speed,"0.597",m/s,unknown,"0",,unknown,"100",,heart_rate,"140",bpm,cadence,"0",rpm,fractional_cadence,"0.0",rpm,enhanced_altitude,"15.0",m,enhanced_speed,"0.597",m/s,,,,,,,,,,,,,,,,,,,,,,,,,,,,,,,,,,,,,,,,,,,,,,,,,,,,,,,,,,,,,,,,,,,,,,,,,,,,,,,,,,,,,,,,,,,,,,,,,,,,,,,,,,,,,,,,,,,,,,,,,,,,,,,,,,,,,,,,,,,,,,,,,,,,,,,,,,,,,,,,,,,
Data,12,record,timestamp,"944869493",s,position_lat,"390274494",semicircles,position_long,"-1397991289",semicircles,distance,"37876.67",m,altitude,"15.0",m,speed,"0.737",m/s,unknown,"0",,unknown,"100",,heart_rate,"143",bpm,cadence,"65",rpm,fractional_cadence,"0.0",rpm,enhanced_altitude,"15.0",m,enhanced_speed,"0.737",m/s,,,,,,,,,,,,,,,,,,,,,,,,,,,,,,,,,,,,,,,,,,,,,,,,,,,,,,,,,,,,,,,,,,,,,,,,,,,,,,,,,,,,,,,,,,,,,,,,,,,,,,,,,,,,,,,,,,,,,,,,,,,,,,,,,,,,,,,,,,,,,,,,,,,,,,,,,,,,,,,,,,,
Data,12,record,timestamp,"944869494",s,position_lat,"390274635",semicircles,position_long,"-1397991315",semicircles,distance,"37877.96",m,altitude,"15.0",m,speed,"0.84",m/s,unknown,"0",,unknown,"100",,heart_rate,"140",bpm,cadence,"0",rpm,fractional_cadence,"0.0",rpm,enhanced_altitude,"15.0",m,enhanced_speed,"0.84",m/s,,,,,,,,,,,,,,,,,,,,,,,,,,,,,,,,,,,,,,,,,,,,,,,,,,,,,,,,,,,,,,,,,,,,,,,,,,,,,,,,,,,,,,,,,,,,,,,,,,,,,,,,,,,,,,,,,,,,,,,,,,,,,,,,,,,,,,,,,,,,,,,,,,,,,,,,,,,,,,,,,,,
Data,12,record,timestamp,"944869499",s,position_lat,"390275172",semicircles,position_long,"-1397991289",semicircles,distance,"37882.95",m,altitude,"15.0",m,speed,"1.017",m/s,unknown,"0",,unknown,"100",,heart_rate,"140",bpm,cadence,"65",rpm,fractional_cadence,"0.5",rpm,enhanced_altitude,"15.0",m,enhanced_speed,"1.017",m/s,,,,,,,,,,,,,,,,,,,,,,,,,,,,,,,,,,,,,,,,,,,,,,,,,,,,,,,,,,,,,,,,,,,,,,,,,,,,,,,,,,,,,,,,,,,,,,,,,,,,,,,,,,,,,,,,,,,,,,,,,,,,,,,,,,,,,,,,,,,,,,,,,,,,,,,,,,,,,,,,,,,
Data,12,record,timestamp,"944869506",s,position_lat,"390276216",semicircles,position_long,"-1397991052",semicircles,distance,"37892.87",m,altitude,"15.0",m,speed,"1.4",m/s,unknown,"0",,unknown,"100",,heart_rate,"142",bpm,cadence,"0",rpm,fractional_cadence,"0.0",rpm,enhanced_altitude,"15.0",m,enhanced_speed,"1.4",m/s,,,,,,,,,,,,,,,,,,,,,,,,,,,,,,,,,,,,,,,,,,,,,,,,,,,,,,,,,,,,,,,,,,,,,,,,,,,,,,,,,,,,,,,,,,,,,,,,,,,,,,,,,,,,,,,,,,,,,,,,,,,,,,,,,,,,,,,,,,,,,,,,,,,,,,,,,,,,,,,,,,,
Data,12,record,timestamp,"944869510",s,position_lat,"390276916",semicircles,position_long,"-1397990701",semicircles,distance,"37899.95",m,altitude,"15.200000000000045",m,speed,"2.183",m/s,unknown,"0",,unknown,"100",,heart_rate,"139",bpm,cadence,"0",rpm,fractional_cadence,"0.0",rpm,enhanced_altitude,"15.200000000000045",m,enhanced_speed,"2.183",m/s,,,,,,,,,,,,,,,,,,,,,,,,,,,,,,,,,,,,,,,,,,,,,,,,,,,,,,,,,,,,,,,,,,,,,,,,,,,,,,,,,,,,,,,,,,,,,,,,,,,,,,,,,,,,,,,,,,,,,,,,,,,,,,,,,,,,,,,,,,,,,,,,,,,,,,,,,,,,,,,,,,,
Data,12,record,timestamp,"944869513",s,position_lat,"390277580",semicircles,position_long,"-1397990520",semicircles,distance,"37906.29",m,altitude,"15.200000000000045",m,speed,"2.006",m/s,unknown,"0",,unknown,"100",,heart_rate,"141",bpm,cadence,"0",rpm,fractional_cadence,"0.0",rpm,enhanced_altitude,"15.200000000000045",m,enhanced_speed,"2.006",m/s,,,,,,,,,,,,,,,,,,,,,,,,,,,,,,,,,,,,,,,,,,,,,,,,,,,,,,,,,,,,,,,,,,,,,,,,,,,,,,,,,,,,,,,,,,,,,,,,,,,,,,,,,,,,,,,,,,,,,,,,,,,,,,,,,,,,,,,,,,,,,,,,,,,,,,,,,,,,,,,,,,,
Data,12,record,timestamp,"944869521",s,position_lat,"390279419",semicircles,position_long,"-1397989838",semicircles,distance,"37924.26",m,altitude,"15.200000000000045",m,speed,"2.155",m/s,unknown,"0",,unknown,"100",,heart_rate,"141",bpm,cadence,"61",rpm,fractional_cadence,"0.0",rpm,enhanced_altitude,"15.200000000000045",m,enhanced_speed,"2.155",m/s,,,,,,,,,,,,,,,,,,,,,,,,,,,,,,,,,,,,,,,,,,,,,,,,,,,,,,,,,,,,,,,,,,,,,,,,,,,,,,,,,,,,,,,,,,,,,,,,,,,,,,,,,,,,,,,,,,,,,,,,,,,,,,,,,,,,,,,,,,,,,,,,,,,,,,,,,,,,,,,,,,,
Data,12,record,timestamp,"944869528",s,position_lat,"390281190",semicircles,position_long,"-1397989219",semicircles,distance,"37941.44",m,altitude,"15.0",m,speed,"2.379",m/s,unknown,"0",,unknown,"100",,heart_rate,"142",bpm,cadence,"0",rpm,fractional_cadence,"0.0",rpm,enhanced_altitude,"15.0",m,enhanced_speed,"2.379",m/s,,,,,,,,,,,,,,,,,,,,,,,,,,,,,,,,,,,,,,,,,,,,,,,,,,,,,,,,,,,,,,,,,,,,,,,,,,,,,,,,,,,,,,,,,,,,,,,,,,,,,,,,,,,,,,,,,,,,,,,,,,,,,,,,,,,,,,,,,,,,,,,,,,,,,,,,,,,,,,,,,,,
Data,12,record,timestamp,"944869536",s,position_lat,"390283148",semicircles,position_long,"-1397988459",semicircles,distance,"37960.6",m,altitude,"15.200000000000045",m,speed,"2.557",m/s,unknown,"0",,unknown,"100",,heart_rate,"140",bpm,cadence,"0",rpm,fractional_cadence,"0.0",rpm,enhanced_altitude,"15.200000000000045",m,enhanced_speed,"2.557",m/s,,,,,,,,,,,,,,,,,,,,,,,,,,,,,,,,,,,,,,,,,,,,,,,,,,,,,,,,,,,,,,,,,,,,,,,,,,,,,,,,,,,,,,,,,,,,,,,,,,,,,,,,,,,,,,,,,,,,,,,,,,,,,,,,,,,,,,,,,,,,,,,,,,,,,,,,,,,,,,,,,,,
Data,12,record,timestamp,"944869544",s,position_lat,"390285191",semicircles,position_long,"-1397987586",semicircles,distance,"37980.79",m,altitude,"15.0",m,speed,"2.351",m/s,unknown,"0",,unknown,"100",,heart_rate,"139",bpm,cadence,"0",rpm,fractional_cadence,"0.0",rpm,enhanced_altitude,"15.0",m,enhanced_speed,"2.351",m/s,,,,,,,,,,,,,,,,,,,,,,,,,,,,,,,,,,,,,,,,,,,,,,,,,,,,,,,,,,,,,,,,,,,,,,,,,,,,,,,,,,,,,,,,,,,,,,,,,,,,,,,,,,,,,,,,,,,,,,,,,,,,,,,,,,,,,,,,,,,,,,,,,,,,,,,,,,,,,,,,,,,
Data,12,record,timestamp,"944869545",s,position_lat,"390285440",semicircles,position_long,"-1397987475",semicircles,distance,"37983.27",m,altitude,"15.0",m,speed,"2.417",m/s,unknown,"0",,unknown,"100",,heart_rate,"142",bpm,cadence,"0",rpm,fractional_cadence,"0.0",rpm,enhanced_altitude,"15.0",m,enhanced_speed,"2.417",m/s,,,,,,,,,,,,,,,,,,,,,,,,,,,,,,,,,,,,,,,,,,,,,,,,,,,,,,,,,,,,,,,,,,,,,,,,,,,,,,,,,,,,,,,,,,,,,,,,,,,,,,,,,,,,,,,,,,,,,,,,,,,,,,,,,,,,,,,,,,,,,,,,,,,,,,,,,,,,,,,,,,,
Data,12,record,timestamp,"944869547",s,position_lat,"390285947",semicircles,position_long,"-1397987273",semicircles,distance,"37988.24",m,altitude,"15.0",m,speed,"2.379",m/s,unknown,"0",,unknown,"100",,heart_rate,"139",bpm,cadence,"0",rpm,fractional_cadence,"0.0",rpm,enhanced_altitude,"15.0",m,enhanced_speed,"2.379",m/s,,,,,,,,,,,,,,,,,,,,,,,,,,,,,,,,,,,,,,,,,,,,,,,,,,,,,,,,,,,,,,,,,,,,,,,,,,,,,,,,,,,,,,,,,,,,,,,,,,,,,,,,,,,,,,,,,,,,,,,,,,,,,,,,,,,,,,,,,,,,,,,,,,,,,,,,,,,,,,,,,,,
Data,12,record,timestamp,"944869552",s,position_lat,"390287294",semicircles,position_long,"-1397986712",semicircles,distance,"38001.49",m,altitude,"15.0",m,speed,"2.491",m/s,unknown,"0",,unknown,"100",,heart_rate,"136",bpm,cadence,"0",rpm,fractional_cadence,"0.0",rpm,enhanced_altitude,"15.0",m,enhanced_speed,"2.491",m/s,,,,,,,,,,,,,,,,,,,,,,,,,,,,,,,,,,,,,,,,,,,,,,,,,,,,,,,,,,,,,,,,,,,,,,,,,,,,,,,,,,,,,,,,,,,,,,,,,,,,,,,,,,,,,,,,,,,,,,,,,,,,,,,,,,,,,,,,,,,,,,,,,,,,,,,,,,,,,,,,,,,
Data,12,record,timestamp,"944869562",s,position_lat,"390289863",semicircles,position_long,"-1397985666",semicircles,distance,"38026.78",m,altitude,"15.399999999999977",m,speed,"2.557",m/s,unknown,"0",,unknown,"100",,heart_rate,"137",bpm,cadence,"64",rpm,fractional_cadence,"0.0",rpm,enhanced_altitude,"15.399999999999977",m,enhanced_speed,"2.557",m/s,,,,,,,,,,,,,,,,,,,,,,,,,,,,,,,,,,,,,,,,,,,,,,,,,,,,,,,,,,,,,,,,,,,,,,,,,,,,,,,,,,,,,,,,,,,,,,,,,,,,,,,,,,,,,,,,,,,,,,,,,,,,,,,,,,,,,,,,,,,,,,,,,,,,,,,,,,,,,,,,,,,
Data,12,record,timestamp,"944869570",s,position_lat,"390291869",semicircles,position_long,"-1397985078",semicircles,distance,"38046.47",m,altitude,"15.600000000000023",m,speed,"2.351",m/s,unknown,"0",,unknown,"100",,heart_rate,"136",bpm,cadence,"0",rpm,fractional_cadence,"0.0",rpm,enhanced_altitude,"15.600000000000023",m,enhanced_speed,"2.351",m/s,,,,,,,,,,,,,,,,,,,,,,,,,,,,,,,,,,,,,,,,,,,,,,,,,,,,,,,,,,,,,,,,,,,,,,,,,,,,,,,,,,,,,,,,,,,,,,,,,,,,,,,,,,,,,,,,,,,,,,,,,,,,,,,,,,,,,,,,,,,,,,,,,,,,,,,,,,,,,,,,,,,
Data,12,record,timestamp,"944869576",s,position_lat,"390292761",semicircles,position_long,"-1397986090",semicircles,distance,"38058.31",m,altitude,"15.399999999999977",m,speed,"1.829",m/s,unknown,"0",,unknown,"100",,heart_rate,"136",bpm,cadence,"0",rpm,fractional_cadence,"0.0",rpm,enhanced_altitude,"15.399999999999977",m,enhanced_speed,"1.829",m/s,,,,,,,,,,,,,,,,,,,,,,,,,,,,,,,,,,,,,,,,,,,,,,,,,,,,,,,,,,,,,,,,,,,,,,,,,,,,,,,,,,,,,,,,,,,,,,,,,,,,,,,,,,,,,,,,,,,,,,,,,,,,,,,,,,,,,,,,,,,,,,,,,,,,,,,,,,,,,,,,,,,
Data,12,record,timestamp,"944869582",s,position_lat,"390292822",semicircles,position_long,"-1397987517",semicircles,distance,"38069.59",m,altitude,"15.399999999999977",m,speed,"1.717",m/s,unknown,"0",,unknown,"100",,heart_rate,"134",bpm,cadence,"0",rpm,fractional_cadence,"0.0",rpm,enhanced_altitude,"15.399999999999977",m,enhanced_speed,"1.717",m/s,,,,,,,,,,,,,,,,,,,,,,,,,,,,,,,,,,,,,,,,,,,,,,,,,,,,,,,,,,,,,,,,,,,,,,,,,,,,,,,,,,,,,,,,,,,,,,,,,,,,,,,,,,,,,,,,,,,,,,,,,,,,,,,,,,,,,,,,,,,,,,,,,,,,,,,,,,,,,,,,,,,
Data,12,record,timestamp,"944869586",s,position_lat,"390292745",semicircles,position_long,"-1397988509",semicircles,distance,"38077.42",m,altitude,"15.399999999999977",m,speed,"1.941",m/s,unknown,"0",,unknown,"100",,heart_rate,"138",bpm,cadence,"0",rpm,fractional_cadence,"0.0",rpm,enhanced_altitude,"15.399999999999977",m,enhanced_speed,"1.941",m/s,,,,,,,,,,,,,,,,,,,,,,,,,,,,,,,,,,,,,,,,,,,,,,,,,,,,,,,,,,,,,,,,,,,,,,,,,,,,,,,,,,,,,,,,,,,,,,,,,,,,,,,,,,,,,,,,,,,,,,,,,,,,,,,,,,,,,,,,,,,,,,,,,,,,,,,,,,,,,,,,,,,
Data,12,record,timestamp,"944869590",s,position_lat,"390292557",semicircles,position_long,"-1397989548",semicircles,distance,"38085.72",m,altitude,"15.399999999999977",m,speed,"1.838",m/s,unknown,"0",,unknown,"100",,heart_rate,"139",bpm,cadence,"61",rpm,fractional_cadence,"0.0",rpm,enhanced_altitude,"15.399999999999977",m,enhanced_speed,"1.838",m/s,,,,,,,,,,,,,,,,,,,,,,,,,,,,,,,,,,,,,,,,,,,,,,,,,,,,,,,,,,,,,,,,,,,,,,,,,,,,,,,,,,,,,,,,,,,,,,,,,,,,,,,,,,,,,,,,,,,,,,,,,,,,,,,,,,,,,,,,,,,,,,,,,,,,,,,,,,,,,,,,,,,
Data,12,record,timestamp,"944869598",s,position_lat,"390292026",semicircles,position_long,"-1397991309",semicircles,distance,"38100.38",m,altitude,"15.200000000000045",m,speed,"1.68",m/s,unknown,"0",,unknown,"300",,heart_rate,"136",bpm,cadence,"0",rpm,fractional_cadence,"0.0",rpm,enhanced_altitude,"15.200000000000045",m,enhanced_speed,"1.68",m/s,,,,,,,,,,,,,,,,,,,,,,,,,,,,,,,,,,,,,,,,,,,,,,,,,,,,,,,,,,,,,,,,,,,,,,,,,,,,,,,,,,,,,,,,,,,,,,,,,,,,,,,,,,,,,,,,,,,,,,,,,,,,,,,,,,,,,,,,,,,,,,,,,,,,,,,,,,,,,,,,,,,
Data,12,record,timestamp,"944869599",s,position_lat,"390291963",semicircles,position_long,"-1397991511",semicircles,distance,"38102.06",m,altitude,"15.200000000000045",m,speed,"1.708",m/s,unknown,"0",,unknown,"100",,heart_rate,"135",bpm,cadence,"0",rpm,fractional_cadence,"0.0",rpm,enhanced_altitude,"15.200000000000045",m,enhanced_speed,"1.708",m/s,,,,,,,,,,,,,,,,,,,,,,,,,,,,,,,,,,,,,,,,,,,,,,,,,,,,,,,,,,,,,,,,,,,,,,,,,,,,,,,,,,,,,,,,,,,,,,,,,,,,,,,,,,,,,,,,,,,,,,,,,,,,,,,,,,,,,,,,,,,,,,,,,,,,,,,,,,,,,,,,,,,
Data,12,record,timestamp,"944869607",s,position_lat,"390291635",semicircles,position_long,"-1397993424",semicircles,distance,"38117.65",m,altitude,"15.0",m,speed,"2.267",m/s,unknown,"0",,unknown,"100",,heart_rate,"135",bpm,cadence,"0",rpm,fractional_cadence,"0.0",rpm,enhanced_altitude,"15.0",m,enhanced_speed,"2.267",m/s,,,,,,,,,,,,,,,,,,,,,,,,,,,,,,,,,,,,,,,,,,,,,,,,,,,,,,,,,,,,,,,,,,,,,,,,,,,,,,,,,,,,,,,,,,,,,,,,,,,,,,,,,,,,,,,,,,,,,,,,,,,,,,,,,,,,,,,,,,,,,,,,,,,,,,,,,,,,,,,,,,,
Data,12,record,timestamp,"944869616",s,position_lat,"390291099",semicircles,position_long,"-1397995889",semicircles,distance,"38137.66",m,altitude,"14.799999999999955",m,speed,"2.202",m/s,unknown,"0",,unknown,"100",,heart_rate,"131",bpm,cadence,"0",rpm,fractional_cadence,"0.0",rpm,enhanced_altitude,"14.799999999999955",m,enhanced_speed,"2.202",m/s,,,,,,,,,,,,,,,,,,,,,,,,,,,,,,,,,,,,,,,,,,,,,,,,,,,,,,,,,,,,,,,,,,,,,,,,,,,,,,,,,,,,,,,,,,,,,,,,,,,,,,,,,,,,,,,,,,,,,,,,,,,,,,,,,,,,,,,,,,,,,,,,,,,,,,,,,,,,,,,,,,,
Data,12,record,timestamp,"944869617",s,position_lat,"390291016",semicircles,position_long,"-1397996155",semicircles,distance,"38139.89",m,altitude,"15.0",m,speed,"2.099",m/s,unknown,"0",,unknown,"100",,heart_rate,"133",bpm,cadence,"0",rpm,fractional_cadence,"0.0",rpm,enhanced_altitude,"15.0",m,enhanced_speed,"2.099",m/s,,,,,,,,,,,,,,,,,,,,,,,,,,,,,,,,,,,,,,,,,,,,,,,,,,,,,,,,,,,,,,,,,,,,,,,,,,,,,,,,,,,,,,,,,,,,,,,,,,,,,,,,,,,,,,,,,,,,,,,,,,,,,,,,,,,,,,,,,,,,,,,,,,,,,,,,,,,,,,,,,,,
Data,12,record,timestamp,"944869621",s,position_lat,"390290722",semicircles,position_long,"-1397997245",semicircles,distance,"38148.88",m,altitude,"15.0",m,speed,"2.025",m/s,unknown,"0",,unknown,"100",,heart_rate,"130",bpm,cadence,"0",rpm,fractional_cadence,"0.0",rpm,enhanced_altitude,"15.0",m,enhanced_speed,"2.025",m/s,,,,,,,,,,,,,,,,,,,,,,,,,,,,,,,,,,,,,,,,,,,,,,,,,,,,,,,,,,,,,,,,,,,,,,,,,,,,,,,,,,,,,,,,,,,,,,,,,,,,,,,,,,,,,,,,,,,,,,,,,,,,,,,,,,,,,,,,,,,,,,,,,,,,,,,,,,,,,,,,,,,
Data,12,record,timestamp,"944869627",s,position_lat,"390290294",semicircles,position_long,"-1397998830",semicircles,distance,"38161.88",m,altitude,"15.0",m,speed,"1.997",m/s,unknown,"0",,unknown,"100",,heart_rate,"133",bpm,cadence,"0",rpm,fractional_cadence,"0.0",rpm,enhanced_altitude,"15.0",m,enhanced_speed,"1.997",m/s,,,,,,,,,,,,,,,,,,,,,,,,,,,,,,,,,,,,,,,,,,,,,,,,,,,,,,,,,,,,,,,,,,,,,,,,,,,,,,,,,,,,,,,,,,,,,,,,,,,,,,,,,,,,,,,,,,,,,,,,,,,,,,,,,,,,,,,,,,,,,,,,,,,,,,,,,,,,,,,,,,,
Data,12,record,timestamp,"944869628",s,position_lat,"390290224",semicircles,position_long,"-1397999090",semicircles,distance,"38164.0",m,altitude,"15.0",m,speed,"1.838",m/s,unknown,"0",,unknown,"100",,heart_rate,"129",bpm,cadence,"0",rpm,fractional_cadence,"0.0",rpm,enhanced_altitude,"15.0",m,enhanced_speed,"1.838",m/s,,,,,,,,,,,,,,,,,,,,,,,,,,,,,,,,,,,,,,,,,,,,,,,,,,,,,,,,,,,,,,,,,,,,,,,,,,,,,,,,,,,,,,,,,,,,,,,,,,,,,,,,,,,,,,,,,,,,,,,,,,,,,,,,,,,,,,,,,,,,,,,,,,,,,,,,,,,,,,,,,,,
Data,12,record,timestamp,"944869635",s,position_lat,"390289882",semicircles,position_long,"-1398000792",semicircles,distance,"38177.74",m,altitude,"15.0",m,speed,"1.745",m/s,unknown,"0",,unknown,"100",,heart_rate,"128",bpm,cadence,"0",rpm,fractional_cadence,"0.0",rpm,enhanced_altitude,"15.0",m,enhanced_speed,"1.745",m/s,,,,,,,,,,,,,,,,,,,,,,,,,,,,,,,,,,,,,,,,,,,,,,,,,,,,,,,,,,,,,,,,,,,,,,,,,,,,,,,,,,,,,,,,,,,,,,,,,,,,,,,,,,,,,,,,,,,,,,,,,,,,,,,,,,,,,,,,,,,,,,,,,,,,,,,,,,,,,,,,,,,
Data,12,record,timestamp,"944869637",s,position_lat,"390289781",semicircles,position_long,"-1398001342",semicircles,distance,"38182.15",m,altitude,"15.0",m,speed,"1.969",m/s,unknown,"0",,unknown,"100",,heart_rate,"131",bpm,cadence,"0",rpm,fractional_cadence,"0.0",rpm,enhanced_altitude,"15.0",m,enhanced_speed,"1.969",m/s,,,,,,,,,,,,,,,,,,,,,,,,,,,,,,,,,,,,,,,,,,,,,,,,,,,,,,,,,,,,,,,,,,,,,,,,,,,,,,,,,,,,,,,,,,,,,,,,,,,,,,,,,,,,,,,,,,,,,,,,,,,,,,,,,,,,,,,,,,,,,,,,,,,,,,,,,,,,,,,,,,,
Data,12,record,timestamp,"944869645",s,position_lat,"390289361",semicircles,position_long,"-1398003362",semicircles,distance,"38198.47",m,altitude,"15.0",m,speed,"1.857",m/s,unknown,"0",,unknown,"100",,heart_rate,"134",bpm,cadence,"0",rpm,fractional_cadence,"0.0",rpm,enhanced_altitude,"15.0",m,enhanced_speed,"1.857",m/s,,,,,,,,,,,,,,,,,,,,,,,,,,,,,,,,,,,,,,,,,,,,,,,,,,,,,,,,,,,,,,,,,,,,,,,,,,,,,,,,,,,,,,,,,,,,,,,,,,,,,,,,,,,,,,,,,,,,,,,,,,,,,,,,,,,,,,,,,,,,,,,,,,,,,,,,,,,,,,,,,,,
Data,12,record,timestamp,"944869654",s,position_lat,"390288557",semicircles,position_long,"-1398005544",semicircles,distance,"38217.07",m,altitude,"15.0",m,speed,"2.099",m/s,unknown,"0",,unknown,"100",,heart_rate,"131",bpm,cadence,"0",rpm,fractional_cadence,"0.0",rpm,enhanced_altitude,"15.0",m,enhanced_speed,"2.099",m/s,,,,,,,,,,,,,,,,,,,,,,,,,,,,,,,,,,,,,,,,,,,,,,,,,,,,,,,,,,,,,,,,,,,,,,,,,,,,,,,,,,,,,,,,,,,,,,,,,,,,,,,,,,,,,,,,,,,,,,,,,,,,,,,,,,,,,,,,,,,,,,,,,,,,,,,,,,,,,,,,,,,
Data,12,record,timestamp,"944869655",s,position_lat,"390288445",semicircles,position_long,"-1398005816",semicircles,distance,"38219.42",m,altitude,"15.0",m,speed,"2.081",m/s,unknown,"0",,unknown,"100",,heart_rate,"131",bpm,cadence,"0",rpm,fractional_cadence,"0.0",rpm,enhanced_altitude,"15.0",m,enhanced_speed,"2.081",m/s,,,,,,,,,,,,,,,,,,,,,,,,,,,,,,,,,,,,,,,,,,,,,,,,,,,,,,,,,,,,,,,,,,,,,,,,,,,,,,,,,,,,,,,,,,,,,,,,,,,,,,,,,,,,,,,,,,,,,,,,,,,,,,,,,,,,,,,,,,,,,,,,,,,,,,,,,,,,,,,,,,,
Data,12,record,timestamp,"944869664",s,position_lat,"390287599",semicircles,position_long,"-1398008263",semicircles,distance,"38240.2",m,altitude,"15.399999999999977",m,speed,"2.361",m/s,unknown,"0",,unknown,"100",,heart_rate,"130",bpm,cadence,"0",rpm,fractional_cadence,"0.0",rpm,enhanced_altitude,"15.399999999999977",m,enhanced_speed,"2.361",m/s,,,,,,,,,,,,,,,,,,,,,,,,,,,,,,,,,,,,,,,,,,,,,,,,,,,,,,,,,,,,,,,,,,,,,,,,,,,,,,,,,,,,,,,,,,,,,,,,,,,,,,,,,,,,,,,,,,,,,,,,,,,,,,,,,,,,,,,,,,,,,,,,,,,,,,,,,,,,,,,,,,,
Data,12,record,timestamp,"944869674",s,position_lat,"390286578",semicircles,position_long,"-1398011201",semicircles,distance,"38265.19",m,altitude,"15.0",m,speed,"2.202",m/s,unknown,"0",,unknown,"300",,heart_rate,"132",bpm,cadence,"0",rpm,fractional_cadence,"0.0",rpm,enhanced_altitude,"15.0",m,enhanced_speed,"2.202",m/s,,,,,,,,,,,,,,,,,,,,,,,,,,,,,,,,,,,,,,,,,,,,,,,,,,,,,,,,,,,,,,,,,,,,,,,,,,,,,,,,,,,,,,,,,,,,,,,,,,,,,,,,,,,,,,,,,,,,,,,,,,,,,,,,,,,,,,,,,,,,,,,,,,,,,,,,,,,,,,,,,,,
Data,12,record,timestamp,"944869683",s,position_lat,"390285474",semicircles,position_long,"-1398013871",semicircles,distance,"38288.6",m,altitude,"15.0",m,speed,"2.622",m/s,unknown,"0",,unknown,"300",,heart_rate,"135",bpm,cadence,"0",rpm,fractional_cadence,"0.0",rpm,enhanced_altitude,"15.0",m,enhanced_speed,"2.622",m/s,,,,,,,,,,,,,,,,,,,,,,,,,,,,,,,,,,,,,,,,,,,,,,,,,,,,,,,,,,,,,,,,,,,,,,,,,,,,,,,,,,,,,,,,,,,,,,,,,,,,,,,,,,,,,,,,,,,,,,,,,,,,,,,,,,,,,,,,,,,,,,,,,,,,,,,,,,,,,,,,,,,
Data,12,record,timestamp,"944869691",s,position_lat,"390284561",semicircles,position_long,"-1398016223",semicircles,distance,"38308.93",m,altitude,"15.200000000000045",m,speed,"2.678",m/s,unknown,"0",,unknown,"300",,heart_rate,"135",bpm,cadence,"0",rpm,fractional_cadence,"0.0",rpm,enhanced_altitude,"15.200000000000045",m,enhanced_speed,"2.678",m/s,,,,,,,,,,,,,,,,,,,,,,,,,,,,,,,,,,,,,,,,,,,,,,,,,,,,,,,,,,,,,,,,,,,,,,,,,,,,,,,,,,,,,,,,,,,,,,,,,,,,,,,,,,,,,,,,,,,,,,,,,,,,,,,,,,,,,,,,,,,,,,,,,,,,,,,,,,,,,,,,,,,
Data,12,record,timestamp,"944869700",s,position_lat,"390283295",semicircles,position_long,"-1398018824",semicircles,distance,"38332.51",m,altitude,"15.0",m,speed,"2.659",m/s,unknown,"0",,unknown,"300",,heart_rate,"134",bpm,cadence,"0",rpm,fractional_cadence,"0.0",rpm,enhanced_altitude,"15.0",m,enhanced_speed,"2.659",m/s,,,,,,,,,,,,,,,,,,,,,,,,,,,,,,,,,,,,,,,,,,,,,,,,,,,,,,,,,,,,,,,,,,,,,,,,,,,,,,,,,,,,,,,,,,,,,,,,,,,,,,,,,,,,,,,,,,,,,,,,,,,,,,,,,,,,,,,,,,,,,,,,,,,,,,,,,,,,,,,,,,,
Data,12,record,timestamp,"944869708",s,position_lat,"390282258",semicircles,position_long,"-1398021197",semicircles,distance,"38353.51",m,altitude,"15.0",m,speed,"2.305",m/s,unknown,"0",,unknown,"300",,heart_rate,"135",bpm,cadence,"0",rpm,fractional_cadence,"0.0",rpm,enhanced_altitude,"15.0",m,enhanced_speed,"2.305",m/s,,,,,,,,,,,,,,,,,,,,,,,,,,,,,,,,,,,,,,,,,,,,,,,,,,,,,,,,,,,,,,,,,,,,,,,,,,,,,,,,,,,,,,,,,,,,,,,,,,,,,,,,,,,,,,,,,,,,,,,,,,,,,,,,,,,,,,,,,,,,,,,,,,,,,,,,,,,,,,,,,,,
Data,12,record,timestamp,"944869717",s,position_lat,"390281480",semicircles,position_long,"-1398023861",semicircles,distance,"38375.66",m,altitude,"15.200000000000045",m,speed,"2.351",m/s,unknown,"0",,unknown,"300",,heart_rate,"138",bpm,cadence,"0",rpm,fractional_cadence,"0.0",rpm,enhanced_altitude,"15.200000000000045",m,enhanced_speed,"2.351",m/s,,,,,,,,,,,,,,,,,,,,,,,,,,,,,,,,,,,,,,,,,,,,,,,,,,,,,,,,,,,,,,,,,,,,,,,,,,,,,,,,,,,,,,,,,,,,,,,,,,,,,,,,,,,,,,,,,,,,,,,,,,,,,,,,,,,,,,,,,,,,,,,,,,,,,,,,,,,,,,,,,,,
Data,12,record,timestamp,"944869725",s,position_lat,"390280745",semicircles,position_long,"-1398026123",semicircles,distance,"38394.82",m,altitude,"15.799999999999955",m,speed,"2.426",m/s,unknown,"0",,unknown,"300",,heart_rate,"137",bpm,cadence,"0",rpm,fractional_cadence,"0.0",rpm,enhanced_altitude,"15.799999999999955",m,enhanced_speed,"2.426",m/s,,,,,,,,,,,,,,,,,,,,,,,,,,,,,,,,,,,,,,,,,,,,,,,,,,,,,,,,,,,,,,,,,,,,,,,,,,,,,,,,,,,,,,,,,,,,,,,,,,,,,,,,,,,,,,,,,,,,,,,,,,,,,,,,,,,,,,,,,,,,,,,,,,,,,,,,,,,,,,,,,,,
Data,12,record,timestamp,"944869734",s,position_lat,"390279583",semicircles,position_long,"-1398028690",semicircles,distance,"38417.72",m,altitude,"15.799999999999955",m,speed,"2.734",m/s,unknown,"0",,unknown,"100",,heart_rate,"136",bpm,cadence,"0",rpm,fractional_cadence,"0.0",rpm,enhanced_altitude,"15.799999999999955",m,enhanced_speed,"2.734",m/s,,,,,,,,,,,,,,,,,,,,,,,,,,,,,,,,,,,,,,,,,,,,,,,,,,,,,,,,,,,,,,,,,,,,,,,,,,,,,,,,,,,,,,,,,,,,,,,,,,,,,,,,,,,,,,,,,,,,,,,,,,,,,,,,,,,,,,,,,,,,,,,,,,,,,,,,,,,,,,,,,,,
Data,12,record,timestamp,"944869744",s,position_lat,"390278501",semicircles,position_long,"-1398032103",semicircles,distance,"38446.35",m,altitude,"15.799999999999955",m,speed,"2.715",m/s,unknown,"0",,unknown,"300",,heart_rate,"137",bpm,cadence,"0",rpm,fractional_cadence,"0.0",rpm,enhanced_altitude,"15.799999999999955",m,enhanced_speed,"2.715",m/s,,,,,,,,,,,,,,,,,,,,,,,,,,,,,,,,,,,,,,,,,,,,,,,,,,,,,,,,,,,,,,,,,,,,,,,,,,,,,,,,,,,,,,,,,,,,,,,,,,,,,,,,,,,,,,,,,,,,,,,,,,,,,,,,,,,,,,,,,,,,,,,,,,,,,,,,,,,,,,,,,,,
Data,12,record,timestamp,"944869752",s,position_lat,"390277648",semicircles,position_long,"-1398034696",semicircles,distance,"38468.22",m,altitude,"16.0",m,speed,"2.51",m/s,unknown,"0",,unknown,"100",,heart_rate,"138",bpm,cadence,"0",rpm,fractional_cadence,"0.0",rpm,enhanced_altitude,"16.0",m,enhanced_speed,"2.51",m/s,,,,,,,,,,,,,,,,,,,,,,,,,,,,,,,,,,,,,,,,,,,,,,,,,,,,,,,,,,,,,,,,,,,,,,,,,,,,,,,,,,,,,,,,,,,,,,,,,,,,,,,,,,,,,,,,,,,,,,,,,,,,,,,,,,,,,,,,,,,,,,,,,,,,,,,,,,,,,,,,,,,
Data,12,record,timestamp,"944869761",s,position_lat,"390277040",semicircles,position_long,"-1398037626",semicircles,distance,"38491.94",m,altitude,"16.0",m,speed,"2.435",m/s,unknown,"0",,unknown,"100",,heart_rate,"138",bpm,cadence,"0",rpm,fractional_cadence,"0.0",rpm,enhanced_altitude,"16.0",m,enhanced_speed,"2.435",m/s,,,,,,,,,,,,,,,,,,,,,,,,,,,,,,,,,,,,,,,,,,,,,,,,,,,,,,,,,,,,,,,,,,,,,,,,,,,,,,,,,,,,,,,,,,,,,,,,,,,,,,,,,,,,,,,,,,,,,,,,,,,,,,,,,,,,,,,,,,,,,,,,,,,,,,,,,,,,,,,,,,,
Data,12,record,timestamp,"944869772",s,position_lat,"390276500",semicircles,position_long,"-1398040802",semicircles,distance,"38517.39",m,altitude,"16.0",m,speed,"2.062",m/s,unknown,"0",,unknown,"100",,heart_rate,"139",bpm,cadence,"0",rpm,fractional_cadence,"0.0",rpm,enhanced_altitude,"16.0",m,enhanced_speed,"2.062",m/s,,,,,,,,,,,,,,,,,,,,,,,,,,,,,,,,,,,,,,,,,,,,,,,,,,,,,,,,,,,,,,,,,,,,,,,,,,,,,,,,,,,,,,,,,,,,,,,,,,,,,,,,,,,,,,,,,,,,,,,,,,,,,,,,,,,,,,,,,,,,,,,,,,,,,,,,,,,,,,,,,,,
Data,12,record,timestamp,"944869778",s,position_lat,"390276197",semicircles,position_long,"-1398042412",semicircles,distance,"38530.35",m,altitude,"16.0",m,speed,"2.23",m/s,unknown,"0",,unknown,"100",,heart_rate,"136",bpm,cadence,"0",rpm,fractional_cadence,"0.0",rpm,enhanced_altitude,"16.0",m,enhanced_speed,"2.23",m/s,,,,,,,,,,,,,,,,,,,,,,,,,,,,,,,,,,,,,,,,,,,,,,,,,,,,,,,,,,,,,,,,,,,,,,,,,,,,,,,,,,,,,,,,,,,,,,,,,,,,,,,,,,,,,,,,,,,,,,,,,,,,,,,,,,,,,,,,,,,,,,,,,,,,,,,,,,,,,,,,,,,
Data,12,record,timestamp,"944869782",s,position_lat,"390275959",semicircles,position_long,"-1398043577",semicircles,distance,"38539.78",m,altitude,"16.0",m,speed,"2.473",m/s,unknown,"0",,unknown,"100",,heart_rate,"136",bpm,cadence,"0",rpm,fractional_cadence,"0.0",rpm,enhanced_altitude,"16.0",m,enhanced_speed,"2.473",m/s,,,,,,,,,,,,,,,,,,,,,,,,,,,,,,,,,,,,,,,,,,,,,,,,,,,,,,,,,,,,,,,,,,,,,,,,,,,,,,,,,,,,,,,,,,,,,,,,,,,,,,,,,,,,,,,,,,,,,,,,,,,,,,,,,,,,,,,,,,,,,,,,,,,,,,,,,,,,,,,,,,,
Data,12,record,timestamp,"944869789",s,position_lat,"390275434",semicircles,position_long,"-1398045506",semicircles,distance,"38555.72",m,altitude,"16.0",m,speed,"2.389",m/s,unknown,"0",,unknown,"100",,heart_rate,"136",bpm,cadence,"0",rpm,fractional_cadence,"0.0",rpm,enhanced_altitude,"16.0",m,enhanced_speed,"2.389",m/s,,,,,,,,,,,,,,,,,,,,,,,,,,,,,,,,,,,,,,,,,,,,,,,,,,,,,,,,,,,,,,,,,,,,,,,,,,,,,,,,,,,,,,,,,,,,,,,,,,,,,,,,,,,,,,,,,,,,,,,,,,,,,,,,,,,,,,,,,,,,,,,,,,,,,,,,,,,,,,,,,,,
Data,12,record,timestamp,"944869798",s,position_lat,"390274628",semicircles,position_long,"-1398048007",semicircles,distance,"38576.77",m,altitude,"16.0",m,speed,"2.501",m/s,unknown,"0",,unknown,"100",,heart_rate,"137",bpm,cadence,"0",rpm,fractional_cadence,"0.0",rpm,enhanced_altitude,"16.0",m,enhanced_speed,"2.501",m/s,,,,,,,,,,,,,,,,,,,,,,,,,,,,,,,,,,,,,,,,,,,,,,,,,,,,,,,,,,,,,,,,,,,,,,,,,,,,,,,,,,,,,,,,,,,,,,,,,,,,,,,,,,,,,,,,,,,,,,,,,,,,,,,,,,,,,,,,,,,,,,,,,,,,,,,,,,,,,,,,,,,
Data,12,record,timestamp,"944869808",s,position_lat,"390273799",semicircles,position_long,"-1398050883",semicircles,distance,"38600.59",m,altitude,"16.0",m,speed,"2.342",m/s,unknown,"0",,unknown,"100",,heart_rate,"136",bpm,cadence,"0",rpm,fractional_cadence,"0.0",rpm,enhanced_altitude,"16.0",m,enhanced_speed,"2.342",m/s,,,,,,,,,,,,,,,,,,,,,,,,,,,,,,,,,,,,,,,,,,,,,,,,,,,,,,,,,,,,,,,,,,,,,,,,,,,,,,,,,,,,,,,,,,,,,,,,,,,,,,,,,,,,,,,,,,,,,,,,,,,,,,,,,,,,,,,,,,,,,,,,,,,,,,,,,,,,,,,,,,,
Data,12,record,timestamp,"944869816",s,position_lat,"390273290",semicircles,position_long,"-1398053238",semicircles,distance,"38619.69",m,altitude,"15.799999999999955",m,speed,"2.165",m/s,unknown,"0",,unknown,"100",,heart_rate,"137",bpm,cadence,"0",rpm,fractional_cadence,"0.0",rpm,enhanced_altitude,"15.799999999999955",m,enhanced_speed,"2.165",m/s,,,,,,,,,,,,,,,,,,,,,,,,,,,,,,,,,,,,,,,,,,,,,,,,,,,,,,,,,,,,,,,,,,,,,,,,,,,,,,,,,,,,,,,,,,,,,,,,,,,,,,,,,,,,,,,,,,,,,,,,,,,,,,,,,,,,,,,,,,,,,,,,,,,,,,,,,,,,,,,,,,,
Data,12,record,timestamp,"944869824",s,position_lat,"390272845",semicircles,position_long,"-1398055352",semicircles,distance,"38636.83",m,altitude,"15.600000000000023",m,speed,"2.127",m/s,unknown,"0",,unknown,"100",,heart_rate,"137",bpm,cadence,"0",rpm,fractional_cadence,"0.0",rpm,enhanced_altitude,"15.600000000000023",m,enhanced_speed,"2.127",m/s,,,,,,,,,,,,,,,,,,,,,,,,,,,,,,,,,,,,,,,,,,,,,,,,,,,,,,,,,,,,,,,,,,,,,,,,,,,,,,,,,,,,,,,,,,,,,,,,,,,,,,,,,,,,,,,,,,,,,,,,,,,,,,,,,,,,,,,,,,,,,,,,,,,,,,,,,,,,,,,,,,,
Data,12,record,timestamp,"944869830",s,position_lat,"390272523",semicircles,position_long,"-1398057017",semicircles,distance,"38650.24",m,altitude,"15.799999999999955",m,speed,"2.249",m/s,unknown,"0",,unknown,"100",,heart_rate,"141",bpm,cadence,"0",rpm,fractional_cadence,"0.0",rpm,enhanced_altitude,"15.799999999999955",m,enhanced_speed,"2.249",m/s,,,,,,,,,,,,,,,,,,,,,,,,,,,,,,,,,,,,,,,,,,,,,,,,,,,,,,,,,,,,,,,,,,,,,,,,,,,,,,,,,,,,,,,,,,,,,,,,,,,,,,,,,,,,,,,,,,,,,,,,,,,,,,,,,,,,,,,,,,,,,,,,,,,,,,,,,,,,,,,,,,,
Data,12,record,timestamp,"944869834",s,position_lat,"390272278",semicircles,position_long,"-1398058132",semicircles,distance,"38659.31",m,altitude,"16.0",m,speed,"2.323",m/s,unknown,"0",,unknown,"100",,heart_rate,"141",bpm,cadence,"0",rpm,fractional_cadence,"0.0",rpm,enhanced_altitude,"16.0",m,enhanced_speed,"2.323",m/s,,,,,,,,,,,,,,,,,,,,,,,,,,,,,,,,,,,,,,,,,,,,,,,,,,,,,,,,,,,,,,,,,,,,,,,,,,,,,,,,,,,,,,,,,,,,,,,,,,,,,,,,,,,,,,,,,,,,,,,,,,,,,,,,,,,,,,,,,,,,,,,,,,,,,,,,,,,,,,,,,,,
Data,12,record,timestamp,"944869842",s,position_lat,"390271665",semicircles,position_long,"-1398060251",semicircles,distance,"38676.79",m,altitude,"16.0",m,speed,"2.258",m/s,unknown,"0",,unknown,"100",,heart_rate,"139",bpm,cadence,"0",rpm,fractional_cadence,"0.0",rpm,enhanced_altitude,"16.0",m,enhanced_speed,"2.258",m/s,,,,,,,,,,,,,,,,,,,,,,,,,,,,,,,,,,,,,,,,,,,,,,,,,,,,,,,,,,,,,,,,,,,,,,,,,,,,,,,,,,,,,,,,,,,,,,,,,,,,,,,,,,,,,,,,,,,,,,,,,,,,,,,,,,,,,,,,,,,,,,,,,,,,,,,,,,,,,,,,,,,
Data,12,record,timestamp,"944869849",s,position_lat,"390271325",semicircles,position_long,"-1398062031",semicircles,distance,"38691.14",m,altitude,"16.0",m,speed,"1.913",m/s,unknown,"0",,unknown,"100",,heart_rate,"136",bpm,cadence,"0",rpm,fractional_cadence,"0.0",rpm,enhanced_altitude,"16.0",m,enhanced_speed,"1.913",m/s,,,,,,,,,,,,,,,,,,,,,,,,,,,,,,,,,,,,,,,,,,,,,,,,,,,,,,,,,,,,,,,,,,,,,,,,,,,,,,,,,,,,,,,,,,,,,,,,,,,,,,,,,,,,,,,,,,,,,,,,,,,,,,,,,,,,,,,,,,,,,,,,,,,,,,,,,,,,,,,,,,,
Data,12,record,timestamp,"944869852",s,position_lat,"390271080",semicircles,position_long,"-1398062785",semicircles,distance,"38697.49",m,altitude,"15.799999999999955",m,speed,"2.137",m/s,unknown,"0",,unknown,"100",,heart_rate,"136",bpm,cadence,"0",rpm,fractional_cadence,"0.0",rpm,enhanced_altitude,"15.799999999999955",m,enhanced_speed,"2.137",m/s,,,,,,,,,,,,,,,,,,,,,,,,,,,,,,,,,,,,,,,,,,,,,,,,,,,,,,,,,,,,,,,,,,,,,,,,,,,,,,,,,,,,,,,,,,,,,,,,,,,,,,,,,,,,,,,,,,,,,,,,,,,,,,,,,,,,,,,,,,,,,,,,,,,,,,,,,,,,,,,,,,,
Data,12,record,timestamp,"944869863",s,position_lat,"390269966",semicircles,position_long,"-1398065524",semicircles,distance,"38721.36",m,altitude,"15.399999999999977",m,speed,"2.043",m/s,unknown,"0",,unknown,"100",,heart_rate,"138",bpm,cadence,"0",rpm,fractional_cadence,"0.0",rpm,enhanced_altitude,"15.399999999999977",m,enhanced_speed,"2.043",m/s,,,,,,,,,,,,,,,,,,,,,,,,,,,,,,,,,,,,,,,,,,,,,,,,,,,,,,,,,,,,,,,,,,,,,,,,,,,,,,,,,,,,,,,,,,,,,,,,,,,,,,,,,,,,,,,,,,,,,,,,,,,,,,,,,,,,,,,,,,,,,,,,,,,,,,,,,,,,,,,,,,,
Data,12,record,timestamp,"944869871",s,position_lat,"390268914",semicircles,position_long,"-1398067546",semicircles,distance,"38740.01",m,altitude,"15.600000000000023",m,speed,"2.221",m/s,unknown,"0",,unknown,"100",,heart_rate,"137",bpm,cadence,"0",rpm,fractional_cadence,"0.0",rpm,enhanced_altitude,"15.600000000000023",m,enhanced_speed,"2.221",m/s,,,,,,,,,,,,,,,,,,,,,,,,,,,,,,,,,,,,,,,,,,,,,,,,,,,,,,,,,,,,,,,,,,,,,,,,,,,,,,,,,,,,,,,,,,,,,,,,,,,,,,,,,,,,,,,,,,,,,,,,,,,,,,,,,,,,,,,,,,,,,,,,,,,,,,,,,,,,,,,,,,,
Data,12,record,timestamp,"944869875",s,position_lat,"390268411",semicircles,position_long,"-1398068701",semicircles,distance,"38750.23",m,altitude,"15.799999999999955",m,speed,"2.482",m/s,unknown,"0",,unknown,"100",,heart_rate,"140",bpm,cadence,"0",rpm,fractional_cadence,"0.0",rpm,enhanced_altitude,"15.799999999999955",m,enhanced_speed,"2.482",m/s,,,,,,,,,,,,,,,,,,,,,,,,,,,,,,,,,,,,,,,,,,,,,,,,,,,,,,,,,,,,,,,,,,,,,,,,,,,,,,,,,,,,,,,,,,,,,,,,,,,,,,,,,,,,,,,,,,,,,,,,,,,,,,,,,,,,,,,,,,,,,,,,,,,,,,,,,,,,,,,,,,,
Data,12,record,timestamp,"944869876",s,position_lat,"390268342",semicircles,position_long,"-1398069009",semicircles,distance,"38752.73",m,altitude,"16.0",m,speed,"2.267",m/s,unknown,"0",,unknown,"100",,heart_rate,"136",bpm,cadence,"0",rpm,fractional_cadence,"0.0",rpm,enhanced_altitude,"16.0",m,enhanced_speed,"2.267",m/s,,,,,,,,,,,,,,,,,,,,,,,,,,,,,,,,,,,,,,,,,,,,,,,,,,,,,,,,,,,,,,,,,,,,,,,,,,,,,,,,,,,,,,,,,,,,,,,,,,,,,,,,,,,,,,,,,,,,,,,,,,,,,,,,,,,,,,,,,,,,,,,,,,,,,,,,,,,,,,,,,,,
Data,12,record,timestamp,"944869878",s,position_lat,"390268259",semicircles,position_long,"-1398069607",semicircles,distance,"38757.5",m,altitude,"16.0",m,speed,"2.323",m/s,unknown,"0",,unknown,"100",,heart_rate,"137",bpm,cadence,"0",rpm,fractional_cadence,"0.0",rpm,enhanced_altitude,"16.0",m,enhanced_speed,"2.323",m/s,,,,,,,,,,,,,,,,,,,,,,,,,,,,,,,,,,,,,,,,,,,,,,,,,,,,,,,,,,,,,,,,,,,,,,,,,,,,,,,,,,,,,,,,,,,,,,,,,,,,,,,,,,,,,,,,,,,,,,,,,,,,,,,,,,,,,,,,,,,,,,,,,,,,,,,,,,,,,,,,,,,
Data,12,record,timestamp,"944869881",s,position_lat,"390268451",semicircles,position_long,"-1398070353",semicircles,distance,"38763.68",m,altitude,"16.0",m,speed,"2.099",m/s,unknown,"0",,unknown,"100",,heart_rate,"134",bpm,cadence,"0",rpm,fractional_cadence,"0.0",rpm,enhanced_altitude,"16.0",m,enhanced_speed,"2.099",m/s,,,,,,,,,,,,,,,,,,,,,,,,,,,,,,,,,,,,,,,,,,,,,,,,,,,,,,,,,,,,,,,,,,,,,,,,,,,,,,,,,,,,,,,,,,,,,,,,,,,,,,,,,,,,,,,,,,,,,,,,,,,,,,,,,,,,,,,,,,,,,,,,,,,,,,,,,,,,,,,,,,,
Data,12,record,timestamp,"944869883",s,position_lat,"390268759",semicircles,position_long,"-1398070701",semicircles,distance,"38767.66",m,altitude,"16.0",m,speed,"1.81",m/s,unknown,"0",,unknown,"100",,heart_rate,"135",bpm,cadence,"0",rpm,fractional_cadence,"0.0",rpm,enhanced_altitude,"16.0",m,enhanced_speed,"1.81",m/s,,,,,,,,,,,,,,,,,,,,,,,,,,,,,,,,,,,,,,,,,,,,,,,,,,,,,,,,,,,,,,,,,,,,,,,,,,,,,,,,,,,,,,,,,,,,,,,,,,,,,,,,,,,,,,,,,,,,,,,,,,,,,,,,,,,,,,,,,,,,,,,,,,,,,,,,,,,,,,,,,,,
Data,12,record,timestamp,"944869889",s,position_lat,"390270056",semicircles,position_long,"-1398070911",semicircles,distance,"38780.09",m,altitude,"14.799999999999955",m,speed,"2.239",m/s,unknown,"0",,unknown,"100",,heart_rate,"135",bpm,cadence,"0",rpm,fractional_cadence,"0.0",rpm,enhanced_altitude,"14.799999999999955",m,enhanced_speed,"2.239",m/s,,,,,,,,,,,,,,,,,,,,,,,,,,,,,,,,,,,,,,,,,,,,,,,,,,,,,,,,,,,,,,,,,,,,,,,,,,,,,,,,,,,,,,,,,,,,,,,,,,,,,,,,,,,,,,,,,,,,,,,,,,,,,,,,,,,,,,,,,,,,,,,,,,,,,,,,,,,,,,,,,,,
Data,12,record,timestamp,"944869896",s,position_lat,"390272072",semicircles,position_long,"-1398070969",semicircles,distance,"38798.84",m,altitude,"14.799999999999955",m,speed,"2.902",m/s,unknown,"0",,unknown,"100",,heart_rate,"132",bpm,cadence,"60",rpm,fractional_cadence,"0.0",rpm,enhanced_altitude,"14.799999999999955",m,enhanced_speed,"2.902",m/s,,,,,,,,,,,,,,,,,,,,,,,,,,,,,,,,,,,,,,,,,,,,,,,,,,,,,,,,,,,,,,,,,,,,,,,,,,,,,,,,,,,,,,,,,,,,,,,,,,,,,,,,,,,,,,,,,,,,,,,,,,,,,,,,,,,,,,,,,,,,,,,,,,,,,,,,,,,,,,,,,,,
Data,12,record,timestamp,"944869897",s,position_lat,"390272416",semicircles,position_long,"-1398070986",semicircles,distance,"38802.03",m,altitude,"15.0",m,speed,"2.958",m/s,unknown,"0",,unknown,"100",,heart_rate,"133",bpm,cadence,"60",rpm,fractional_cadence,"0.0",rpm,enhanced_altitude,"15.0",m,enhanced_speed,"2.958",m/s,,,,,,,,,,,,,,,,,,,,,,,,,,,,,,,,,,,,,,,,,,,,,,,,,,,,,,,,,,,,,,,,,,,,,,,,,,,,,,,,,,,,,,,,,,,,,,,,,,,,,,,,,,,,,,,,,,,,,,,,,,,,,,,,,,,,,,,,,,,,,,,,,,,,,,,,,,,,,,,,,,,
Data,12,record,timestamp,"944869905",s,position_lat,"390275086",semicircles,position_long,"-1398071212",semicircles,distance,"38826.91",m,altitude,"15.200000000000045",m,speed,"2.93",m/s,unknown,"0",,unknown,"300",,heart_rate,"136",bpm,cadence,"0",rpm,fractional_cadence,"0.0",rpm,enhanced_altitude,"15.200000000000045",m,enhanced_speed,"2.93",m/s,,,,,,,,,,,,,,,,,,,,,,,,,,,,,,,,,,,,,,,,,,,,,,,,,,,,,,,,,,,,,,,,,,,,,,,,,,,,,,,,,,,,,,,,,,,,,,,,,,,,,,,,,,,,,,,,,,,,,,,,,,,,,,,,,,,,,,,,,,,,,,,,,,,,,,,,,,,,,,,,,,,
Data,12,record,timestamp,"944869907",s,position_lat,"390275785",semicircles,position_long,"-1398071307",semicircles,distance,"38833.44",m,altitude,"15.200000000000045",m,speed,"3.238",m/s,unknown,"0",,unknown,"300",,heart_rate,"137",bpm,cadence,"0",rpm,fractional_cadence,"0.0",rpm,enhanced_altitude,"15.200000000000045",m,enhanced_speed,"3.238",m/s,,,,,,,,,,,,,,,,,,,,,,,,,,,,,,,,,,,,,,,,,,,,,,,,,,,,,,,,,,,,,,,,,,,,,,,,,,,,,,,,,,,,,,,,,,,,,,,,,,,,,,,,,,,,,,,,,,,,,,,,,,,,,,,,,,,,,,,,,,,,,,,,,,,,,,,,,,,,,,,,,,,
Data,12,record,timestamp,"944869915",s,position_lat,"390278429",semicircles,position_long,"-1398071925",semicircles,distance,"38858.52",m,altitude,"15.0",m,speed,"2.958",m/s,unknown,"0",,unknown,"300",,heart_rate,"138",bpm,cadence,"0",rpm,fractional_cadence,"0.0",rpm,enhanced_altitude,"15.0",m,enhanced_speed,"2.958",m/s,,,,,,,,,,,,,,,,,,,,,,,,,,,,,,,,,,,,,,,,,,,,,,,,,,,,,,,,,,,,,,,,,,,,,,,,,,,,,,,,,,,,,,,,,,,,,,,,,,,,,,,,,,,,,,,,,,,,,,,,,,,,,,,,,,,,,,,,,,,,,,,,,,,,,,,,,,,,,,,,,,,
Data,12,record,timestamp,"944869923",s,position_lat,"390280848",semicircles,position_long,"-1398072672",semicircles,distance,"38881.77",m,altitude,"15.600000000000023",m,speed,"2.902",m/s,unknown,"0",,unknown,"300",,heart_rate,"139",bpm,cadence,"0",rpm,fractional_cadence,"0.0",rpm,enhanced_altitude,"15.600000000000023",m,enhanced_speed,"2.902",m/s,,,,,,,,,,,,,,,,,,,,,,,,,,,,,,,,,,,,,,,,,,,,,,,,,,,,,,,,,,,,,,,,,,,,,,,,,,,,,,,,,,,,,,,,,,,,,,,,,,,,,,,,,,,,,,,,,,,,,,,,,,,,,,,,,,,,,,,,,,,,,,,,,,,,,,,,,,,,,,,,,,,
Data,12,record,timestamp,"944869928",s,position_lat,"390282305",semicircles,position_long,"-1398073172",semicircles,distance,"38895.85",m,altitude,"16.399999999999977",m,speed,"2.706",m/s,unknown,"0",,unknown,"300",,heart_rate,"139",bpm,cadence,"42",rpm,fractional_cadence,"0.0",rpm,enhanced_altitude,"16.399999999999977",m,enhanced_speed,"2.706",m/s,,,,,,,,,,,,,,,,,,,,,,,,,,,,,,,,,,,,,,,,,,,,,,,,,,,,,,,,,,,,,,,,,,,,,,,,,,,,,,,,,,,,,,,,,,,,,,,,,,,,,,,,,,,,,,,,,,,,,,,,,,,,,,,,,,,,,,,,,,,,,,,,,,,,,,,,,,,,,,,,,,,
Data,12,record,timestamp,"944869931",s,position_lat,"390283161",semicircles,position_long,"-1398073456",semicircles,distance,"38904.1",m,altitude,"16.399999999999977",m,speed,"2.659",m/s,unknown,"0",,unknown,"300",,heart_rate,"138",bpm,cadence,"0",rpm,fractional_cadence,"0.0",rpm,enhanced_altitude,"16.399999999999977",m,enhanced_speed,"2.659",m/s,,,,,,,,,,,,,,,,,,,,,,,,,,,,,,,,,,,,,,,,,,,,,,,,,,,,,,,,,,,,,,,,,,,,,,,,,,,,,,,,,,,,,,,,,,,,,,,,,,,,,,,,,,,,,,,,,,,,,,,,,,,,,,,,,,,,,,,,,,,,,,,,,,,,,,,,,,,,,,,,,,,
Data,12,record,timestamp,"944869939",s,position_lat,"390285448",semicircles,position_long,"-1398074175",semicircles,distance,"38926.15",m,altitude,"16.200000000000045",m,speed,"2.659",m/s,unknown,"0",,unknown,"100",,heart_rate,"140",bpm,cadence,"0",rpm,fractional_cadence,"0.0",rpm,enhanced_altitude,"16.200000000000045",m,enhanced_speed,"2.659",m/s,,,,,,,,,,,,,,,,,,,,,,,,,,,,,,,,,,,,,,,,,,,,,,,,,,,,,,,,,,,,,,,,,,,,,,,,,,,,,,,,,,,,,,,,,,,,,,,,,,,,,,,,,,,,,,,,,,,,,,,,,,,,,,,,,,,,,,,,,,,,,,,,,,,,,,,,,,,,,,,,,,,
Data,12,record,timestamp,"944869949",s,position_lat,"390288126",semicircles,position_long,"-1398075101",semicircles,distance,"38952.13",m,altitude,"15.600000000000023",m,speed,"2.622",m/s,unknown,"0",,unknown,"300",,heart_rate,"141",bpm,cadence,"0",rpm,fractional_cadence,"0.0",rpm,enhanced_altitude,"15.600000000000023",m,enhanced_speed,"2.622",m/s,,,,,,,,,,,,,,,,,,,,,,,,,,,,,,,,,,,,,,,,,,,,,,,,,,,,,,,,,,,,,,,,,,,,,,,,,,,,,,,,,,,,,,,,,,,,,,,,,,,,,,,,,,,,,,,,,,,,,,,,,,,,,,,,,,,,,,,,,,,,,,,,,,,,,,,,,,,,,,,,,,,
Data,12,record,timestamp,"944869957",s,position_lat,"390290422",semicircles,position_long,"-1398075457",semicircles,distance,"38973.7",m,altitude,"15.600000000000023",m,speed,"2.762",m/s,unknown,"0",,unknown,"100",,heart_rate,"140",bpm,cadence,"0",rpm,fractional_cadence,"0.0",rpm,enhanced_altitude,"15.600000000000023",m,enhanced_speed,"2.762",m/s,,,,,,,,,,,,,,,,,,,,,,,,,,,,,,,,,,,,,,,,,,,,,,,,,,,,,,,,,,,,,,,,,,,,,,,,,,,,,,,,,,,,,,,,,,,,,,,,,,,,,,,,,,,,,,,,,,,,,,,,,,,,,,,,,,,,,,,,,,,,,,,,,,,,,,,,,,,,,,,,,,,
Data,12,record,timestamp,"944869966",s,position_lat,"390293039",semicircles,position_long,"-1398075422",semicircles,distance,"38998.04",m,altitude,"15.799999999999955",m,speed,"2.893",m/s,unknown,"0",,unknown,"100",,heart_rate,"139",bpm,cadence,"0",rpm,fractional_cadence,"0.0",rpm,enhanced_altitude,"15.799999999999955",m,enhanced_speed,"2.893",m/s,,,,,,,,,,,,,,,,,,,,,,,,,,,,,,,,,,,,,,,,,,,,,,,,,,,,,,,,,,,,,,,,,,,,,,,,,,,,,,,,,,,,,,,,,,,,,,,,,,,,,,,,,,,,,,,,,,,,,,,,,,,,,,,,,,,,,,,,,,,,,,,,,,,,,,,,,,,,,,,,,,,
Data,12,record,timestamp,"944869973",s,position_lat,"390295126",semicircles,position_long,"-1398075167",semicircles,distance,"39017.54",m,altitude,"16.0",m,speed,"2.622",m/s,unknown,"0",,unknown,"300",,heart_rate,"132",bpm,cadence,"0",rpm,fractional_cadence,"0.0",rpm,enhanced_altitude,"16.0",m,enhanced_speed,"2.622",m/s,,,,,,,,,,,,,,,,,,,,,,,,,,,,,,,,,,,,,,,,,,,,,,,,,,,,,,,,,,,,,,,,,,,,,,,,,,,,,,,,,,,,,,,,,,,,,,,,,,,,,,,,,,,,,,,,,,,,,,,,,,,,,,,,,,,,,,,,,,,,,,,,,,,,,,,,,,,,,,,,,,,
Data,12,record,timestamp,"944869976",s,position_lat,"390296078",semicircles,position_long,"-1398075087",semicircles,distance,"39026.42",m,altitude,"16.0",m,speed,"2.753",m/s,unknown,"0",,unknown,"100",,heart_rate,"133",bpm,cadence,"0",rpm,fractional_cadence,"0.0",rpm,enhanced_altitude,"16.0",m,enhanced_speed,"2.753",m/s,,,,,,,,,,,,,,,,,,,,,,,,,,,,,,,,,,,,,,,,,,,,,,,,,,,,,,,,,,,,,,,,,,,,,,,,,,,,,,,,,,,,,,,,,,,,,,,,,,,,,,,,,,,,,,,,,,,,,,,,,,,,,,,,,,,,,,,,,,,,,,,,,,,,,,,,,,,,,,,,,,,
Data,12,record,timestamp,"944869984",s,position_lat,"390298741",semicircles,position_long,"-1398074662",semicircles,distance,"39051.42",m,altitude,"16.0",m,speed,"2.976",m/s,unknown,"0",,unknown,"300",,heart_rate,"130",bpm,cadence,"0",rpm,fractional_cadence,"0.0",rpm,enhanced_altitude,"16.0",m,enhanced_speed,"2.976",m/s,,,,,,,,,,,,,,,,,,,,,,,,,,,,,,,,,,,,,,,,,,,,,,,,,,,,,,,,,,,,,,,,,,,,,,,,,,,,,,,,,,,,,,,,,,,,,,,,,,,,,,,,,,,,,,,,,,,,,,,,,,,,,,,,,,,,,,,,,,,,,,,,,,,,,,,,,,,,,,,,,,,
Data,12,record,timestamp,"944869985",s,position_lat,"390299063",semicircles,position_long,"-1398074633",semicircles,distance,"39054.42",m,altitude,"16.0",m,speed,"2.902",m/s,unknown,"0",,unknown,"300",,heart_rate,"130",bpm,cadence,"0",rpm,fractional_cadence,"0.0",rpm,enhanced_altitude,"16.0",m,enhanced_speed,"2.902",m/s,,,,,,,,,,,,,,,,,,,,,,,,,,,,,,,,,,,,,,,,,,,,,,,,,,,,,,,,,,,,,,,,,,,,,,,,,,,,,,,,,,,,,,,,,,,,,,,,,,,,,,,,,,,,,,,,,,,,,,,,,,,,,,,,,,,,,,,,,,,,,,,,,,,,,,,,,,,,,,,,,,,
Data,12,record,timestamp,"944869992",s,position_lat,"390300978",semicircles,position_long,"-1398074444",semicircles,distance,"39072.3",m,altitude,"15.799999999999955",m,speed,"2.79",m/s,unknown,"0",,unknown,"100",,heart_rate,"130",bpm,cadence,"0",rpm,fractional_cadence,"0.0",rpm,enhanced_altitude,"15.799999999999955",m,enhanced_speed,"2.79",m/s,,,,,,,,,,,,,,,,,,,,,,,,,,,,,,,,,,,,,,,,,,,,,,,,,,,,,,,,,,,,,,,,,,,,,,,,,,,,,,,,,,,,,,,,,,,,,,,,,,,,,,,,,,,,,,,,,,,,,,,,,,,,,,,,,,,,,,,,,,,,,,,,,,,,,,,,,,,,,,,,,,,
Data,12,record,timestamp,"944870000",s,position_lat,"390303287",semicircles,position_long,"-1398074283",semicircles,distance,"39093.82",m,altitude,"15.799999999999955",m,speed,"2.883",m/s,unknown,"0",,unknown,"100",,heart_rate,"128",bpm,cadence,"0",rpm,fractional_cadence,"0.0",rpm,enhanced_altitude,"15.799999999999955",m,enhanced_speed,"2.883",m/s,,,,,,,,,,,,,,,,,,,,,,,,,,,,,,,,,,,,,,,,,,,,,,,,,,,,,,,,,,,,,,,,,,,,,,,,,,,,,,,,,,,,,,,,,,,,,,,,,,,,,,,,,,,,,,,,,,,,,,,,,,,,,,,,,,,,,,,,,,,,,,,,,,,,,,,,,,,,,,,,,,,
Data,12,record,timestamp,"944870006",s,position_lat,"390305097",semicircles,position_long,"-1398074001",semicircles,distance,"39110.81",m,altitude,"16.200000000000045",m,speed,"2.706",m/s,unknown,"0",,unknown,"100",,heart_rate,"131",bpm,cadence,"0",rpm,fractional_cadence,"0.0",rpm,enhanced_altitude,"16.200000000000045",m,enhanced_speed,"2.706",m/s,,,,,,,,,,,,,,,,,,,,,,,,,,,,,,,,,,,,,,,,,,,,,,,,,,,,,,,,,,,,,,,,,,,,,,,,,,,,,,,,,,,,,,,,,,,,,,,,,,,,,,,,,,,,,,,,,,,,,,,,,,,,,,,,,,,,,,,,,,,,,,,,,,,,,,,,,,,,,,,,,,,
Data,12,record,timestamp,"944870009",s,position_lat,"390306006",semicircles,position_long,"-1398073856",semicircles,distance,"39119.35",m,altitude,"16.200000000000045",m,speed,"2.687",m/s,unknown,"0",,unknown,"100",,heart_rate,"128",bpm,cadence,"0",rpm,fractional_cadence,"0.0",rpm,enhanced_altitude,"16.200000000000045",m,enhanced_speed,"2.687",m/s,,,,,,,,,,,,,,,,,,,,,,,,,,,,,,,,,,,,,,,,,,,,,,,,,,,,,,,,,,,,,,,,,,,,,,,,,,,,,,,,,,,,,,,,,,,,,,,,,,,,,,,,,,,,,,,,,,,,,,,,,,,,,,,,,,,,,,,,,,,,,,,,,,,,,,,,,,,,,,,,,,,
Data,12,record,timestamp,"944870015",s,position_lat,"390307862",semicircles,position_long,"-1398073668",semicircles,distance,"39136.7",m,altitude,"16.200000000000045",m,speed,"2.771",m/s,unknown,"0",,unknown,"100",,heart_rate,"130",bpm,cadence,"0",rpm,fractional_cadence,"0.0",rpm,enhanced_altitude,"16.200000000000045",m,enhanced_speed,"2.771",m/s,,,,,,,,,,,,,,,,,,,,,,,,,,,,,,,,,,,,,,,,,,,,,,,,,,,,,,,,,,,,,,,,,,,,,,,,,,,,,,,,,,,,,,,,,,,,,,,,,,,,,,,,,,,,,,,,,,,,,,,,,,,,,,,,,,,,,,,,,,,,,,,,,,,,,,,,,,,,,,,,,,,
Data,12,record,timestamp,"944870023",s,position_lat,"390310391",semicircles,position_long,"-1398073301",semicircles,distance,"39160.42",m,altitude,"16.200000000000045",m,speed,"2.79",m/s,unknown,"0",,unknown,"100",,heart_rate,"130",bpm,cadence,"0",rpm,fractional_cadence,"0.0",rpm,enhanced_altitude,"16.200000000000045",m,enhanced_speed,"2.79",m/s,,,,,,,,,,,,,,,,,,,,,,,,,,,,,,,,,,,,,,,,,,,,,,,,,,,,,,,,,,,,,,,,,,,,,,,,,,,,,,,,,,,,,,,,,,,,,,,,,,,,,,,,,,,,,,,,,,,,,,,,,,,,,,,,,,,,,,,,,,,,,,,,,,,,,,,,,,,,,,,,,,,
Data,12,record,timestamp,"944870033",s,position_lat,"390313372",semicircles,position_long,"-1398072412",semicircles,distance,"39189.0",m,altitude,"16.0",m,speed,"2.818",m/s,unknown,"0",,unknown,"100",,heart_rate,"130",bpm,cadence,"0",rpm,fractional_cadence,"0.0",rpm,enhanced_altitude,"16.0",m,enhanced_speed,"2.818",m/s,,,,,,,,,,,,,,,,,,,,,,,,,,,,,,,,,,,,,,,,,,,,,,,,,,,,,,,,,,,,,,,,,,,,,,,,,,,,,,,,,,,,,,,,,,,,,,,,,,,,,,,,,,,,,,,,,,,,,,,,,,,,,,,,,,,,,,,,,,,,,,,,,,,,,,,,,,,,,,,,,,,
Data,12,record,timestamp,"944870040",s,position_lat,"390315644",semicircles,position_long,"-1398071923",semicircles,distance,"39210.46",m,altitude,"16.399999999999977",m,speed,"3.07",m/s,unknown,"0",,unknown,"100",,heart_rate,"129",bpm,cadence,"0",rpm,fractional_cadence,"0.0",rpm,enhanced_altitude,"16.399999999999977",m,enhanced_speed,"3.07",m/s,,,,,,,,,,,,,,,,,,,,,,,,,,,,,,,,,,,,,,,,,,,,,,,,,,,,,,,,,,,,,,,,,,,,,,,,,,,,,,,,,,,,,,,,,,,,,,,,,,,,,,,,,,,,,,,,,,,,,,,,,,,,,,,,,,,,,,,,,,,,,,,,,,,,,,,,,,,,,,,,,,,
Data,12,record,timestamp,"944870049",s,position_lat,"390318630",semicircles,position_long,"-1398071597",semicircles,distance,"39238.38",m,altitude,"17.0",m,speed,"3.098",m/s,unknown,"0",,unknown,"100",,heart_rate,"128",bpm,cadence,"0",rpm,fractional_cadence,"0.0",rpm,enhanced_altitude,"17.0",m,enhanced_speed,"3.098",m/s,,,,,,,,,,,,,,,,,,,,,,,,,,,,,,,,,,,,,,,,,,,,,,,,,,,,,,,,,,,,,,,,,,,,,,,,,,,,,,,,,,,,,,,,,,,,,,,,,,,,,,,,,,,,,,,,,,,,,,,,,,,,,,,,,,,,,,,,,,,,,,,,,,,,,,,,,,,,,,,,,,,
Data,12,record,timestamp,"944870059",s,position_lat,"390321744",semicircles,position_long,"-1398070787",semicircles,distance,"39268.02",m,altitude,"17.200000000000045",m,speed,"2.715",m/s,unknown,"0",,unknown,"100",,heart_rate,"127",bpm,cadence,"0",rpm,fractional_cadence,"0.0",rpm,enhanced_altitude,"17.200000000000045",m,enhanced_speed,"2.715",m/s,,,,,,,,,,,,,,,,,,,,,,,,,,,,,,,,,,,,,,,,,,,,,,,,,,,,,,,,,,,,,,,,,,,,,,,,,,,,,,,,,,,,,,,,,,,,,,,,,,,,,,,,,,,,,,,,,,,,,,,,,,,,,,,,,,,,,,,,,,,,,,,,,,,,,,,,,,,,,,,,,,,
Data,12,record,timestamp,"944870065",s,position_lat,"390323415",semicircles,position_long,"-1398070173",semicircles,distance,"39284.28",m,altitude,"17.0",m,speed,"2.762",m/s,unknown,"0",,unknown,"100",,heart_rate,"130",bpm,cadence,"0",rpm,fractional_cadence,"0.0",rpm,enhanced_altitude,"17.0",m,enhanced_speed,"2.762",m/s,,,,,,,,,,,,,,,,,,,,,,,,,,,,,,,,,,,,,,,,,,,,,,,,,,,,,,,,,,,,,,,,,,,,,,,,,,,,,,,,,,,,,,,,,,,,,,,,,,,,,,,,,,,,,,,,,,,,,,,,,,,,,,,,,,,,,,,,,,,,,,,,,,,,,,,,,,,,,,,,,,,
Data,12,record,timestamp,"944870067",s,position_lat,"390323958",semicircles,position_long,"-1398070021",semicircles,distance,"39289.47",m,altitude,"17.0",m,speed,"2.715",m/s,unknown,"0",,unknown,"100",,heart_rate,"127",bpm,cadence,"0",rpm,fractional_cadence,"0.0",rpm,enhanced_altitude,"17.0",m,enhanced_speed,"2.715",m/s,,,,,,,,,,,,,,,,,,,,,,,,,,,,,,,,,,,,,,,,,,,,,,,,,,,,,,,,,,,,,,,,,,,,,,,,,,,,,,,,,,,,,,,,,,,,,,,,,,,,,,,,,,,,,,,,,,,,,,,,,,,,,,,,,,,,,,,,,,,,,,,,,,,,,,,,,,,,,,,,,,,
Data,12,record,timestamp,"944870072",s,position_lat,"390325310",semicircles,position_long,"-1398069598",semicircles,distance,"39302.47",m,altitude,"16.799999999999955",m,speed,"2.837",m/s,unknown,"0",,unknown,"100",,heart_rate,"130",bpm,cadence,"0",rpm,fractional_cadence,"0.0",rpm,enhanced_altitude,"16.799999999999955",m,enhanced_speed,"2.837",m/s,,,,,,,,,,,,,,,,,,,,,,,,,,,,,,,,,,,,,,,,,,,,,,,,,,,,,,,,,,,,,,,,,,,,,,,,,,,,,,,,,,,,,,,,,,,,,,,,,,,,,,,,,,,,,,,,,,,,,,,,,,,,,,,,,,,,,,,,,,,,,,,,,,,,,,,,,,,,,,,,,,,
Data,12,record,timestamp,"944870076",s,position_lat,"390326459",semicircles,position_long,"-1398069207",semicircles,distance,"39313.58",m,altitude,"16.600000000000023",m,speed,"2.893",m/s,unknown,"0",,unknown,"100",,heart_rate,"128",bpm,cadence,"0",rpm,fractional_cadence,"0.0",rpm,enhanced_altitude,"16.600000000000023",m,enhanced_speed,"2.893",m/s,,,,,,,,,,,,,,,,,,,,,,,,,,,,,,,,,,,,,,,,,,,,,,,,,,,,,,,,,,,,,,,,,,,,,,,,,,,,,,,,,,,,,,,,,,,,,,,,,,,,,,,,,,,,,,,,,,,,,,,,,,,,,,,,,,,,,,,,,,,,,,,,,,,,,,,,,,,,,,,,,,,
Data,12,record,timestamp,"944870087",s,position_lat,"390329968",semicircles,position_long,"-1398068587",semicircles,distance,"39346.57",m,altitude,"15.200000000000045",m,speed,"2.995",m/s,unknown,"0",,unknown,"100",,heart_rate,"128",bpm,cadence,"0",rpm,fractional_cadence,"0.0",rpm,enhanced_altitude,"15.200000000000045",m,enhanced_speed,"2.995",m/s,,,,,,,,,,,,,,,,,,,,,,,,,,,,,,,,,,,,,,,,,,,,,,,,,,,,,,,,,,,,,,,,,,,,,,,,,,,,,,,,,,,,,,,,,,,,,,,,,,,,,,,,,,,,,,,,,,,,,,,,,,,,,,,,,,,,,,,,,,,,,,,,,,,,,,,,,,,,,,,,,,,
Data,12,record,timestamp,"944870096",s,position_lat,"390332848",semicircles,position_long,"-1398068368",semicircles,distance,"39373.45",m,altitude,"15.0",m,speed,"3.004",m/s,unknown,"0",,unknown,"100",,heart_rate,"129",bpm,cadence,"0",rpm,fractional_cadence,"0.0",rpm,enhanced_altitude,"15.0",m,enhanced_speed,"3.004",m/s,,,,,,,,,,,,,,,,,,,,,,,,,,,,,,,,,,,,,,,,,,,,,,,,,,,,,,,,,,,,,,,,,,,,,,,,,,,,,,,,,,,,,,,,,,,,,,,,,,,,,,,,,,,,,,,,,,,,,,,,,,,,,,,,,,,,,,,,,,,,,,,,,,,,,,,,,,,,,,,,,,,
Data,12,record,timestamp,"944870100",s,position_lat,"390334139",semicircles,position_long,"-1398068506",semicircles,distance,"39385.5",m,altitude,"15.0",m,speed,"2.948",m/s,unknown,"0",,unknown,"100",,heart_rate,"126",bpm,cadence,"0",rpm,fractional_cadence,"0.0",rpm,enhanced_altitude,"15.0",m,enhanced_speed,"2.948",m/s,,,,,,,,,,,,,,,,,,,,,,,,,,,,,,,,,,,,,,,,,,,,,,,,,,,,,,,,,,,,,,,,,,,,,,,,,,,,,,,,,,,,,,,,,,,,,,,,,,,,,,,,,,,,,,,,,,,,,,,,,,,,,,,,,,,,,,,,,,,,,,,,,,,,,,,,,,,,,,,,,,,
Data,12,record,timestamp,"944870105",s,position_lat,"390335760",semicircles,position_long,"-1398068319",semicircles,distance,"39400.67",m,altitude,"15.0",m,speed,"2.939",m/s,unknown,"0",,unknown,"100",,heart_rate,"128",bpm,cadence,"0",rpm,fractional_cadence,"0.0",rpm,enhanced_altitude,"15.0",m,enhanced_speed,"2.939",m/s,,,,,,,,,,,,,,,,,,,,,,,,,,,,,,,,,,,,,,,,,,,,,,,,,,,,,,,,,,,,,,,,,,,,,,,,,,,,,,,,,,,,,,,,,,,,,,,,,,,,,,,,,,,,,,,,,,,,,,,,,,,,,,,,,,,,,,,,,,,,,,,,,,,,,,,,,,,,,,,,,,,
Data,12,record,timestamp,"944870113",s,position_lat,"390338333",semicircles,position_long,"-1398068578",semicircles,distance,"39424.79",m,altitude,"16.0",m,speed,"2.762",m/s,unknown,"0",,unknown,"100",,heart_rate,"127",bpm,cadence,"0",rpm,fractional_cadence,"0.0",rpm,enhanced_altitude,"16.0",m,enhanced_speed,"2.762",m/s,,,,,,,,,,,,,,,,,,,,,,,,,,,,,,,,,,,,,,,,,,,,,,,,,,,,,,,,,,,,,,,,,,,,,,,,,,,,,,,,,,,,,,,,,,,,,,,,,,,,,,,,,,,,,,,,,,,,,,,,,,,,,,,,,,,,,,,,,,,,,,,,,,,,,,,,,,,,,,,,,,,
Data,12,record,timestamp,"944870122",s,position_lat,"390341089",semicircles,position_long,"-1398068867",semicircles,distance,"39450.54",m,altitude,"16.0",m,speed,"2.799",m/s,unknown,"0",,unknown,"100",,heart_rate,"125",bpm,cadence,"0",rpm,fractional_cadence,"0.0",rpm,enhanced_altitude,"16.0",m,enhanced_speed,"2.799",m/s,,,,,,,,,,,,,,,,,,,,,,,,,,,,,,,,,,,,,,,,,,,,,,,,,,,,,,,,,,,,,,,,,,,,,,,,,,,,,,,,,,,,,,,,,,,,,,,,,,,,,,,,,,,,,,,,,,,,,,,,,,,,,,,,,,,,,,,,,,,,,,,,,,,,,,,,,,,,,,,,,,,
Data,12,record,timestamp,"944870127",s,position_lat,"390342573",semicircles,position_long,"-1398069116",semicircles,distance,"39464.47",m,altitude,"16.0",m,speed,"2.715",m/s,unknown,"0",,unknown,"100",,heart_rate,"128",bpm,cadence,"0",rpm,fractional_cadence,"0.0",rpm,enhanced_altitude,"16.0",m,enhanced_speed,"2.715",m/s,,,,,,,,,,,,,,,,,,,,,,,,,,,,,,,,,,,,,,,,,,,,,,,,,,,,,,,,,,,,,,,,,,,,,,,,,,,,,,,,,,,,,,,,,,,,,,,,,,,,,,,,,,,,,,,,,,,,,,,,,,,,,,,,,,,,,,,,,,,,,,,,,,,,,,,,,,,,,,,,,,,
Data,12,record,timestamp,"944870132",s,position_lat,"390344093",semicircles,position_long,"-1398069336",semicircles,distance,"39478.7",m,altitude,"15.799999999999955",m,speed,"2.538",m/s,unknown,"0",,unknown,"100",,heart_rate,"126",bpm,cadence,"0",rpm,fractional_cadence,"0.0",rpm,enhanced_altitude,"15.799999999999955",m,enhanced_speed,"2.538",m/s,,,,,,,,,,,,,,,,,,,,,,,,,,,,,,,,,,,,,,,,,,,,,,,,,,,,,,,,,,,,,,,,,,,,,,,,,,,,,,,,,,,,,,,,,,,,,,,,,,,,,,,,,,,,,,,,,,,,,,,,,,,,,,,,,,,,,,,,,,,,,,,,,,,,,,,,,,,,,,,,,,,
Data,12,record,timestamp,"944870139",s,position_lat,"390346170",semicircles,position_long,"-1398069393",semicircles,distance,"39498.01",m,altitude,"16.200000000000045",m,speed,"2.818",m/s,unknown,"0",,unknown,"100",,heart_rate,"128",bpm,cadence,"0",rpm,fractional_cadence,"0.0",rpm,enhanced_altitude,"16.200000000000045",m,enhanced_speed,"2.818",m/s,,,,,,,,,,,,,,,,,,,,,,,,,,,,,,,,,,,,,,,,,,,,,,,,,,,,,,,,,,,,,,,,,,,,,,,,,,,,,,,,,,,,,,,,,,,,,,,,,,,,,,,,,,,,,,,,,,,,,,,,,,,,,,,,,,,,,,,,,,,,,,,,,,,,,,,,,,,,,,,,,,,
Data,12,record,timestamp,"944870140",s,position_lat,"390346474",semicircles,position_long,"-1398069403",semicircles,distance,"39500.84",m,altitude,"16.399999999999977",m,speed,"2.753",m/s,unknown,"0",,unknown,"100",,heart_rate,"127",bpm,cadence,"0",rpm,fractional_cadence,"0.0",rpm,enhanced_altitude,"16.399999999999977",m,enhanced_speed,"2.753",m/s,,,,,,,,,,,,,,,,,,,,,,,,,,,,,,,,,,,,,,,,,,,,,,,,,,,,,,,,,,,,,,,,,,,,,,,,,,,,,,,,,,,,,,,,,,,,,,,,,,,,,,,,,,,,,,,,,,,,,,,,,,,,,,,,,,,,,,,,,,,,,,,,,,,,,,,,,,,,,,,,,,,
Data,12,record,timestamp,"944870150",s,position_lat,"390349666",semicircles,position_long,"-1398068946",semicircles,distance,"39530.76",m,altitude,"17.200000000000045",m,speed,"2.967",m/s,unknown,"0",,unknown,"100",,heart_rate,"126",bpm,cadence,"0",rpm,fractional_cadence,"0.0",rpm,enhanced_altitude,"17.200000000000045",m,enhanced_speed,"2.967",m/s,,,,,,,,,,,,,,,,,,,,,,,,,,,,,,,,,,,,,,,,,,,,,,,,,,,,,,,,,,,,,,,,,,,,,,,,,,,,,,,,,,,,,,,,,,,,,,,,,,,,,,,,,,,,,,,,,,,,,,,,,,,,,,,,,,,,,,,,,,,,,,,,,,,,,,,,,,,,,,,,,,,
Data,12,record,timestamp,"944870160",s,position_lat,"390352827",semicircles,position_long,"-1398068654",semicircles,distance,"39560.31",m,altitude,"15.799999999999955",m,speed,"2.986",m/s,unknown,"0",,unknown,"100",,heart_rate,"127",bpm,cadence,"0",rpm,fractional_cadence,"0.0",rpm,enhanced_altitude,"15.799999999999955",m,enhanced_speed,"2.986",m/s,,,,,,,,,,,,,,,,,,,,,,,,,,,,,,,,,,,,,,,,,,,,,,,,,,,,,,,,,,,,,,,,,,,,,,,,,,,,,,,,,,,,,,,,,,,,,,,,,,,,,,,,,,,,,,,,,,,,,,,,,,,,,,,,,,,,,,,,,,,,,,,,,,,,,,,,,,,,,,,,,,,
Data,12,record,timestamp,"944870167",s,position_lat,"390354891",semicircles,position_long,"-1398069183",semicircles,distance,"39580.49",m,altitude,"15.399999999999977",m,speed,"2.547",m/s,unknown,"0",,unknown,"100",,heart_rate,"127",bpm,cadence,"0",rpm,fractional_cadence,"0.0",rpm,enhanced_altitude,"15.399999999999977",m,enhanced_speed,"2.547",m/s,,,,,,,,,,,,,,,,,,,,,,,,,,,,,,,,,,,,,,,,,,,,,,,,,,,,,,,,,,,,,,,,,,,,,,,,,,,,,,,,,,,,,,,,,,,,,,,,,,,,,,,,,,,,,,,,,,,,,,,,,,,,,,,,,,,,,,,,,,,,,,,,,,,,,,,,,,,,,,,,,,,
Data,12,record,timestamp,"944870172",s,position_lat,"390355266",semicircles,position_long,"-1398070472",semicircles,distance,"39591.52",m,altitude,"16.399999999999977",m,speed,"1.922",m/s,unknown,"0",,unknown,"300",,heart_rate,"127",bpm,cadence,"0",rpm,fractional_cadence,"0.0",rpm,enhanced_altitude,"16.399999999999977",m,enhanced_speed,"1.922",m/s,,,,,,,,,,,,,,,,,,,,,,,,,,,,,,,,,,,,,,,,,,,,,,,,,,,,,,,,,,,,,,,,,,,,,,,,,,,,,,,,,,,,,,,,,,,,,,,,,,,,,,,,,,,,,,,,,,,,,,,,,,,,,,,,,,,,,,,,,,,,,,,,,,,,,,,,,,,,,,,,,,,
Data,12,record,timestamp,"944870178",s,position_lat,"390354463",semicircles,position_long,"-1398071938",semicircles,distance,"39605.57",m,altitude,"16.799999999999955",m,speed,"2.426",m/s,unknown,"0",,unknown,"100",,heart_rate,"128",bpm,cadence,"0",rpm,fractional_cadence,"0.0",rpm,enhanced_altitude,"16.799999999999955",m,enhanced_speed,"2.426",m/s,,,,,,,,,,,,,,,,,,,,,,,,,,,,,,,,,,,,,,,,,,,,,,,,,,,,,,,,,,,,,,,,,,,,,,,,,,,,,,,,,,,,,,,,,,,,,,,,,,,,,,,,,,,,,,,,,,,,,,,,,,,,,,,,,,,,,,,,,,,,,,,,,,,,,,,,,,,,,,,,,,,
Data,12,record,timestamp,"944870187",s,position_lat,"390352932",semicircles,position_long,"-1398074294",semicircles,distance,"39628.95",m,altitude,"16.600000000000023",m,speed,"2.379",m/s,unknown,"0",,unknown,"100",,heart_rate,"128",bpm,cadence,"0",rpm,fractional_cadence,"0.0",rpm,enhanced_altitude,"16.600000000000023",m,enhanced_speed,"2.379",m/s,,,,,,,,,,,,,,,,,,,,,,,,,,,,,,,,,,,,,,,,,,,,,,,,,,,,,,,,,,,,,,,,,,,,,,,,,,,,,,,,,,,,,,,,,,,,,,,,,,,,,,,,,,,,,,,,,,,,,,,,,,,,,,,,,,,,,,,,,,,,,,,,,,,,,,,,,,,,,,,,,,,
Data,12,record,timestamp,"944870194",s,position_lat,"390352038",semicircles,position_long,"-1398076426",semicircles,distance,"39647.65",m,altitude,"16.600000000000023",m,speed,"2.501",m/s,unknown,"0",,unknown,"300",,heart_rate,"129",bpm,cadence,"0",rpm,fractional_cadence,"0.0",rpm,enhanced_altitude,"16.600000000000023",m,enhanced_speed,"2.501",m/s,,,,,,,,,,,,,,,,,,,,,,,,,,,,,,,,,,,,,,,,,,,,,,,,,,,,,,,,,,,,,,,,,,,,,,,,,,,,,,,,,,,,,,,,,,,,,,,,,,,,,,,,,,,,,,,,,,,,,,,,,,,,,,,,,,,,,,,,,,,,,,,,,,,,,,,,,,,,,,,,,,,
Data,12,record,timestamp,"944870203",s,position_lat,"390351120",semicircles,position_long,"-1398079207",semicircles,distance,"39671.1",m,altitude,"16.600000000000023",m,speed,"2.379",m/s,unknown,"0",,unknown,"300",,heart_rate,"130",bpm,cadence,"0",rpm,fractional_cadence,"0.0",rpm,enhanced_altitude,"16.600000000000023",m,enhanced_speed,"2.379",m/s,,,,,,,,,,,,,,,,,,,,,,,,,,,,,,,,,,,,,,,,,,,,,,,,,,,,,,,,,,,,,,,,,,,,,,,,,,,,,,,,,,,,,,,,,,,,,,,,,,,,,,,,,,,,,,,,,,,,,,,,,,,,,,,,,,,,,,,,,,,,,,,,,,,,,,,,,,,,,,,,,,,
Data,12,record,timestamp,"944870208",s,position_lat,"390350701",semicircles,position_long,"-1398080653",semicircles,distance,"39683.11",m,altitude,"16.600000000000023",m,speed,"2.37",m/s,unknown,"0",,unknown,"300",,heart_rate,"133",bpm,cadence,"0",rpm,fractional_cadence,"0.0",rpm,enhanced_altitude,"16.600000000000023",m,enhanced_speed,"2.37",m/s,,,,,,,,,,,,,,,,,,,,,,,,,,,,,,,,,,,,,,,,,,,,,,,,,,,,,,,,,,,,,,,,,,,,,,,,,,,,,,,,,,,,,,,,,,,,,,,,,,,,,,,,,,,,,,,,,,,,,,,,,,,,,,,,,,,,,,,,,,,,,,,,,,,,,,,,,,,,,,,,,,,
Data,12,record,timestamp,"944870214",s,position_lat,"390350309",semicircles,position_long,"-1398082434",semicircles,distance,"39697.56",m,altitude,"16.200000000000045",m,speed,"2.482",m/s,unknown,"0",,unknown,"300",,heart_rate,"135",bpm,cadence,"0",rpm,fractional_cadence,"0.0",rpm,enhanced_altitude,"16.200000000000045",m,enhanced_speed,"2.482",m/s,,,,,,,,,,,,,,,,,,,,,,,,,,,,,,,,,,,,,,,,,,,,,,,,,,,,,,,,,,,,,,,,,,,,,,,,,,,,,,,,,,,,,,,,,,,,,,,,,,,,,,,,,,,,,,,,,,,,,,,,,,,,,,,,,,,,,,,,,,,,,,,,,,,,,,,,,,,,,,,,,,,
Data,12,record,timestamp,"944870221",s,position_lat,"390349818",semicircles,position_long,"-1398084470",semicircles,distance,"39714.21",m,altitude,"16.200000000000045",m,speed,"2.351",m/s,unknown,"0",,unknown,"300",,heart_rate,"134",bpm,cadence,"0",rpm,fractional_cadence,"0.0",rpm,enhanced_altitude,"16.200000000000045",m,enhanced_speed,"2.351",m/s,,,,,,,,,,,,,,,,,,,,,,,,,,,,,,,,,,,,,,,,,,,,,,,,,,,,,,,,,,,,,,,,,,,,,,,,,,,,,,,,,,,,,,,,,,,,,,,,,,,,,,,,,,,,,,,,,,,,,,,,,,,,,,,,,,,,,,,,,,,,,,,,,,,,,,,,,,,,,,,,,,,
Data,12,record,timestamp,"944870230",s,position_lat,"390349207",semicircles,position_long,"-1398087068",semicircles,distance,"39735.39",m,altitude,"16.399999999999977",m,speed,"2.183",m/s,unknown,"0",,unknown,"100",,heart_rate,"134",bpm,cadence,"0",rpm,fractional_cadence,"0.0",rpm,enhanced_altitude,"16.399999999999977",m,enhanced_speed,"2.183",m/s,,,,,,,,,,,,,,,,,,,,,,,,,,,,,,,,,,,,,,,,,,,,,,,,,,,,,,,,,,,,,,,,,,,,,,,,,,,,,,,,,,,,,,,,,,,,,,,,,,,,,,,,,,,,,,,,,,,,,,,,,,,,,,,,,,,,,,,,,,,,,,,,,,,,,,,,,,,,,,,,,,,
Data,12,record,timestamp,"944870239",s,position_lat,"390348301",semicircles,position_long,"-1398089743",semicircles,distance,"39758.04",m,altitude,"16.600000000000023",m,speed,"2.613",m/s,unknown,"0",,unknown,"100",,heart_rate,"133",bpm,cadence,"0",rpm,fractional_cadence,"0.0",rpm,enhanced_altitude,"16.600000000000023",m,enhanced_speed,"2.613",m/s,,,,,,,,,,,,,,,,,,,,,,,,,,,,,,,,,,,,,,,,,,,,,,,,,,,,,,,,,,,,,,,,,,,,,,,,,,,,,,,,,,,,,,,,,,,,,,,,,,,,,,,,,,,,,,,,,,,,,,,,,,,,,,,,,,,,,,,,,,,,,,,,,,,,,,,,,,,,,,,,,,,
Data,12,record,timestamp,"944870249",s,position_lat,"390347193",semicircles,position_long,"-1398093200",semicircles,distance,"39787.11",m,altitude,"17.0",m,speed,"2.958",m/s,unknown,"0",,unknown,"100",,heart_rate,"131",bpm,cadence,"0",rpm,fractional_cadence,"0.0",rpm,enhanced_altitude,"17.0",m,enhanced_speed,"2.958",m/s,,,,,,,,,,,,,,,,,,,,,,,,,,,,,,,,,,,,,,,,,,,,,,,,,,,,,,,,,,,,,,,,,,,,,,,,,,,,,,,,,,,,,,,,,,,,,,,,,,,,,,,,,,,,,,,,,,,,,,,,,,,,,,,,,,,,,,,,,,,,,,,,,,,,,,,,,,,,,,,,,,,
Data,12,record,timestamp,"944870254",s,position_lat,"390346837",semicircles,position_long,"-1398094948",semicircles,distance,"39801.25",m,altitude,"17.0",m,speed,"2.827",m/s,unknown,"0",,unknown,"100",,heart_rate,"134",bpm,cadence,"0",rpm,fractional_cadence,"0.0",rpm,enhanced_altitude,"17.0",m,enhanced_speed,"2.827",m/s,,,,,,,,,,,,,,,,,,,,,,,,,,,,,,,,,,,,,,,,,,,,,,,,,,,,,,,,,,,,,,,,,,,,,,,,,,,,,,,,,,,,,,,,,,,,,,,,,,,,,,,,,,,,,,,,,,,,,,,,,,,,,,,,,,,,,,,,,,,,,,,,,,,,,,,,,,,,,,,,,,,
Data,12,record,timestamp,"944870257",s,position_lat,"390346619",semicircles,position_long,"-1398096016",semicircles,distance,"39809.89",m,altitude,"17.0",m,speed,"2.827",m/s,unknown,"0",,unknown,"100",,heart_rate,"132",bpm,cadence,"0",rpm,fractional_cadence,"0.0",rpm,enhanced_altitude,"17.0",m,enhanced_speed,"2.827",m/s,,,,,,,,,,,,,,,,,,,,,,,,,,,,,,,,,,,,,,,,,,,,,,,,,,,,,,,,,,,,,,,,,,,,,,,,,,,,,,,,,,,,,,,,,,,,,,,,,,,,,,,,,,,,,,,,,,,,,,,,,,,,,,,,,,,,,,,,,,,,,,,,,,,,,,,,,,,,,,,,,,,
Data,12,record,timestamp,"944870268",s,position_lat,"390345699",semicircles,position_long,"-1398099714",semicircles,distance,"39840.19",m,altitude,"16.799999999999955",m,speed,"2.538",m/s,unknown,"0",,unknown,"100",,heart_rate,"133",bpm,cadence,"0",rpm,fractional_cadence,"0.0",rpm,enhanced_altitude,"16.799999999999955",m,enhanced_speed,"2.538",m/s,,,,,,,,,,,,,,,,,,,,,,,,,,,,,,,,,,,,,,,,,,,,,,,,,,,,,,,,,,,,,,,,,,,,,,,,,,,,,,,,,,,,,,,,,,,,,,,,,,,,,,,,,,,,,,,,,,,,,,,,,,,,,,,,,,,,,,,,,,,,,,,,,,,,,,,,,,,,,,,,,,,
Data,12,record,timestamp,"944870278",s,position_lat,"390344731",semicircles,position_long,"-1398102578",semicircles,distance,"39864.44",m,altitude,"16.600000000000023",m,speed,"2.454",m/s,unknown,"0",,unknown,"100",,heart_rate,"134",bpm,cadence,"0",rpm,fractional_cadence,"0.0",rpm,enhanced_altitude,"16.600000000000023",m,enhanced_speed,"2.454",m/s,,,,,,,,,,,,,,,,,,,,,,,,,,,,,,,,,,,,,,,,,,,,,,,,,,,,,,,,,,,,,,,,,,,,,,,,,,,,,,,,,,,,,,,,,,,,,,,,,,,,,,,,,,,,,,,,,,,,,,,,,,,,,,,,,,,,,,,,,,,,,,,,,,,,,,,,,,,,,,,,,,,
Data,12,record,timestamp,"944870288",s,position_lat,"390343266",semicircles,position_long,"-1398105287",semicircles,distance,"39889.68",m,altitude,"16.600000000000023",m,speed,"2.603",m/s,unknown,"0",,unknown,"100",,heart_rate,"133",bpm,cadence,"0",rpm,fractional_cadence,"0.0",rpm,enhanced_altitude,"16.600000000000023",m,enhanced_speed,"2.603",m/s,,,,,,,,,,,,,,,,,,,,,,,,,,,,,,,,,,,,,,,,,,,,,,,,,,,,,,,,,,,,,,,,,,,,,,,,,,,,,,,,,,,,,,,,,,,,,,,,,,,,,,,,,,,,,,,,,,,,,,,,,,,,,,,,,,,,,,,,,,,,,,,,,,,,,,,,,,,,,,,,,,,
Data,12,record,timestamp,"944870297",s,position_lat,"390341920",semicircles,position_long,"-1398108058",semicircles,distance,"39914.82",m,altitude,"16.600000000000023",m,speed,"2.948",m/s,unknown,"0",,unknown,"100",,heart_rate,"133",bpm,cadence,"0",rpm,fractional_cadence,"0.0",rpm,enhanced_altitude,"16.600000000000023",m,enhanced_speed,"2.948",m/s,,,,,,,,,,,,,,,,,,,,,,,,,,,,,,,,,,,,,,,,,,,,,,,,,,,,,,,,,,,,,,,,,,,,,,,,,,,,,,,,,,,,,,,,,,,,,,,,,,,,,,,,,,,,,,,,,,,,,,,,,,,,,,,,,,,,,,,,,,,,,,,,,,,,,,,,,,,,,,,,,,,
Data,12,record,timestamp,"944870307",s,position_lat,"390340371",semicircles,position_long,"-1398111472",semicircles,distance,"39945.27",m,altitude,"16.799999999999955",m,speed,"2.855",m/s,unknown,"0",,unknown,"100",,heart_rate,"134",bpm,cadence,"0",rpm,fractional_cadence,"0.0",rpm,enhanced_altitude,"16.799999999999955",m,enhanced_speed,"2.855",m/s,,,,,,,,,,,,,,,,,,,,,,,,,,,,,,,,,,,,,,,,,,,,,,,,,,,,,,,,,,,,,,,,,,,,,,,,,,,,,,,,,,,,,,,,,,,,,,,,,,,,,,,,,,,,,,,,,,,,,,,,,,,,,,,,,,,,,,,,,,,,,,,,,,,,,,,,,,,,,,,,,,,
Data,12,record,timestamp,"944870317",s,position_lat,"390339083",semicircles,position_long,"-1398114765",semicircles,distance,"39973.77",m,altitude,"16.799999999999955",m,speed,"2.603",m/s,unknown,"0",,unknown,"100",,heart_rate,"133",bpm,cadence,"0",rpm,fractional_cadence,"0.0",rpm,enhanced_altitude,"16.799999999999955",m,enhanced_speed,"2.603",m/s,,,,,,,,,,,,,,,,,,,,,,,,,,,,,,,,,,,,,,,,,,,,,,,,,,,,,,,,,,,,,,,,,,,,,,,,,,,,,,,,,,,,,,,,,,,,,,,,,,,,,,,,,,,,,,,,,,,,,,,,,,,,,,,,,,,,,,,,,,,,,,,,,,,,,,,,,,,,,,,,,,,
Data,12,record,timestamp,"944870326",s,position_lat,"390338012",semicircles,position_long,"-1398117603",semicircles,distance,"39998.23",m,altitude,"16.600000000000023",m,speed,"2.725",m/s,unknown,"0",,unknown,"100",,heart_rate,"133",bpm,cadence,"0",rpm,fractional_cadence,"0.0",rpm,enhanced_altitude,"16.600000000000023",m,enhanced_speed,"2.725",m/s,,,,,,,,,,,,,,,,,,,,,,,,,,,,,,,,,,,,,,,,,,,,,,,,,,,,,,,,,,,,,,,,,,,,,,,,,,,,,,,,,,,,,,,,,,,,,,,,,,,,,,,,,,,,,,,,,,,,,,,,,,,,,,,,,,,,,,,,,,,,,,,,,,,,,,,,,,,,,,,,,,,
Data,12,record,timestamp,"944870335",s,position_lat,"390337169",semicircles,position_long,"-1398120658",semicircles,distance,"40023.48",m,altitude,"16.200000000000045",m,speed,"2.622",m/s,unknown,"0",,unknown,"100",,heart_rate,"132",bpm,cadence,"0",rpm,fractional_cadence,"0.0",rpm,enhanced_altitude,"16.200000000000045",m,enhanced_speed,"2.622",m/s,,,,,,,,,,,,,,,,,,,,,,,,,,,,,,,,,,,,,,,,,,,,,,,,,,,,,,,,,,,,,,,,,,,,,,,,,,,,,,,,,,,,,,,,,,,,,,,,,,,,,,,,,,,,,,,,,,,,,,,,,,,,,,,,,,,,,,,,,,,,,,,,,,,,,,,,,,,,,,,,,,,
Data,12,record,timestamp,"944870344",s,position_lat,"390336345",semicircles,position_long,"-1398123636",semicircles,distance,"40048.11",m,altitude,"16.0",m,speed,"2.715",m/s,unknown,"0",,unknown,"100",,heart_rate,"132",bpm,cadence,"0",rpm,fractional_cadence,"0.0",rpm,enhanced_altitude,"16.0",m,enhanced_speed,"2.715",m/s,,,,,,,,,,,,,,,,,,,,,,,,,,,,,,,,,,,,,,,,,,,,,,,,,,,,,,,,,,,,,,,,,,,,,,,,,,,,,,,,,,,,,,,,,,,,,,,,,,,,,,,,,,,,,,,,,,,,,,,,,,,,,,,,,,,,,,,,,,,,,,,,,,,,,,,,,,,,,,,,,,,
Data,12,record,timestamp,"944870353",s,position_lat,"390335577",semicircles,position_long,"-1398126651",semicircles,distance,"40072.88",m,altitude,"16.0",m,speed,"2.781",m/s,unknown,"0",,unknown,"100",,heart_rate,"129",bpm,cadence,"0",rpm,fractional_cadence,"0.0",rpm,enhanced_altitude,"16.0",m,enhanced_speed,"2.781",m/s,,,,,,,,,,,,,,,,,,,,,,,,,,,,,,,,,,,,,,,,,,,,,,,,,,,,,,,,,,,,,,,,,,,,,,,,,,,,,,,,,,,,,,,,,,,,,,,,,,,,,,,,,,,,,,,,,,,,,,,,,,,,,,,,,,,,,,,,,,,,,,,,,,,,,,,,,,,,,,,,,,,
Data,12,record,timestamp,"944870361",s,position_lat,"390334958",semicircles,position_long,"-1398129385",semicircles,distance,"40095.13",m,altitude,"15.799999999999955",m,speed,"2.846",m/s,unknown,"0",,unknown,"100",,heart_rate,"133",bpm,cadence,"0",rpm,fractional_cadence,"0.0",rpm,enhanced_altitude,"15.799999999999955",m,enhanced_speed,"2.846",m/s,,,,,,,,,,,,,,,,,,,,,,,,,,,,,,,,,,,,,,,,,,,,,,,,,,,,,,,,,,,,,,,,,,,,,,,,,,,,,,,,,,,,,,,,,,,,,,,,,,,,,,,,,,,,,,,,,,,,,,,,,,,,,,,,,,,,,,,,,,,,,,,,,,,,,,,,,,,,,,,,,,,
Data,12,record,timestamp,"944870362",s,position_lat,"390334885",semicircles,position_long,"-1398129729",semicircles,distance,"40097.92",m,altitude,"15.799999999999955",m,speed,"2.79",m/s,unknown,"0",,unknown,"100",,heart_rate,"132",bpm,cadence,"0",rpm,fractional_cadence,"0.0",rpm,enhanced_altitude,"15.799999999999955",m,enhanced_speed,"2.79",m/s,,,,,,,,,,,,,,,,,,,,,,,,,,,,,,,,,,,,,,,,,,,,,,,,,,,,,,,,,,,,,,,,,,,,,,,,,,,,,,,,,,,,,,,,,,,,,,,,,,,,,,,,,,,,,,,,,,,,,,,,,,,,,,,,,,,,,,,,,,,,,,,,,,,,,,,,,,,,,,,,,,,
Data,12,record,timestamp,"944870370",s,position_lat,"390334414",semicircles,position_long,"-1398132205",semicircles,distance,"40117.85",m,altitude,"15.799999999999955",m,speed,"2.603",m/s,unknown,"0",,unknown,"100",,heart_rate,"131",bpm,cadence,"0",rpm,fractional_cadence,"0.0",rpm,enhanced_altitude,"15.799999999999955",m,enhanced_speed,"2.603",m/s,,,,,,,,,,,,,,,,,,,,,,,,,,,,,,,,,,,,,,,,,,,,,,,,,,,,,,,,,,,,,,,,,,,,,,,,,,,,,,,,,,,,,,,,,,,,,,,,,,,,,,,,,,,,,,,,,,,,,,,,,,,,,,,,,,,,,,,,,,,,,,,,,,,,,,,,,,,,,,,,,,,
Data,12,record,timestamp,"944870377",s,position_lat,"390333784",semicircles,position_long,"-1398134376",semicircles,distance,"40135.88",m,altitude,"15.799999999999955",m,speed,"2.575",m/s,unknown,"0",,unknown,"100",,heart_rate,"130",bpm,cadence,"0",rpm,fractional_cadence,"0.0",rpm,enhanced_altitude,"15.799999999999955",m,enhanced_speed,"2.575",m/s,,,,,,,,,,,,,,,,,,,,,,,,,,,,,,,,,,,,,,,,,,,,,,,,,,,,,,,,,,,,,,,,,,,,,,,,,,,,,,,,,,,,,,,,,,,,,,,,,,,,,,,,,,,,,,,,,,,,,,,,,,,,,,,,,,,,,,,,,,,,,,,,,,,,,,,,,,,,,,,,,,,
Data,12,record,timestamp,"944870385",s,position_lat,"390332744",semicircles,position_long,"-1398136740",semicircles,distance,"40156.79",m,altitude,"15.799999999999955",m,speed,"2.687",m/s,unknown,"0",,unknown,"300",,heart_rate,"126",bpm,cadence,"0",rpm,fractional_cadence,"0.0",rpm,enhanced_altitude,"15.799999999999955",m,enhanced_speed,"2.687",m/s,,,,,,,,,,,,,,,,,,,,,,,,,,,,,,,,,,,,,,,,,,,,,,,,,,,,,,,,,,,,,,,,,,,,,,,,,,,,,,,,,,,,,,,,,,,,,,,,,,,,,,,,,,,,,,,,,,,,,,,,,,,,,,,,,,,,,,,,,,,,,,,,,,,,,,,,,,,,,,,,,,,
Data,12,record,timestamp,"944870387",s,position_lat,"390332436",semicircles,position_long,"-1398137353",semicircles,distance,"40162.38",m,altitude,"15.799999999999955",m,speed,"2.622",m/s,unknown,"0",,unknown,"300",,heart_rate,"126",bpm,cadence,"0",rpm,fractional_cadence,"0.0",rpm,enhanced_altitude,"15.799999999999955",m,enhanced_speed,"2.622",m/s,,,,,,,,,,,,,,,,,,,,,,,,,,,,,,,,,,,,,,,,,,,,,,,,,,,,,,,,,,,,,,,,,,,,,,,,,,,,,,,,,,,,,,,,,,,,,,,,,,,,,,,,,,,,,,,,,,,,,,,,,,,,,,,,,,,,,,,,,,,,,,,,,,,,,,,,,,,,,,,,,,,
Data,12,record,timestamp,"944870397",s,position_lat,"390330967",semicircles,position_long,"-1398140325",semicircles,distance,"40189.46",m,altitude,"15.799999999999955",m,speed,"2.734",m/s,unknown,"0",,unknown,"300",,heart_rate,"125",bpm,cadence,"0",rpm,fractional_cadence,"0.0",rpm,enhanced_altitude,"15.799999999999955",m,enhanced_speed,"2.734",m/s,,,,,,,,,,,,,,,,,,,,,,,,,,,,,,,,,,,,,,,,,,,,,,,,,,,,,,,,,,,,,,,,,,,,,,,,,,,,,,,,,,,,,,,,,,,,,,,,,,,,,,,,,,,,,,,,,,,,,,,,,,,,,,,,,,,,,,,,,,,,,,,,,,,,,,,,,,,,,,,,,,,
Data,12,record,timestamp,"944870408",s,position_lat,"390330459",semicircles,position_long,"-1398144086",semicircles,distance,"40219.37",m,altitude,"16.0",m,speed,"2.538",m/s,unknown,"0",,unknown,"300",,heart_rate,"123",bpm,cadence,"0",rpm,fractional_cadence,"0.0",rpm,enhanced_altitude,"16.0",m,enhanced_speed,"2.538",m/s,,,,,,,,,,,,,,,,,,,,,,,,,,,,,,,,,,,,,,,,,,,,,,,,,,,,,,,,,,,,,,,,,,,,,,,,,,,,,,,,,,,,,,,,,,,,,,,,,,,,,,,,,,,,,,,,,,,,,,,,,,,,,,,,,,,,,,,,,,,,,,,,,,,,,,,,,,,,,,,,,,,
Data,12,record,timestamp,"944870418",s,position_lat,"390330278",semicircles,position_long,"-1398147357",semicircles,distance,"40245.11",m,altitude,"15.799999999999955",m,speed,"2.379",m/s,unknown,"0",,unknown,"300",,heart_rate,"125",bpm,cadence,"0",rpm,fractional_cadence,"0.0",rpm,enhanced_altitude,"15.799999999999955",m,enhanced_speed,"2.379",m/s,,,,,,,,,,,,,,,,,,,,,,,,,,,,,,,,,,,,,,,,,,,,,,,,,,,,,,,,,,,,,,,,,,,,,,,,,,,,,,,,,,,,,,,,,,,,,,,,,,,,,,,,,,,,,,,,,,,,,,,,,,,,,,,,,,,,,,,,,,,,,,,,,,,,,,,,,,,,,,,,,,,
Data,12,record,timestamp,"944870427",s,position_lat,"390330001",semicircles,position_long,"-1398150126",semicircles,distance,"40267.09",m,altitude,"15.799999999999955",m,speed,"2.323",m/s,unknown,"0",,unknown,"100",,heart_rate,"124",bpm,cadence,"0",rpm,fractional_cadence,"0.0",rpm,enhanced_altitude,"15.799999999999955",m,enhanced_speed,"2.323",m/s,,,,,,,,,,,,,,,,,,,,,,,,,,,,,,,,,,,,,,,,,,,,,,,,,,,,,,,,,,,,,,,,,,,,,,,,,,,,,,,,,,,,,,,,,,,,,,,,,,,,,,,,,,,,,,,,,,,,,,,,,,,,,,,,,,,,,,,,,,,,,,,,,,,,,,,,,,,,,,,,,,,
Data,12,record,timestamp,"944870437",s,position_lat,"390329269",semicircles,position_long,"-1398153045",semicircles,distance,"40291.02",m,altitude,"15.799999999999955",m,speed,"2.454",m/s,unknown,"0",,unknown,"100",,heart_rate,"125",bpm,cadence,"0",rpm,fractional_cadence,"0.0",rpm,enhanced_altitude,"15.799999999999955",m,enhanced_speed,"2.454",m/s,,,,,,,,,,,,,,,,,,,,,,,,,,,,,,,,,,,,,,,,,,,,,,,,,,,,,,,,,,,,,,,,,,,,,,,,,,,,,,,,,,,,,,,,,,,,,,,,,,,,,,,,,,,,,,,,,,,,,,,,,,,,,,,,,,,,,,,,,,,,,,,,,,,,,,,,,,,,,,,,,,,
Data,12,record,timestamp,"944870447",s,position_lat,"390328340",semicircles,position_long,"-1398156097",semicircles,distance,"40316.45",m,altitude,"16.0",m,speed,"2.482",m/s,unknown,"0",,unknown,"100",,heart_rate,"124",bpm,cadence,"0",rpm,fractional_cadence,"0.0",rpm,enhanced_altitude,"16.0",m,enhanced_speed,"2.482",m/s,,,,,,,,,,,,,,,,,,,,,,,,,,,,,,,,,,,,,,,,,,,,,,,,,,,,,,,,,,,,,,,,,,,,,,,,,,,,,,,,,,,,,,,,,,,,,,,,,,,,,,,,,,,,,,,,,,,,,,,,,,,,,,,,,,,,,,,,,,,,,,,,,,,,,,,,,,,,,,,,,,,
Data,12,record,timestamp,"944870458",s,position_lat,"390327655",semicircles,position_long,"-1398159516",semicircles,distance,"40344.06",m,altitude,"16.0",m,speed,"2.463",m/s,unknown,"0",,unknown,"100",,heart_rate,"123",bpm,cadence,"0",rpm,fractional_cadence,"0.0",rpm,enhanced_altitude,"16.0",m,enhanced_speed,"2.463",m/s,,,,,,,,,,,,,,,,,,,,,,,,,,,,,,,,,,,,,,,,,,,,,,,,,,,,,,,,,,,,,,,,,,,,,,,,,,,,,,,,,,,,,,,,,,,,,,,,,,,,,,,,,,,,,,,,,,,,,,,,,,,,,,,,,,,,,,,,,,,,,,,,,,,,,,,,,,,,,,,,,,,
Data,12,record,timestamp,"944870465",s,position_lat,"390327111",semicircles,position_long,"-1398161561",semicircles,distance,"40360.91",m,altitude,"16.0",m,speed,"2.445",m/s,unknown,"0",,unknown,"100",,heart_rate,"126",bpm,cadence,"0",rpm,fractional_cadence,"0.0",rpm,enhanced_altitude,"16.0",m,enhanced_speed,"2.445",m/s,,,,,,,,,,,,,,,,,,,,,,,,,,,,,,,,,,,,,,,,,,,,,,,,,,,,,,,,,,,,,,,,,,,,,,,,,,,,,,,,,,,,,,,,,,,,,,,,,,,,,,,,,,,,,,,,,,,,,,,,,,,,,,,,,,,,,,,,,,,,,,,,,,,,,,,,,,,,,,,,,,,
Data,12,record,timestamp,"944870467",s,position_lat,"390326919",semicircles,position_long,"-1398162125",semicircles,distance,"40365.68",m,altitude,"16.0",m,speed,"2.323",m/s,unknown,"0",,unknown,"100",,heart_rate,"125",bpm,cadence,"0",rpm,fractional_cadence,"0.0",rpm,enhanced_altitude,"16.0",m,enhanced_speed,"2.323",m/s,,,,,,,,,,,,,,,,,,,,,,,,,,,,,,,,,,,,,,,,,,,,,,,,,,,,,,,,,,,,,,,,,,,,,,,,,,,,,,,,,,,,,,,,,,,,,,,,,,,,,,,,,,,,,,,,,,,,,,,,,,,,,,,,,,,,,,,,,,,,,,,,,,,,,,,,,,,,,,,,,,,
Data,12,record,timestamp,"944870477",s,position_lat,"390325980",semicircles,position_long,"-1398165136",semicircles,distance,"40390.91",m,altitude,"15.799999999999955",m,speed,"2.137",m/s,unknown,"0",,unknown,"100",,heart_rate,"124",bpm,cadence,"0",rpm,fractional_cadence,"0.0",rpm,enhanced_altitude,"15.799999999999955",m,enhanced_speed,"2.137",m/s,,,,,,,,,,,,,,,,,,,,,,,,,,,,,,,,,,,,,,,,,,,,,,,,,,,,,,,,,,,,,,,,,,,,,,,,,,,,,,,,,,,,,,,,,,,,,,,,,,,,,,,,,,,,,,,,,,,,,,,,,,,,,,,,,,,,,,,,,,,,,,,,,,,,,,,,,,,,,,,,,,,
Data,12,record,timestamp,"944870485",s,position_lat,"390325048",semicircles,position_long,"-1398167670",semicircles,distance,"40412.63",m,altitude,"16.0",m,speed,"2.529",m/s,unknown,"0",,unknown,"100",,heart_rate,"125",bpm,cadence,"0",rpm,fractional_cadence,"0.0",rpm,enhanced_altitude,"16.0",m,enhanced_speed,"2.529",m/s,,,,,,,,,,,,,,,,,,,,,,,,,,,,,,,,,,,,,,,,,,,,,,,,,,,,,,,,,,,,,,,,,,,,,,,,,,,,,,,,,,,,,,,,,,,,,,,,,,,,,,,,,,,,,,,,,,,,,,,,,,,,,,,,,,,,,,,,,,,,,,,,,,,,,,,,,,,,,,,,,,,
Data,12,record,timestamp,"944870496",s,position_lat,"390323772",semicircles,position_long,"-1398171263",semicircles,distance,"40443.25",m,altitude,"16.600000000000023",m,speed,"2.687",m/s,unknown,"0",,unknown,"100",,heart_rate,"124",bpm,cadence,"0",rpm,fractional_cadence,"0.0",rpm,enhanced_altitude,"16.600000000000023",m,enhanced_speed,"2.687",m/s,,,,,,,,,,,,,,,,,,,,,,,,,,,,,,,,,,,,,,,,,,,,,,,,,,,,,,,,,,,,,,,,,,,,,,,,,,,,,,,,,,,,,,,,,,,,,,,,,,,,,,,,,,,,,,,,,,,,,,,,,,,,,,,,,,,,,,,,,,,,,,,,,,,,,,,,,,,,,,,,,,,
Data,12,record,timestamp,"944870506",s,position_lat,"390322482",semicircles,position_long,"-1398174333",semicircles,distance,"40470.19",m,altitude,"16.399999999999977",m,speed,"2.678",m/s,unknown,"0",,unknown,"100",,heart_rate,"124",bpm,cadence,"0",rpm,fractional_cadence,"0.0",rpm,enhanced_altitude,"16.399999999999977",m,enhanced_speed,"2.678",m/s,,,,,,,,,,,,,,,,,,,,,,,,,,,,,,,,,,,,,,,,,,,,,,,,,,,,,,,,,,,,,,,,,,,,,,,,,,,,,,,,,,,,,,,,,,,,,,,,,,,,,,,,,,,,,,,,,,,,,,,,,,,,,,,,,,,,,,,,,,,,,,,,,,,,,,,,,,,,,,,,,,,
Data,12,record,timestamp,"944870517",s,position_lat,"390320622",semicircles,position_long,"-1398177841",semicircles,distance,"40502.72",m,altitude,"16.399999999999977",m,speed,"3.042",m/s,unknown,"0",,unknown,"100",,heart_rate,"123",bpm,cadence,"0",rpm,fractional_cadence,"0.0",rpm,enhanced_altitude,"16.399999999999977",m,enhanced_speed,"3.042",m/s,,,,,,,,,,,,,,,,,,,,,,,,,,,,,,,,,,,,,,,,,,,,,,,,,,,,,,,,,,,,,,,,,,,,,,,,,,,,,,,,,,,,,,,,,,,,,,,,,,,,,,,,,,,,,,,,,,,,,,,,,,,,,,,,,,,,,,,,,,,,,,,,,,,,,,,,,,,,,,,,,,,
Data,12,record,timestamp,"944870526",s,position_lat,"390319434",semicircles,position_long,"-1398180924",semicircles,distance,"40529.38",m,altitude,"16.799999999999955",m,speed,"2.846",m/s,unknown,"0",,unknown,"100",,heart_rate,"124",bpm,cadence,"0",rpm,fractional_cadence,"0.0",rpm,enhanced_altitude,"16.799999999999955",m,enhanced_speed,"2.846",m/s,,,,,,,,,,,,,,,,,,,,,,,,,,,,,,,,,,,,,,,,,,,,,,,,,,,,,,,,,,,,,,,,,,,,,,,,,,,,,,,,,,,,,,,,,,,,,,,,,,,,,,,,,,,,,,,,,,,,,,,,,,,,,,,,,,,,,,,,,,,,,,,,,,,,,,,,,,,,,,,,,,,
Data,12,record,timestamp,"944870536",s,position_lat,"390318374",semicircles,position_long,"-1398184260",semicircles,distance,"40557.39",m,altitude,"16.799999999999955",m,speed,"2.585",m/s,unknown,"0",,unknown,"100",,heart_rate,"123",bpm,cadence,"0",rpm,fractional_cadence,"0.0",rpm,enhanced_altitude,"16.799999999999955",m,enhanced_speed,"2.585",m/s,,,,,,,,,,,,,,,,,,,,,,,,,,,,,,,,,,,,,,,,,,,,,,,,,,,,,,,,,,,,,,,,,,,,,,,,,,,,,,,,,,,,,,,,,,,,,,,,,,,,,,,,,,,,,,,,,,,,,,,,,,,,,,,,,,,,,,,,,,,,,,,,,,,,,,,,,,,,,,,,,,,
Data,12,record,timestamp,"944870548",s,position_lat,"390317325",semicircles,position_long,"-1398188304",semicircles,distance,"40590.64",m,altitude,"16.799999999999955",m,speed,"2.641",m/s,unknown,"0",,unknown,"100",,heart_rate,"123",bpm,cadence,"0",rpm,fractional_cadence,"0.0",rpm,enhanced_altitude,"16.799999999999955",m,enhanced_speed,"2.641",m/s,,,,,,,,,,,,,,,,,,,,,,,,,,,,,,,,,,,,,,,,,,,,,,,,,,,,,,,,,,,,,,,,,,,,,,,,,,,,,,,,,,,,,,,,,,,,,,,,,,,,,,,,,,,,,,,,,,,,,,,,,,,,,,,,,,,,,,,,,,,,,,,,,,,,,,,,,,,,,,,,,,,
Data,12,record,timestamp,"944870556",s,position_lat,"390316473",semicircles,position_long,"-1398191078",semicircles,distance,"40613.83",m,altitude,"17.0",m,speed,"2.799",m/s,unknown,"0",,unknown,"100",,heart_rate,"123",bpm,cadence,"0",rpm,fractional_cadence,"0.0",rpm,enhanced_altitude,"17.0",m,enhanced_speed,"2.799",m/s,,,,,,,,,,,,,,,,,,,,,,,,,,,,,,,,,,,,,,,,,,,,,,,,,,,,,,,,,,,,,,,,,,,,,,,,,,,,,,,,,,,,,,,,,,,,,,,,,,,,,,,,,,,,,,,,,,,,,,,,,,,,,,,,,,,,,,,,,,,,,,,,,,,,,,,,,,,,,,,,,,,
Data,12,record,timestamp,"944870565",s,position_lat,"390315837",semicircles,position_long,"-1398194208",semicircles,distance,"40639.13",m,altitude,"17.0",m,speed,"2.855",m/s,unknown,"0",,unknown,"100",,heart_rate,"122",bpm,cadence,"0",rpm,fractional_cadence,"0.0",rpm,enhanced_altitude,"17.0",m,enhanced_speed,"2.855",m/s,,,,,,,,,,,,,,,,,,,,,,,,,,,,,,,,,,,,,,,,,,,,,,,,,,,,,,,,,,,,,,,,,,,,,,,,,,,,,,,,,,,,,,,,,,,,,,,,,,,,,,,,,,,,,,,,,,,,,,,,,,,,,,,,,,,,,,,,,,,,,,,,,,,,,,,,,,,,,,,,,,,
Data,12,record,timestamp,"944870575",s,position_lat,"390315214",semicircles,position_long,"-1398197622",semicircles,distance,"40666.57",m,altitude,"16.799999999999955",m,speed,"2.687",m/s,unknown,"0",,unknown,"100",,heart_rate,"123",bpm,cadence,"0",rpm,fractional_cadence,"0.0",rpm,enhanced_altitude,"16.799999999999955",m,enhanced_speed,"2.687",m/s,,,,,,,,,,,,,,,,,,,,,,,,,,,,,,,,,,,,,,,,,,,,,,,,,,,,,,,,,,,,,,,,,,,,,,,,,,,,,,,,,,,,,,,,,,,,,,,,,,,,,,,,,,,,,,,,,,,,,,,,,,,,,,,,,,,,,,,,,,,,,,,,,,,,,,,,,,,,,,,,,,,
Data,12,record,timestamp,"944870585",s,position_lat,"390314250",semicircles,position_long,"-1398200891",semicircles,distance,"40693.77",m,altitude,"16.799999999999955",m,speed,"2.771",m/s,unknown,"0",,unknown,"100",,heart_rate,"124",bpm,cadence,"0",rpm,fractional_cadence,"0.0",rpm,enhanced_altitude,"16.799999999999955",m,enhanced_speed,"2.771",m/s,,,,,,,,,,,,,,,,,,,,,,,,,,,,,,,,,,,,,,,,,,,,,,,,,,,,,,,,,,,,,,,,,,,,,,,,,,,,,,,,,,,,,,,,,,,,,,,,,,,,,,,,,,,,,,,,,,,,,,,,,,,,,,,,,,,,,,,,,,,,,,,,,,,,,,,,,,,,,,,,,,,
Data,12,record,timestamp,"944870590",s,position_lat,"390313724",semicircles,position_long,"-1398202491",semicircles,distance,"40707.28",m,altitude,"16.399999999999977",m,speed,"2.715",m/s,unknown,"0",,unknown,"100",,heart_rate,"121",bpm,cadence,"0",rpm,fractional_cadence,"0.0",rpm,enhanced_altitude,"16.399999999999977",m,enhanced_speed,"2.715",m/s,,,,,,,,,,,,,,,,,,,,,,,,,,,,,,,,,,,,,,,,,,,,,,,,,,,,,,,,,,,,,,,,,,,,,,,,,,,,,,,,,,,,,,,,,,,,,,,,,,,,,,,,,,,,,,,,,,,,,,,,,,,,,,,,,,,,,,,,,,,,,,,,,,,,,,,,,,,,,,,,,,,
Data,12,record,timestamp,"944870595",s,position_lat,"390313406",semicircles,position_long,"-1398204212",semicircles,distance,"40721.13",m,altitude,"16.399999999999977",m,speed,"2.697",m/s,unknown,"0",,unknown,"100",,heart_rate,"123",bpm,cadence,"0",rpm,fractional_cadence,"0.0",rpm,enhanced_altitude,"16.399999999999977",m,enhanced_speed,"2.697",m/s,,,,,,,,,,,,,,,,,,,,,,,,,,,,,,,,,,,,,,,,,,,,,,,,,,,,,,,,,,,,,,,,,,,,,,,,,,,,,,,,,,,,,,,,,,,,,,,,,,,,,,,,,,,,,,,,,,,,,,,,,,,,,,,,,,,,,,,,,,,,,,,,,,,,,,,,,,,,,,,,,,,
Data,12,record,timestamp,"944870603",s,position_lat,"390312727",semicircles,position_long,"-1398206955",semicircles,distance,"40743.58",m,altitude,"16.399999999999977",m,speed,"2.557",m/s,unknown,"0",,unknown,"100",,heart_rate,"122",bpm,cadence,"0",rpm,fractional_cadence,"0.0",rpm,enhanced_altitude,"16.399999999999977",m,enhanced_speed,"2.557",m/s,,,,,,,,,,,,,,,,,,,,,,,,,,,,,,,,,,,,,,,,,,,,,,,,,,,,,,,,,,,,,,,,,,,,,,,,,,,,,,,,,,,,,,,,,,,,,,,,,,,,,,,,,,,,,,,,,,,,,,,,,,,,,,,,,,,,,,,,,,,,,,,,,,,,,,,,,,,,,,,,,,,
Data,12,record,timestamp,"944870612",s,position_lat,"390311948",semicircles,position_long,"-1398210033",semicircles,distance,"40768.82",m,altitude,"16.399999999999977",m,speed,"2.781",m/s,unknown,"0",,unknown,"100",,heart_rate,"122",bpm,cadence,"0",rpm,fractional_cadence,"0.0",rpm,enhanced_altitude,"16.399999999999977",m,enhanced_speed,"2.781",m/s,,,,,,,,,,,,,,,,,,,,,,,,,,,,,,,,,,,,,,,,,,,,,,,,,,,,,,,,,,,,,,,,,,,,,,,,,,,,,,,,,,,,,,,,,,,,,,,,,,,,,,,,,,,,,,,,,,,,,,,,,,,,,,,,,,,,,,,,,,,,,,,,,,,,,,,,,,,,,,,,,,,
Data,12,record,timestamp,"944870621",s,position_lat,"390311237",semicircles,position_long,"-1398212895",semicircles,distance,"40792.26",m,altitude,"16.399999999999977",m,speed,"2.948",m/s,unknown,"0",,unknown,"100",,heart_rate,"124",bpm,cadence,"0",rpm,fractional_cadence,"0.0",rpm,enhanced_altitude,"16.399999999999977",m,enhanced_speed,"2.948",m/s,,,,,,,,,,,,,,,,,,,,,,,,,,,,,,,,,,,,,,,,,,,,,,,,,,,,,,,,,,,,,,,,,,,,,,,,,,,,,,,,,,,,,,,,,,,,,,,,,,,,,,,,,,,,,,,,,,,,,,,,,,,,,,,,,,,,,,,,,,,,,,,,,,,,,,,,,,,,,,,,,,,
Data,12,record,timestamp,"944870625",s,position_lat,"390310832",semicircles,position_long,"-1398214194",semicircles,distance,"40803.11",m,altitude,"16.399999999999977",m,speed,"2.678",m/s,unknown,"0",,unknown,"100",,heart_rate,"121",bpm,cadence,"0",rpm,fractional_cadence,"0.0",rpm,enhanced_altitude,"16.399999999999977",m,enhanced_speed,"2.678",m/s,,,,,,,,,,,,,,,,,,,,,,,,,,,,,,,,,,,,,,,,,,,,,,,,,,,,,,,,,,,,,,,,,,,,,,,,,,,,,,,,,,,,,,,,,,,,,,,,,,,,,,,,,,,,,,,,,,,,,,,,,,,,,,,,,,,,,,,,,,,,,,,,,,,,,,,,,,,,,,,,,,,
Data,12,record,timestamp,"944870628",s,position_lat,"390310568",semicircles,position_long,"-1398215172",semicircles,distance,"40811.2",m,altitude,"16.399999999999977",m,speed,"2.725",m/s,unknown,"0",,unknown,"100",,heart_rate,"122",bpm,cadence,"0",rpm,fractional_cadence,"0.0",rpm,enhanced_altitude,"16.399999999999977",m,enhanced_speed,"2.725",m/s,,,,,,,,,,,,,,,,,,,,,,,,,,,,,,,,,,,,,,,,,,,,,,,,,,,,,,,,,,,,,,,,,,,,,,,,,,,,,,,,,,,,,,,,,,,,,,,,,,,,,,,,,,,,,,,,,,,,,,,,,,,,,,,,,,,,,,,,,,,,,,,,,,,,,,,,,,,,,,,,,,,
Data,12,record,timestamp,"944870636",s,position_lat,"390310213",semicircles,position_long,"-1398217892",semicircles,distance,"40832.87",m,altitude,"16.399999999999977",m,speed,"2.678",m/s,unknown,"0",,unknown,"100",,heart_rate,"122",bpm,cadence,"0",rpm,fractional_cadence,"0.0",rpm,enhanced_altitude,"16.399999999999977",m,enhanced_speed,"2.678",m/s,,,,,,,,,,,,,,,,,,,,,,,,,,,,,,,,,,,,,,,,,,,,,,,,,,,,,,,,,,,,,,,,,,,,,,,,,,,,,,,,,,,,,,,,,,,,,,,,,,,,,,,,,,,,,,,,,,,,,,,,,,,,,,,,,,,,,,,,,,,,,,,,,,,,,,,,,,,,,,,,,,,
Data,12,record,timestamp,"944870644",s,position_lat,"390310099",semicircles,position_long,"-1398220737",semicircles,distance,"40855.42",m,altitude,"16.399999999999977",m,speed,"2.641",m/s,unknown,"0",,unknown,"100",,heart_rate,"120",bpm,cadence,"0",rpm,fractional_cadence,"0.0",rpm,enhanced_altitude,"16.399999999999977",m,enhanced_speed,"2.641",m/s,,,,,,,,,,,,,,,,,,,,,,,,,,,,,,,,,,,,,,,,,,,,,,,,,,,,,,,,,,,,,,,,,,,,,,,,,,,,,,,,,,,,,,,,,,,,,,,,,,,,,,,,,,,,,,,,,,,,,,,,,,,,,,,,,,,,,,,,,,,,,,,,,,,,,,,,,,,,,,,,,,,
Data,12,record,timestamp,"944870649",s,position_lat,"390311019",semicircles,position_long,"-1398221800",semicircles,distance,"40867.9",m,altitude,"16.399999999999977",m,speed,"2.277",m/s,unknown,"0",,unknown,"100",,heart_rate,"121",bpm,cadence,"0",rpm,fractional_cadence,"0.0",rpm,enhanced_altitude,"16.399999999999977",m,enhanced_speed,"2.277",m/s,,,,,,,,,,,,,,,,,,,,,,,,,,,,,,,,,,,,,,,,,,,,,,,,,,,,,,,,,,,,,,,,,,,,,,,,,,,,,,,,,,,,,,,,,,,,,,,,,,,,,,,,,,,,,,,,,,,,,,,,,,,,,,,,,,,,,,,,,,,,,,,,,,,,,,,,,,,,,,,,,,,
Data,12,record,timestamp,"944870654",s,position_lat,"390312462",semicircles,position_long,"-1398221549",semicircles,distance,"40881.83",m,altitude,"16.399999999999977",m,speed,"2.575",m/s,unknown,"0",,unknown,"100",,heart_rate,"119",bpm,cadence,"0",rpm,fractional_cadence,"0.0",rpm,enhanced_altitude,"16.399999999999977",m,enhanced_speed,"2.575",m/s,,,,,,,,,,,,,,,,,,,,,,,,,,,,,,,,,,,,,,,,,,,,,,,,,,,,,,,,,,,,,,,,,,,,,,,,,,,,,,,,,,,,,,,,,,,,,,,,,,,,,,,,,,,,,,,,,,,,,,,,,,,,,,,,,,,,,,,,,,,,,,,,,,,,,,,,,,,,,,,,,,,
Data,12,record,timestamp,"944870661",s,position_lat,"390314335",semicircles,position_long,"-1398220451",semicircles,distance,"40901.25",m,altitude,"16.399999999999977",m,speed,"2.585",m/s,unknown,"0",,unknown,"100",,heart_rate,"118",bpm,cadence,"0",rpm,fractional_cadence,"0.0",rpm,enhanced_altitude,"16.399999999999977",m,enhanced_speed,"2.585",m/s,,,,,,,,,,,,,,,,,,,,,,,,,,,,,,,,,,,,,,,,,,,,,,,,,,,,,,,,,,,,,,,,,,,,,,,,,,,,,,,,,,,,,,,,,,,,,,,,,,,,,,,,,,,,,,,,,,,,,,,,,,,,,,,,,,,,,,,,,,,,,,,,,,,,,,,,,,,,,,,,,,,
Data,12,record,timestamp,"944870668",s,position_lat,"390316143",semicircles,position_long,"-1398219655",semicircles,distance,"40919.3",m,altitude,"16.399999999999977",m,speed,"2.641",m/s,unknown,"0",,unknown,"100",,heart_rate,"120",bpm,cadence,"0",rpm,fractional_cadence,"0.0",rpm,enhanced_altitude,"16.399999999999977",m,enhanced_speed,"2.641",m/s,,,,,,,,,,,,,,,,,,,,,,,,,,,,,,,,,,,,,,,,,,,,,,,,,,,,,,,,,,,,,,,,,,,,,,,,,,,,,,,,,,,,,,,,,,,,,,,,,,,,,,,,,,,,,,,,,,,,,,,,,,,,,,,,,,,,,,,,,,,,,,,,,,,,,,,,,,,,,,,,,,,
Data,12,record,timestamp,"944870669",s,position_lat,"390316453",semicircles,position_long,"-1398219601",semicircles,distance,"40922.21",m,altitude,"16.399999999999977",m,speed,"2.986",m/s,unknown,"0",,unknown,"100",,heart_rate,"117",bpm,cadence,"0",rpm,fractional_cadence,"0.0",rpm,enhanced_altitude,"16.399999999999977",m,enhanced_speed,"2.986",m/s,,,,,,,,,,,,,,,,,,,,,,,,,,,,,,,,,,,,,,,,,,,,,,,,,,,,,,,,,,,,,,,,,,,,,,,,,,,,,,,,,,,,,,,,,,,,,,,,,,,,,,,,,,,,,,,,,,,,,,,,,,,,,,,,,,,,,,,,,,,,,,,,,,,,,,,,,,,,,,,,,,,
Data,12,record,timestamp,"944870674",s,position_lat,"390317786",semicircles,position_long,"-1398219336",semicircles,distance,"40934.77",m,altitude,"16.600000000000023",m,speed,"2.538",m/s,unknown,"0",,unknown,"100",,heart_rate,"119",bpm,cadence,"0",rpm,fractional_cadence,"0.0",rpm,enhanced_altitude,"16.600000000000023",m,enhanced_speed,"2.538",m/s,,,,,,,,,,,,,,,,,,,,,,,,,,,,,,,,,,,,,,,,,,,,,,,,,,,,,,,,,,,,,,,,,,,,,,,,,,,,,,,,,,,,,,,,,,,,,,,,,,,,,,,,,,,,,,,,,,,,,,,,,,,,,,,,,,,,,,,,,,,,,,,,,,,,,,,,,,,,,,,,,,,
Data,12,record,timestamp,"944870682",s,position_lat,"390319746",semicircles,position_long,"-1398219092",semicircles,distance,"40953.1",m,altitude,"16.600000000000023",m,speed,"2.193",m/s,unknown,"0",,unknown,"100",,heart_rate,"117",bpm,cadence,"0",rpm,fractional_cadence,"0.0",rpm,enhanced_altitude,"16.600000000000023",m,enhanced_speed,"2.193",m/s,,,,,,,,,,,,,,,,,,,,,,,,,,,,,,,,,,,,,,,,,,,,,,,,,,,,,,,,,,,,,,,,,,,,,,,,,,,,,,,,,,,,,,,,,,,,,,,,,,,,,,,,,,,,,,,,,,,,,,,,,,,,,,,,,,,,,,,,,,,,,,,,,,,,,,,,,,,,,,,,,,,
Data,12,record,timestamp,"944870689",s,position_lat,"390321533",semicircles,position_long,"-1398218210",semicircles,distance,"40971.12",m,altitude,"16.600000000000023",m,speed,"2.734",m/s,unknown,"0",,unknown,"100",,heart_rate,"118",bpm,cadence,"0",rpm,fractional_cadence,"0.0",rpm,enhanced_altitude,"16.600000000000023",m,enhanced_speed,"2.734",m/s,,,,,,,,,,,,,,,,,,,,,,,,,,,,,,,,,,,,,,,,,,,,,,,,,,,,,,,,,,,,,,,,,,,,,,,,,,,,,,,,,,,,,,,,,,,,,,,,,,,,,,,,,,,,,,,,,,,,,,,,,,,,,,,,,,,,,,,,,,,,,,,,,,,,,,,,,,,,,,,,,,,
Data,12,record,timestamp,"944870700",s,position_lat,"390324915",semicircles,position_long,"-1398216834",semicircles,distance,"41004.37",m,altitude,"16.399999999999977",m,speed,"3.163",m/s,unknown,"0",,unknown,"100",,heart_rate,"118",bpm,cadence,"0",rpm,fractional_cadence,"0.0",rpm,enhanced_altitude,"16.399999999999977",m,enhanced_speed,"3.163",m/s,,,,,,,,,,,,,,,,,,,,,,,,,,,,,,,,,,,,,,,,,,,,,,,,,,,,,,,,,,,,,,,,,,,,,,,,,,,,,,,,,,,,,,,,,,,,,,,,,,,,,,,,,,,,,,,,,,,,,,,,,,,,,,,,,,,,,,,,,,,,,,,,,,,,,,,,,,,,,,,,,,,
Data,12,record,timestamp,"944870709",s,position_lat,"390327928",semicircles,position_long,"-1398215806",semicircles,distance,"41033.52",m,altitude,"16.399999999999977",m,speed,"3.238",m/s,unknown,"0",,unknown,"100",,heart_rate,"118",bpm,cadence,"0",rpm,fractional_cadence,"0.0",rpm,enhanced_altitude,"16.399999999999977",m,enhanced_speed,"3.238",m/s,,,,,,,,,,,,,,,,,,,,,,,,,,,,,,,,,,,,,,,,,,,,,,,,,,,,,,,,,,,,,,,,,,,,,,,,,,,,,,,,,,,,,,,,,,,,,,,,,,,,,,,,,,,,,,,,,,,,,,,,,,,,,,,,,,,,,,,,,,,,,,,,,,,,,,,,,,,,,,,,,,,
Data,12,record,timestamp,"944870719",s,position_lat,"390331063",semicircles,position_long,"-1398214723",semicircles,distance,"41063.88",m,altitude,"16.600000000000023",m,speed,"2.958",m/s,unknown,"0",,unknown,"100",,heart_rate,"118",bpm,cadence,"0",rpm,fractional_cadence,"0.0",rpm,enhanced_altitude,"16.600000000000023",m,enhanced_speed,"2.958",m/s,,,,,,,,,,,,,,,,,,,,,,,,,,,,,,,,,,,,,,,,,,,,,,,,,,,,,,,,,,,,,,,,,,,,,,,,,,,,,,,,,,,,,,,,,,,,,,,,,,,,,,,,,,,,,,,,,,,,,,,,,,,,,,,,,,,,,,,,,,,,,,,,,,,,,,,,,,,,,,,,,,,
Data,12,record,timestamp,"944870730",s,position_lat,"390334204",semicircles,position_long,"-1398213946",semicircles,distance,"41093.69",m,altitude,"16.799999999999955",m,speed,"2.781",m/s,unknown,"0",,unknown,"100",,heart_rate,"117",bpm,cadence,"0",rpm,fractional_cadence,"0.0",rpm,enhanced_altitude,"16.799999999999955",m,enhanced_speed,"2.781",m/s,,,,,,,,,,,,,,,,,,,,,,,,,,,,,,,,,,,,,,,,,,,,,,,,,,,,,,,,,,,,,,,,,,,,,,,,,,,,,,,,,,,,,,,,,,,,,,,,,,,,,,,,,,,,,,,,,,,,,,,,,,,,,,,,,,,,,,,,,,,,,,,,,,,,,,,,,,,,,,,,,,,
Data,12,record,timestamp,"944870733",s,position_lat,"390335017",semicircles,position_long,"-1398213757",semicircles,distance,"41101.39",m,altitude,"17.0",m,speed,"2.482",m/s,unknown,"0",,unknown,"100",,heart_rate,"120",bpm,cadence,"0",rpm,fractional_cadence,"0.0",rpm,enhanced_altitude,"17.0",m,enhanced_speed,"2.482",m/s,,,,,,,,,,,,,,,,,,,,,,,,,,,,,,,,,,,,,,,,,,,,,,,,,,,,,,,,,,,,,,,,,,,,,,,,,,,,,,,,,,,,,,,,,,,,,,,,,,,,,,,,,,,,,,,,,,,,,,,,,,,,,,,,,,,,,,,,,,,,,,,,,,,,,,,,,,,,,,,,,,,
Data,12,record,timestamp,"944870734",s,position_lat,"390335277",semicircles,position_long,"-1398213704",semicircles,distance,"41103.85",m,altitude,"17.0",m,speed,"2.547",m/s,unknown,"0",,unknown,"100",,heart_rate,"117",bpm,cadence,"0",rpm,fractional_cadence,"0.0",rpm,enhanced_altitude,"17.0",m,enhanced_speed,"2.547",m/s,,,,,,,,,,,,,,,,,,,,,,,,,,,,,,,,,,,,,,,,,,,,,,,,,,,,,,,,,,,,,,,,,,,,,,,,,,,,,,,,,,,,,,,,,,,,,,,,,,,,,,,,,,,,,,,,,,,,,,,,,,,,,,,,,,,,,,,,,,,,,,,,,,,,,,,,,,,,,,,,,,,
Data,12,record,timestamp,"944870740",s,position_lat,"390337013",semicircles,position_long,"-1398213416",semicircles,distance,"41120.12",m,altitude,"17.0",m,speed,"2.547",m/s,unknown,"0",,unknown,"100",,heart_rate,"117",bpm,cadence,"0",rpm,fractional_cadence,"0.0",rpm,enhanced_altitude,"17.0",m,enhanced_speed,"2.547",m/s,,,,,,,,,,,,,,,,,,,,,,,,,,,,,,,,,,,,,,,,,,,,,,,,,,,,,,,,,,,,,,,,,,,,,,,,,,,,,,,,,,,,,,,,,,,,,,,,,,,,,,,,,,,,,,,,,,,,,,,,,,,,,,,,,,,,,,,,,,,,,,,,,,,,,,,,,,,,,,,,,,,
Data,12,record,timestamp,"944870750",s,position_lat,"390339541",semicircles,position_long,"-1398212689",semicircles,distance,"41144.31",m,altitude,"16.799999999999955",m,speed,"2.361",m/s,unknown,"0",,unknown,"300",,heart_rate,"119",bpm,cadence,"0",rpm,fractional_cadence,"0.0",rpm,enhanced_altitude,"16.799999999999955",m,enhanced_speed,"2.361",m/s,,,,,,,,,,,,,,,,,,,,,,,,,,,,,,,,,,,,,,,,,,,,,,,,,,,,,,,,,,,,,,,,,,,,,,,,,,,,,,,,,,,,,,,,,,,,,,,,,,,,,,,,,,,,,,,,,,,,,,,,,,,,,,,,,,,,,,,,,,,,,,,,,,,,,,,,,,,,,,,,,,,
Data,12,record,timestamp,"944870759",s,position_lat,"390341850",semicircles,position_long,"-1398211905",semicircles,distance,"41166.65",m,altitude,"16.600000000000023",m,speed,"2.575",m/s,unknown,"0",,unknown,"100",,heart_rate,"118",bpm,cadence,"0",rpm,fractional_cadence,"0.0",rpm,enhanced_altitude,"16.600000000000023",m,enhanced_speed,"2.575",m/s,,,,,,,,,,,,,,,,,,,,,,,,,,,,,,,,,,,,,,,,,,,,,,,,,,,,,,,,,,,,,,,,,,,,,,,,,,,,,,,,,,,,,,,,,,,,,,,,,,,,,,,,,,,,,,,,,,,,,,,,,,,,,,,,,,,,,,,,,,,,,,,,,,,,,,,,,,,,,,,,,,,
Data,12,record,timestamp,"944870762",s,position_lat,"390342588",semicircles,position_long,"-1398211627",semicircles,distance,"41173.86",m,altitude,"16.600000000000023",m,speed,"2.426",m/s,unknown,"0",,unknown,"100",,heart_rate,"121",bpm,cadence,"0",rpm,fractional_cadence,"0.0",rpm,enhanced_altitude,"16.600000000000023",m,enhanced_speed,"2.426",m/s,,,,,,,,,,,,,,,,,,,,,,,,,,,,,,,,,,,,,,,,,,,,,,,,,,,,,,,,,,,,,,,,,,,,,,,,,,,,,,,,,,,,,,,,,,,,,,,,,,,,,,,,,,,,,,,,,,,,,,,,,,,,,,,,,,,,,,,,,,,,,,,,,,,,,,,,,,,,,,,,,,,
Data,12,record,timestamp,"944870767",s,position_lat,"390343803",semicircles,position_long,"-1398211167",semicircles,distance,"41185.72",m,altitude,"16.799999999999955",m,speed,"2.585",m/s,unknown,"0",,unknown,"100",,heart_rate,"118",bpm,cadence,"0",rpm,fractional_cadence,"0.0",rpm,enhanced_altitude,"16.799999999999955",m,enhanced_speed,"2.585",m/s,,,,,,,,,,,,,,,,,,,,,,,,,,,,,,,,,,,,,,,,,,,,,,,,,,,,,,,,,,,,,,,,,,,,,,,,,,,,,,,,,,,,,,,,,,,,,,,,,,,,,,,,,,,,,,,,,,,,,,,,,,,,,,,,,,,,,,,,,,,,,,,,,,,,,,,,,,,,,,,,,,,
Data,12,record,timestamp,"944870770",s,position_lat,"390344557",semicircles,position_long,"-1398210925",semicircles,distance,"41192.98",m,altitude,"16.799999999999955",m,speed,"2.351",m/s,unknown,"0",,unknown,"100",,heart_rate,"118",bpm,cadence,"0",rpm,fractional_cadence,"0.0",rpm,enhanced_altitude,"16.799999999999955",m,enhanced_speed,"2.351",m/s,,,,,,,,,,,,,,,,,,,,,,,,,,,,,,,,,,,,,,,,,,,,,,,,,,,,,,,,,,,,,,,,,,,,,,,,,,,,,,,,,,,,,,,,,,,,,,,,,,,,,,,,,,,,,,,,,,,,,,,,,,,,,,,,,,,,,,,,,,,,,,,,,,,,,,,,,,,,,,,,,,,
Data,12,record,timestamp,"944870778",s,position_lat,"390346545",semicircles,position_long,"-1398210230",semicircles,distance,"41212.24",m,altitude,"16.799999999999955",m,speed,"2.463",m/s,unknown,"0",,unknown,"100",,heart_rate,"117",bpm,cadence,"0",rpm,fractional_cadence,"0.0",rpm,enhanced_altitude,"16.799999999999955",m,enhanced_speed,"2.463",m/s,,,,,,,,,,,,,,,,,,,,,,,,,,,,,,,,,,,,,,,,,,,,,,,,,,,,,,,,,,,,,,,,,,,,,,,,,,,,,,,,,,,,,,,,,,,,,,,,,,,,,,,,,,,,,,,,,,,,,,,,,,,,,,,,,,,,,,,,,,,,,,,,,,,,,,,,,,,,,,,,,,,
Data,12,record,timestamp,"944870788",s,position_lat,"390349066",semicircles,position_long,"-1398209685",semicircles,distance,"41236.03",m,altitude,"16.799999999999955",m,speed,"2.445",m/s,unknown,"0",,unknown,"100",,heart_rate,"117",bpm,cadence,"0",rpm,fractional_cadence,"0.0",rpm,enhanced_altitude,"16.799999999999955",m,enhanced_speed,"2.445",m/s,,,,,,,,,,,,,,,,,,,,,,,,,,,,,,,,,,,,,,,,,,,,,,,,,,,,,,,,,,,,,,,,,,,,,,,,,,,,,,,,,,,,,,,,,,,,,,,,,,,,,,,,,,,,,,,,,,,,,,,,,,,,,,,,,,,,,,,,,,,,,,,,,,,,,,,,,,,,,,,,,,,
Data,12,record,timestamp,"944870795",s,position_lat,"390350954",semicircles,position_long,"-1398209227",semicircles,distance,"41253.93",m,altitude,"16.799999999999955",m,speed,"2.669",m/s,unknown,"0",,unknown,"100",,heart_rate,"120",bpm,cadence,"0",rpm,fractional_cadence,"0.0",rpm,enhanced_altitude,"16.799999999999955",m,enhanced_speed,"2.669",m/s,,,,,,,,,,,,,,,,,,,,,,,,,,,,,,,,,,,,,,,,,,,,,,,,,,,,,,,,,,,,,,,,,,,,,,,,,,,,,,,,,,,,,,,,,,,,,,,,,,,,,,,,,,,,,,,,,,,,,,,,,,,,,,,,,,,,,,,,,,,,,,,,,,,,,,,,,,,,,,,,,,,
Data,12,record,timestamp,"944870797",s,position_lat,"390351489",semicircles,position_long,"-1398209100",semicircles,distance,"41258.99",m,altitude,"16.799999999999955",m,speed,"2.659",m/s,unknown,"0",,unknown,"100",,heart_rate,"120",bpm,cadence,"0",rpm,fractional_cadence,"0.0",rpm,enhanced_altitude,"16.799999999999955",m,enhanced_speed,"2.659",m/s,,,,,,,,,,,,,,,,,,,,,,,,,,,,,,,,,,,,,,,,,,,,,,,,,,,,,,,,,,,,,,,,,,,,,,,,,,,,,,,,,,,,,,,,,,,,,,,,,,,,,,,,,,,,,,,,,,,,,,,,,,,,,,,,,,,,,,,,,,,,,,,,,,,,,,,,,,,,,,,,,,,
Data,12,record,timestamp,"944870799",s,position_lat,"390352023",semicircles,position_long,"-1398208961",semicircles,distance,"41264.08",m,altitude,"16.799999999999955",m,speed,"2.566",m/s,unknown,"0",,unknown,"100",,heart_rate,"117",bpm,cadence,"0",rpm,fractional_cadence,"0.0",rpm,enhanced_altitude,"16.799999999999955",m,enhanced_speed,"2.566",m/s,,,,,,,,,,,,,,,,,,,,,,,,,,,,,,,,,,,,,,,,,,,,,,,,,,,,,,,,,,,,,,,,,,,,,,,,,,,,,,,,,,,,,,,,,,,,,,,,,,,,,,,,,,,,,,,,,,,,,,,,,,,,,,,,,,,,,,,,,,,,,,,,,,,,,,,,,,,,,,,,,,,
Data,12,record,timestamp,"944870800",s,position_lat,"390352281",semicircles,position_long,"-1398208919",semicircles,distance,"41266.49",m,altitude,"16.600000000000023",m,speed,"2.473",m/s,unknown,"0",,unknown,"100",,heart_rate,"120",bpm,cadence,"0",rpm,fractional_cadence,"0.0",rpm,enhanced_altitude,"16.600000000000023",m,enhanced_speed,"2.473",m/s,,,,,,,,,,,,,,,,,,,,,,,,,,,,,,,,,,,,,,,,,,,,,,,,,,,,,,,,,,,,,,,,,,,,,,,,,,,,,,,,,,,,,,,,,,,,,,,,,,,,,,,,,,,,,,,,,,,,,,,,,,,,,,,,,,,,,,,,,,,,,,,,,,,,,,,,,,,,,,,,,,,
Data,12,record,timestamp,"944870805",s,position_lat,"390353608",semicircles,position_long,"-1398208639",semicircles,distance,"41279.02",m,altitude,"16.600000000000023",m,speed,"2.473",m/s,unknown,"0",,unknown,"100",,heart_rate,"117",bpm,cadence,"0",rpm,fractional_cadence,"0.0",rpm,enhanced_altitude,"16.600000000000023",m,enhanced_speed,"2.473",m/s,,,,,,,,,,,,,,,,,,,,,,,,,,,,,,,,,,,,,,,,,,,,,,,,,,,,,,,,,,,,,,,,,,,,,,,,,,,,,,,,,,,,,,,,,,,,,,,,,,,,,,,,,,,,,,,,,,,,,,,,,,,,,,,,,,,,,,,,,,,,,,,,,,,,,,,,,,,,,,,,,,,
Data,12,record,timestamp,"944870806",s,position_lat,"390353863",semicircles,position_long,"-1398208552",semicircles,distance,"41281.49",m,altitude,"16.600000000000023",m,speed,"2.491",m/s,unknown,"0",,unknown,"300",,heart_rate,"116",bpm,cadence,"0",rpm,fractional_cadence,"0.0",rpm,enhanced_altitude,"16.600000000000023",m,enhanced_speed,"2.491",m/s,,,,,,,,,,,,,,,,,,,,,,,,,,,,,,,,,,,,,,,,,,,,,,,,,,,,,,,,,,,,,,,,,,,,,,,,,,,,,,,,,,,,,,,,,,,,,,,,,,,,,,,,,,,,,,,,,,,,,,,,,,,,,,,,,,,,,,,,,,,,,,,,,,,,,,,,,,,,,,,,,,,
Data,12,record,timestamp,"944870811",s,position_lat,"390355196",semicircles,position_long,"-1398208204",semicircles,distance,"41294.27",m,altitude,"16.399999999999977",m,speed,"2.407",m/s,unknown,"0",,unknown,"100",,heart_rate,"119",bpm,cadence,"0",rpm,fractional_cadence,"0.0",rpm,enhanced_altitude,"16.399999999999977",m,enhanced_speed,"2.407",m/s,,,,,,,,,,,,,,,,,,,,,,,,,,,,,,,,,,,,,,,,,,,,,,,,,,,,,,,,,,,,,,,,,,,,,,,,,,,,,,,,,,,,,,,,,,,,,,,,,,,,,,,,,,,,,,,,,,,,,,,,,,,,,,,,,,,,,,,,,,,,,,,,,,,,,,,,,,,,,,,,,,,
Data,12,record,timestamp,"944870812",s,position_lat,"390355464",semicircles,position_long,"-1398208156",semicircles,distance,"41296.79",m,altitude,"16.200000000000045",m,speed,"2.603",m/s,unknown,"0",,unknown,"100",,heart_rate,"119",bpm,cadence,"0",rpm,fractional_cadence,"0.0",rpm,enhanced_altitude,"16.200000000000045",m,enhanced_speed,"2.603",m/s,,,,,,,,,,,,,,,,,,,,,,,,,,,,,,,,,,,,,,,,,,,,,,,,,,,,,,,,,,,,,,,,,,,,,,,,,,,,,,,,,,,,,,,,,,,,,,,,,,,,,,,,,,,,,,,,,,,,,,,,,,,,,,,,,,,,,,,,,,,,,,,,,,,,,,,,,,,,,,,,,,,
Data,12,record,timestamp,"944870819",s,position_lat,"390357328",semicircles,position_long,"-1398208209",semicircles,distance,"41314.49",m,altitude,"15.799999999999955",m,speed,"2.146",m/s,unknown,"0",,unknown,"100",,heart_rate,"115",bpm,cadence,"0",rpm,fractional_cadence,"0.0",rpm,enhanced_altitude,"15.799999999999955",m,enhanced_speed,"2.146",m/s,,,,,,,,,,,,,,,,,,,,,,,,,,,,,,,,,,,,,,,,,,,,,,,,,,,,,,,,,,,,,,,,,,,,,,,,,,,,,,,,,,,,,,,,,,,,,,,,,,,,,,,,,,,,,,,,,,,,,,,,,,,,,,,,,,,,,,,,,,,,,,,,,,,,,,,,,,,,,,,,,,,
Data,12,record,timestamp,"944870823",s,position_lat,"390357651",semicircles,position_long,"-1398209041",semicircles,distance,"41322.33",m,altitude,"15.600000000000023",m,speed,"1.605",m/s,unknown,"0",,unknown,"100",,heart_rate,"117",bpm,cadence,"0",rpm,fractional_cadence,"0.0",rpm,enhanced_altitude,"15.600000000000023",m,enhanced_speed,"1.605",m/s,,,,,,,,,,,,,,,,,,,,,,,,,,,,,,,,,,,,,,,,,,,,,,,,,,,,,,,,,,,,,,,,,,,,,,,,,,,,,,,,,,,,,,,,,,,,,,,,,,,,,,,,,,,,,,,,,,,,,,,,,,,,,,,,,,,,,,,,,,,,,,,,,,,,,,,,,,,,,,,,,,,
Data,12,record,timestamp,"944870824",s,position_lat,"390357566",semicircles,position_long,"-1398209282",semicircles,distance,"41324.35",m,altitude,"15.600000000000023",m,speed,"1.661",m/s,unknown,"0",,unknown,"100",,heart_rate,"116",bpm,cadence,"0",rpm,fractional_cadence,"0.0",rpm,enhanced_altitude,"15.600000000000023",m,enhanced_speed,"1.661",m/s,,,,,,,,,,,,,,,,,,,,,,,,,,,,,,,,,,,,,,,,,,,,,,,,,,,,,,,,,,,,,,,,,,,,,,,,,,,,,,,,,,,,,,,,,,,,,,,,,,,,,,,,,,,,,,,,,,,,,,,,,,,,,,,,,,,,,,,,,,,,,,,,,,,,,,,,,,,,,,,,,,,
Data,12,record,timestamp,"944870826",s,position_lat,"390357454",semicircles,position_long,"-1398209728",semicircles,distance,"41327.98",m,altitude,"15.600000000000023",m,speed,"1.577",m/s,unknown,"0",,unknown,"100",,heart_rate,"116",bpm,cadence,"0",rpm,fractional_cadence,"0.0",rpm,enhanced_altitude,"15.600000000000023",m,enhanced_speed,"1.577",m/s,,,,,,,,,,,,,,,,,,,,,,,,,,,,,,,,,,,,,,,,,,,,,,,,,,,,,,,,,,,,,,,,,,,,,,,,,,,,,,,,,,,,,,,,,,,,,,,,,,,,,,,,,,,,,,,,,,,,,,,,,,,,,,,,,,,,,,,,,,,,,,,,,,,,,,,,,,,,,,,,,,,
Data,12,record,timestamp,"944870830",s,position_lat,"390356876",semicircles,position_long,"-1398210638",semicircles,distance,"41336.81",m,altitude,"15.600000000000023",m,speed,"1.773",m/s,unknown,"0",,unknown,"100",,heart_rate,"116",bpm,cadence,"0",rpm,fractional_cadence,"0.0",rpm,enhanced_altitude,"15.600000000000023",m,enhanced_speed,"1.773",m/s,,,,,,,,,,,,,,,,,,,,,,,,,,,,,,,,,,,,,,,,,,,,,,,,,,,,,,,,,,,,,,,,,,,,,,,,,,,,,,,,,,,,,,,,,,,,,,,,,,,,,,,,,,,,,,,,,,,,,,,,,,,,,,,,,,,,,,,,,,,,,,,,,,,,,,,,,,,,,,,,,,,
Data,12,record,timestamp,"944870833",s,position_lat,"390356529",semicircles,position_long,"-1398211459",semicircles,distance,"41344.03",m,altitude,"15.399999999999977",m,speed,"2.202",m/s,unknown,"0",,unknown,"100",,heart_rate,"119",bpm,cadence,"0",rpm,fractional_cadence,"0.0",rpm,enhanced_altitude,"15.399999999999977",m,enhanced_speed,"2.202",m/s,,,,,,,,,,,,,,,,,,,,,,,,,,,,,,,,,,,,,,,,,,,,,,,,,,,,,,,,,,,,,,,,,,,,,,,,,,,,,,,,,,,,,,,,,,,,,,,,,,,,,,,,,,,,,,,,,,,,,,,,,,,,,,,,,,,,,,,,,,,,,,,,,,,,,,,,,,,,,,,,,,,
Data,12,record,timestamp,"944870838",s,position_lat,"390356044",semicircles,position_long,"-1398212720",semicircles,distance,"41354.93",m,altitude,"15.200000000000045",m,speed,"1.997",m/s,unknown,"0",,unknown,"100",,heart_rate,"118",bpm,cadence,"0",rpm,fractional_cadence,"0.0",rpm,enhanced_altitude,"15.200000000000045",m,enhanced_speed,"1.997",m/s,,,,,,,,,,,,,,,,,,,,,,,,,,,,,,,,,,,,,,,,,,,,,,,,,,,,,,,,,,,,,,,,,,,,,,,,,,,,,,,,,,,,,,,,,,,,,,,,,,,,,,,,,,,,,,,,,,,,,,,,,,,,,,,,,,,,,,,,,,,,,,,,,,,,,,,,,,,,,,,,,,,
Data,12,record,timestamp,"944870846",s,position_lat,"390355376",semicircles,position_long,"-1398214755",semicircles,distance,"41372.08",m,altitude,"15.200000000000045",m,speed,"1.903",m/s,unknown,"0",,unknown,"100",,heart_rate,"120",bpm,cadence,"0",rpm,fractional_cadence,"0.0",rpm,enhanced_altitude,"15.200000000000045",m,enhanced_speed,"1.903",m/s,,,,,,,,,,,,,,,,,,,,,,,,,,,,,,,,,,,,,,,,,,,,,,,,,,,,,,,,,,,,,,,,,,,,,,,,,,,,,,,,,,,,,,,,,,,,,,,,,,,,,,,,,,,,,,,,,,,,,,,,,,,,,,,,,,,,,,,,,,,,,,,,,,,,,,,,,,,,,,,,,,,
Data,12,record,timestamp,"944870847",s,position_lat,"390355301",semicircles,position_long,"-1398214994",semicircles,distance,"41374.09",m,altitude,"15.200000000000045",m,speed,"2.053",m/s,unknown,"0",,unknown,"100",,heart_rate,"116",bpm,cadence,"0",rpm,fractional_cadence,"0.0",rpm,enhanced_altitude,"15.200000000000045",m,enhanced_speed,"2.053",m/s,,,,,,,,,,,,,,,,,,,,,,,,,,,,,,,,,,,,,,,,,,,,,,,,,,,,,,,,,,,,,,,,,,,,,,,,,,,,,,,,,,,,,,,,,,,,,,,,,,,,,,,,,,,,,,,,,,,,,,,,,,,,,,,,,,,,,,,,,,,,,,,,,,,,,,,,,,,,,,,,,,,
Data,12,record,timestamp,"944870855",s,position_lat,"390354652",semicircles,position_long,"-1398217003",semicircles,distance,"41390.98",m,altitude,"15.399999999999977",m,speed,"2.127",m/s,unknown,"0",,unknown,"100",,heart_rate,"119",bpm,cadence,"0",rpm,fractional_cadence,"0.0",rpm,enhanced_altitude,"15.399999999999977",m,enhanced_speed,"2.127",m/s,,,,,,,,,,,,,,,,,,,,,,,,,,,,,,,,,,,,,,,,,,,,,,,,,,,,,,,,,,,,,,,,,,,,,,,,,,,,,,,,,,,,,,,,,,,,,,,,,,,,,,,,,,,,,,,,,,,,,,,,,,,,,,,,,,,,,,,,,,,,,,,,,,,,,,,,,,,,,,,,,,,
Data,12,record,timestamp,"944870856",s,position_lat,"390354538",semicircles,position_long,"-1398217272",semicircles,distance,"41393.34",m,altitude,"15.399999999999977",m,speed,"2.202",m/s,unknown,"0",,unknown,"100",,heart_rate,"118",bpm,cadence,"0",rpm,fractional_cadence,"0.0",rpm,enhanced_altitude,"15.399999999999977",m,enhanced_speed,"2.202",m/s,,,,,,,,,,,,,,,,,,,,,,,,,,,,,,,,,,,,,,,,,,,,,,,,,,,,,,,,,,,,,,,,,,,,,,,,,,,,,,,,,,,,,,,,,,,,,,,,,,,,,,,,,,,,,,,,,,,,,,,,,,,,,,,,,,,,,,,,,,,,,,,,,,,,,,,,,,,,,,,,,,,
Data,12,record,timestamp,"944870865",s,position_lat,"390353523",semicircles,position_long,"-1398219653",semicircles,distance,"41414.31",m,altitude,"15.200000000000045",m,speed,"2.249",m/s,unknown,"0",,unknown,"100",,heart_rate,"118",bpm,cadence,"0",rpm,fractional_cadence,"0.0",rpm,enhanced_altitude,"15.200000000000045",m,enhanced_speed,"2.249",m/s,,,,,,,,,,,,,,,,,,,,,,,,,,,,,,,,,,,,,,,,,,,,,,,,,,,,,,,,,,,,,,,,,,,,,,,,,,,,,,,,,,,,,,,,,,,,,,,,,,,,,,,,,,,,,,,,,,,,,,,,,,,,,,,,,,,,,,,,,,,,,,,,,,,,,,,,,,,,,,,,,,,
Data,12,record,timestamp,"944870877",s,position_lat,"390352143",semicircles,position_long,"-1398222754",semicircles,distance,"41441.84",m,altitude,"15.0",m,speed,"2.305",m/s,unknown,"0",,unknown,"100",,heart_rate,"117",bpm,cadence,"0",rpm,fractional_cadence,"0.0",rpm,enhanced_altitude,"15.0",m,enhanced_speed,"2.305",m/s,,,,,,,,,,,,,,,,,,,,,,,,,,,,,,,,,,,,,,,,,,,,,,,,,,,,,,,,,,,,,,,,,,,,,,,,,,,,,,,,,,,,,,,,,,,,,,,,,,,,,,,,,,,,,,,,,,,,,,,,,,,,,,,,,,,,,,,,,,,,,,,,,,,,,,,,,,,,,,,,,,,
Data,12,record,timestamp,"944870879",s,position_lat,"390351918",semicircles,position_long,"-1398223275",semicircles,distance,"41446.44",m,altitude,"15.0",m,speed,"2.23",m/s,unknown,"0",,unknown,"100",,heart_rate,"120",bpm,cadence,"0",rpm,fractional_cadence,"0.0",rpm,enhanced_altitude,"15.0",m,enhanced_speed,"2.23",m/s,,,,,,,,,,,,,,,,,,,,,,,,,,,,,,,,,,,,,,,,,,,,,,,,,,,,,,,,,,,,,,,,,,,,,,,,,,,,,,,,,,,,,,,,,,,,,,,,,,,,,,,,,,,,,,,,,,,,,,,,,,,,,,,,,,,,,,,,,,,,,,,,,,,,,,,,,,,,,,,,,,,
Data,12,record,timestamp,"944870881",s,position_lat,"390351682",semicircles,position_long,"-1398223777",semicircles,distance,"41450.95",m,altitude,"15.0",m,speed,"2.342",m/s,unknown,"0",,unknown,"100",,heart_rate,"116",bpm,cadence,"0",rpm,fractional_cadence,"0.0",rpm,enhanced_altitude,"15.0",m,enhanced_speed,"2.342",m/s,,,,,,,,,,,,,,,,,,,,,,,,,,,,,,,,,,,,,,,,,,,,,,,,,,,,,,,,,,,,,,,,,,,,,,,,,,,,,,,,,,,,,,,,,,,,,,,,,,,,,,,,,,,,,,,,,,,,,,,,,,,,,,,,,,,,,,,,,,,,,,,,,,,,,,,,,,,,,,,,,,,
Data,12,record,timestamp,"944870887",s,position_lat,"390351045",semicircles,position_long,"-1398225376",semicircles,distance,"41464.82",m,altitude,"15.0",m,speed,"2.305",m/s,unknown,"0",,unknown,"100",,heart_rate,"116",bpm,cadence,"0",rpm,fractional_cadence,"0.0",rpm,enhanced_altitude,"15.0",m,enhanced_speed,"2.305",m/s,,,,,,,,,,,,,,,,,,,,,,,,,,,,,,,,,,,,,,,,,,,,,,,,,,,,,,,,,,,,,,,,,,,,,,,,,,,,,,,,,,,,,,,,,,,,,,,,,,,,,,,,,,,,,,,,,,,,,,,,,,,,,,,,,,,,,,,,,,,,,,,,,,,,,,,,,,,,,,,,,,,
Data,12,record,timestamp,"944870891",s,position_lat,"390350602",semicircles,position_long,"-1398226482",semicircles,distance,"41474.44",m,altitude,"15.0",m,speed,"2.314",m/s,unknown,"0",,unknown,"100",,heart_rate,"119",bpm,cadence,"0",rpm,fractional_cadence,"0.0",rpm,enhanced_altitude,"15.0",m,enhanced_speed,"2.314",m/s,,,,,,,,,,,,,,,,,,,,,,,,,,,,,,,,,,,,,,,,,,,,,,,,,,,,,,,,,,,,,,,,,,,,,,,,,,,,,,,,,,,,,,,,,,,,,,,,,,,,,,,,,,,,,,,,,,,,,,,,,,,,,,,,,,,,,,,,,,,,,,,,,,,,,,,,,,,,,,,,,,,
Data,12,record,timestamp,"944870893",s,position_lat,"390350351",semicircles,position_long,"-1398226995",semicircles,distance,"41479.1",m,altitude,"15.0",m,speed,"2.351",m/s,unknown,"0",,unknown,"100",,heart_rate,"116",bpm,cadence,"0",rpm,fractional_cadence,"0.0",rpm,enhanced_altitude,"15.0",m,enhanced_speed,"2.351",m/s,,,,,,,,,,,,,,,,,,,,,,,,,,,,,,,,,,,,,,,,,,,,,,,,,,,,,,,,,,,,,,,,,,,,,,,,,,,,,,,,,,,,,,,,,,,,,,,,,,,,,,,,,,,,,,,,,,,,,,,,,,,,,,,,,,,,,,,,,,,,,,,,,,,,,,,,,,,,,,,,,,,
Data,12,record,timestamp,"944870895",s,position_lat,"390350065",semicircles,position_long,"-1398227524",semicircles,distance,"41484.03",m,altitude,"15.200000000000045",m,speed,"2.491",m/s,unknown,"0",,unknown,"100",,heart_rate,"118",bpm,cadence,"0",rpm,fractional_cadence,"0.0",rpm,enhanced_altitude,"15.200000000000045",m,enhanced_speed,"2.491",m/s,,,,,,,,,,,,,,,,,,,,,,,,,,,,,,,,,,,,,,,,,,,,,,,,,,,,,,,,,,,,,,,,,,,,,,,,,,,,,,,,,,,,,,,,,,,,,,,,,,,,,,,,,,,,,,,,,,,,,,,,,,,,,,,,,,,,,,,,,,,,,,,,,,,,,,,,,,,,,,,,,,,
Data,12,record,timestamp,"944870906",s,position_lat,"390348268",semicircles,position_long,"-1398230733",semicircles,distance,"41514.29",m,altitude,"15.799999999999955",m,speed,"2.575",m/s,unknown,"0",,unknown,"100",,heart_rate,"117",bpm,cadence,"0",rpm,fractional_cadence,"0.0",rpm,enhanced_altitude,"15.799999999999955",m,enhanced_speed,"2.575",m/s,,,,,,,,,,,,,,,,,,,,,,,,,,,,,,,,,,,,,,,,,,,,,,,,,,,,,,,,,,,,,,,,,,,,,,,,,,,,,,,,,,,,,,,,,,,,,,,,,,,,,,,,,,,,,,,,,,,,,,,,,,,,,,,,,,,,,,,,,,,,,,,,,,,,,,,,,,,,,,,,,,,
Data,12,record,timestamp,"944870915",s,position_lat,"390347350",semicircles,position_long,"-1398233492",semicircles,distance,"41537.63",m,altitude,"15.799999999999955",m,speed,"2.659",m/s,unknown,"0",,unknown,"100",,heart_rate,"118",bpm,cadence,"0",rpm,fractional_cadence,"0.0",rpm,enhanced_altitude,"15.799999999999955",m,enhanced_speed,"2.659",m/s,,,,,,,,,,,,,,,,,,,,,,,,,,,,,,,,,,,,,,,,,,,,,,,,,,,,,,,,,,,,,,,,,,,,,,,,,,,,,,,,,,,,,,,,,,,,,,,,,,,,,,,,,,,,,,,,,,,,,,,,,,,,,,,,,,,,,,,,,,,,,,,,,,,,,,,,,,,,,,,,,,,
Data,12,record,timestamp,"944870925",s,position_lat,"390346520",semicircles,position_long,"-1398236778",semicircles,distance,"41564.56",m,altitude,"15.799999999999955",m,speed,"2.435",m/s,unknown,"0",,unknown,"100",,heart_rate,"117",bpm,cadence,"0",rpm,fractional_cadence,"0.0",rpm,enhanced_altitude,"15.799999999999955",m,enhanced_speed,"2.435",m/s,,,,,,,,,,,,,,,,,,,,,,,,,,,,,,,,,,,,,,,,,,,,,,,,,,,,,,,,,,,,,,,,,,,,,,,,,,,,,,,,,,,,,,,,,,,,,,,,,,,,,,,,,,,,,,,,,,,,,,,,,,,,,,,,,,,,,,,,,,,,,,,,,,,,,,,,,,,,,,,,,,,
Data,12,record,timestamp,"944870931",s,position_lat,"390346063",semicircles,position_long,"-1398238473",semicircles,distance,"41578.63",m,altitude,"15.600000000000023",m,speed,"2.305",m/s,unknown,"0",,unknown,"100",,heart_rate,"115",bpm,cadence,"0",rpm,fractional_cadence,"0.0",rpm,enhanced_altitude,"15.600000000000023",m,enhanced_speed,"2.305",m/s,,,,,,,,,,,,,,,,,,,,,,,,,,,,,,,,,,,,,,,,,,,,,,,,,,,,,,,,,,,,,,,,,,,,,,,,,,,,,,,,,,,,,,,,,,,,,,,,,,,,,,,,,,,,,,,,,,,,,,,,,,,,,,,,,,,,,,,,,,,,,,,,,,,,,,,,,,,,,,,,,,,
Data,12,record,timestamp,"944870943",s,position_lat,"390345200",semicircles,position_long,"-1398241862",semicircles,distance,"41606.45",m,altitude,"14.799999999999955",m,speed,"2.062",m/s,unknown,"0",,unknown,"100",,heart_rate,"115",bpm,cadence,"0",rpm,fractional_cadence,"0.0",rpm,enhanced_altitude,"14.799999999999955",m,enhanced_speed,"2.062",m/s,,,,,,,,,,,,,,,,,,,,,,,,,,,,,,,,,,,,,,,,,,,,,,,,,,,,,,,,,,,,,,,,,,,,,,,,,,,,,,,,,,,,,,,,,,,,,,,,,,,,,,,,,,,,,,,,,,,,,,,,,,,,,,,,,,,,,,,,,,,,,,,,,,,,,,,,,,,,,,,,,,,
Data,12,record,timestamp,"944870945",s,position_lat,"390345139",semicircles,position_long,"-1398242107",semicircles,distance,"41608.46",m,altitude,"14.799999999999955",m,speed,"2.043",m/s,unknown,"0",,unknown,"100",,heart_rate,"112",bpm,cadence,"0",rpm,fractional_cadence,"0.0",rpm,enhanced_altitude,"14.799999999999955",m,enhanced_speed,"2.043",m/s,,,,,,,,,,,,,,,,,,,,,,,,,,,,,,,,,,,,,,,,,,,,,,,,,,,,,,,,,,,,,,,,,,,,,,,,,,,,,,,,,,,,,,,,,,,,,,,,,,,,,,,,,,,,,,,,,,,,,,,,,,,,,,,,,,,,,,,,,,,,,,,,,,,,,,,,,,,,,,,,,,,
Data,12,record,timestamp,"944870946",s,position_lat,"390345065",semicircles,position_long,"-1398242348",semicircles,distance,"41610.47",m,altitude,"14.600000000000023",m,speed,"2.015",m/s,unknown,"0",,unknown,"100",,heart_rate,"115",bpm,cadence,"0",rpm,fractional_cadence,"0.0",rpm,enhanced_altitude,"14.600000000000023",m,enhanced_speed,"2.015",m/s,,,,,,,,,,,,,,,,,,,,,,,,,,,,,,,,,,,,,,,,,,,,,,,,,,,,,,,,,,,,,,,,,,,,,,,,,,,,,,,,,,,,,,,,,,,,,,,,,,,,,,,,,,,,,,,,,,,,,,,,,,,,,,,,,,,,,,,,,,,,,,,,,,,,,,,,,,,,,,,,,,,
Data,12,record,timestamp,"944870954",s,position_lat,"390344481",semicircles,position_long,"-1398244374",semicircles,distance,"41627.31",m,altitude,"14.600000000000023",m,speed,"1.987",m/s,unknown,"0",,unknown,"100",,heart_rate,"116",bpm,cadence,"0",rpm,fractional_cadence,"0.0",rpm,enhanced_altitude,"14.600000000000023",m,enhanced_speed,"1.987",m/s,,,,,,,,,,,,,,,,,,,,,,,,,,,,,,,,,,,,,,,,,,,,,,,,,,,,,,,,,,,,,,,,,,,,,,,,,,,,,,,,,,,,,,,,,,,,,,,,,,,,,,,,,,,,,,,,,,,,,,,,,,,,,,,,,,,,,,,,,,,,,,,,,,,,,,,,,,,,,,,,,,,
Data,12,record,timestamp,"944870963",s,position_lat,"390343488",semicircles,position_long,"-1398246839",semicircles,distance,"41648.76",m,altitude,"14.600000000000023",m,speed,"2.267",m/s,unknown,"0",,unknown,"100",,heart_rate,"116",bpm,cadence,"0",rpm,fractional_cadence,"0.0",rpm,enhanced_altitude,"14.600000000000023",m,enhanced_speed,"2.267",m/s,,,,,,,,,,,,,,,,,,,,,,,,,,,,,,,,,,,,,,,,,,,,,,,,,,,,,,,,,,,,,,,,,,,,,,,,,,,,,,,,,,,,,,,,,,,,,,,,,,,,,,,,,,,,,,,,,,,,,,,,,,,,,,,,,,,,,,,,,,,,,,,,,,,,,,,,,,,,,,,,,,,
Data,12,record,timestamp,"944870974",s,position_lat,"390341852",semicircles,position_long,"-1398249754",semicircles,distance,"41676.25",m,altitude,"14.600000000000023",m,speed,"2.389",m/s,unknown,"0",,unknown,"100",,heart_rate,"115",bpm,cadence,"0",rpm,fractional_cadence,"0.0",rpm,enhanced_altitude,"14.600000000000023",m,enhanced_speed,"2.389",m/s,,,,,,,,,,,,,,,,,,,,,,,,,,,,,,,,,,,,,,,,,,,,,,,,,,,,,,,,,,,,,,,,,,,,,,,,,,,,,,,,,,,,,,,,,,,,,,,,,,,,,,,,,,,,,,,,,,,,,,,,,,,,,,,,,,,,,,,,,,,,,,,,,,,,,,,,,,,,,,,,,,,
Data,12,record,timestamp,"944870983",s,position_lat,"390340758",semicircles,position_long,"-1398252239",semicircles,distance,"41698.27",m,altitude,"14.399999999999977",m,speed,"2.463",m/s,unknown,"0",,unknown,"100",,heart_rate,"118",bpm,cadence,"0",rpm,fractional_cadence,"0.0",rpm,enhanced_altitude,"14.399999999999977",m,enhanced_speed,"2.463",m/s,,,,,,,,,,,,,,,,,,,,,,,,,,,,,,,,,,,,,,,,,,,,,,,,,,,,,,,,,,,,,,,,,,,,,,,,,,,,,,,,,,,,,,,,,,,,,,,,,,,,,,,,,,,,,,,,,,,,,,,,,,,,,,,,,,,,,,,,,,,,,,,,,,,,,,,,,,,,,,,,,,,
Data,12,record,timestamp,"944870985",s,position_lat,"390340550",semicircles,position_long,"-1398252833",semicircles,distance,"41703.29",m,altitude,"14.200000000000045",m,speed,"2.501",m/s,unknown,"0",,unknown,"300",,heart_rate,"116",bpm,cadence,"0",rpm,fractional_cadence,"0.0",rpm,enhanced_altitude,"14.200000000000045",m,enhanced_speed,"2.501",m/s,,,,,,,,,,,,,,,,,,,,,,,,,,,,,,,,,,,,,,,,,,,,,,,,,,,,,,,,,,,,,,,,,,,,,,,,,,,,,,,,,,,,,,,,,,,,,,,,,,,,,,,,,,,,,,,,,,,,,,,,,,,,,,,,,,,,,,,,,,,,,,,,,,,,,,,,,,,,,,,,,,,
Data,12,record,timestamp,"944870986",s,position_lat,"390340439",semicircles,position_long,"-1398253100",semicircles,distance,"41705.62",m,altitude,"14.200000000000045",m,speed,"2.323",m/s,unknown,"0",,unknown,"300",,heart_rate,"116",bpm,cadence,"0",rpm,fractional_cadence,"0.0",rpm,enhanced_altitude,"14.200000000000045",m,enhanced_speed,"2.323",m/s,,,,,,,,,,,,,,,,,,,,,,,,,,,,,,,,,,,,,,,,,,,,,,,,,,,,,,,,,,,,,,,,,,,,,,,,,,,,,,,,,,,,,,,,,,,,,,,,,,,,,,,,,,,,,,,,,,,,,,,,,,,,,,,,,,,,,,,,,,,,,,,,,,,,,,,,,,,,,,,,,,,
Data,12,record,timestamp,"944870994",s,position_lat,"390339286",semicircles,position_long,"-1398255216",semicircles,distance,"41725.39",m,altitude,"14.200000000000045",m,speed,"2.575",m/s,unknown,"0",,unknown,"100",,heart_rate,"116",bpm,cadence,"0",rpm,fractional_cadence,"0.0",rpm,enhanced_altitude,"14.200000000000045",m,enhanced_speed,"2.575",m/s,,,,,,,,,,,,,,,,,,,,,,,,,,,,,,,,,,,,,,,,,,,,,,,,,,,,,,,,,,,,,,,,,,,,,,,,,,,,,,,,,,,,,,,,,,,,,,,,,,,,,,,,,,,,,,,,,,,,,,,,,,,,,,,,,,,,,,,,,,,,,,,,,,,,,,,,,,,,,,,,,,,
Data,12,record,timestamp,"944871004",s,position_lat,"390337993",semicircles,position_long,"-1398257808",semicircles,distance,"41749.05",m,altitude,"14.0",m,speed,"2.37",m/s,unknown,"0",,unknown,"100",,heart_rate,"115",bpm,cadence,"0",rpm,fractional_cadence,"0.0",rpm,enhanced_altitude,"14.0",m,enhanced_speed,"2.37",m/s,,,,,,,,,,,,,,,,,,,,,,,,,,,,,,,,,,,,,,,,,,,,,,,,,,,,,,,,,,,,,,,,,,,,,,,,,,,,,,,,,,,,,,,,,,,,,,,,,,,,,,,,,,,,,,,,,,,,,,,,,,,,,,,,,,,,,,,,,,,,,,,,,,,,,,,,,,,,,,,,,,,
Data,12,record,timestamp,"944871013",s,position_lat,"390336674",semicircles,position_long,"-1398260160",semicircles,distance,"41771.24",m,altitude,"14.200000000000045",m,speed,"2.361",m/s,unknown,"0",,unknown,"100",,heart_rate,"115",bpm,cadence,"0",rpm,fractional_cadence,"0.0",rpm,enhanced_altitude,"14.200000000000045",m,enhanced_speed,"2.361",m/s,,,,,,,,,,,,,,,,,,,,,,,,,,,,,,,,,,,,,,,,,,,,,,,,,,,,,,,,,,,,,,,,,,,,,,,,,,,,,,,,,,,,,,,,,,,,,,,,,,,,,,,,,,,,,,,,,,,,,,,,,,,,,,,,,,,,,,,,,,,,,,,,,,,,,,,,,,,,,,,,,,,
Data,12,record,timestamp,"944871024",s,position_lat,"390335010",semicircles,position_long,"-1398262870",semicircles,distance,"41797.55",m,altitude,"14.0",m,speed,"2.351",m/s,unknown,"0",,unknown,"100",,heart_rate,"116",bpm,cadence,"0",rpm,fractional_cadence,"0.0",rpm,enhanced_altitude,"14.0",m,enhanced_speed,"2.351",m/s,,,,,,,,,,,,,,,,,,,,,,,,,,,,,,,,,,,,,,,,,,,,,,,,,,,,,,,,,,,,,,,,,,,,,,,,,,,,,,,,,,,,,,,,,,,,,,,,,,,,,,,,,,,,,,,,,,,,,,,,,,,,,,,,,,,,,,,,,,,,,,,,,,,,,,,,,,,,,,,,,,,
Data,12,record,timestamp,"944871032",s,position_lat,"390333721",semicircles,position_long,"-1398264883",semicircles,distance,"41817.42",m,altitude,"14.200000000000045",m,speed,"2.575",m/s,unknown,"0",,unknown,"100",,heart_rate,"115",bpm,cadence,"0",rpm,fractional_cadence,"0.0",rpm,enhanced_altitude,"14.200000000000045",m,enhanced_speed,"2.575",m/s,,,,,,,,,,,,,,,,,,,,,,,,,,,,,,,,,,,,,,,,,,,,,,,,,,,,,,,,,,,,,,,,,,,,,,,,,,,,,,,,,,,,,,,,,,,,,,,,,,,,,,,,,,,,,,,,,,,,,,,,,,,,,,,,,,,,,,,,,,,,,,,,,,,,,,,,,,,,,,,,,,,
Data,12,record,timestamp,"944871041",s,position_lat,"390332258",semicircles,position_long,"-1398267365",semicircles,distance,"41841.2",m,altitude,"14.399999999999977",m,speed,"2.678",m/s,unknown,"0",,unknown,"100",,heart_rate,"113",bpm,cadence,"0",rpm,fractional_cadence,"0.0",rpm,enhanced_altitude,"14.399999999999977",m,enhanced_speed,"2.678",m/s,,,,,,,,,,,,,,,,,,,,,,,,,,,,,,,,,,,,,,,,,,,,,,,,,,,,,,,,,,,,,,,,,,,,,,,,,,,,,,,,,,,,,,,,,,,,,,,,,,,,,,,,,,,,,,,,,,,,,,,,,,,,,,,,,,,,,,,,,,,,,,,,,,,,,,,,,,,,,,,,,,,
Data,12,record,timestamp,"944871043",s,position_lat,"390331814",semicircles,position_long,"-1398267975",semicircles,distance,"41847.54",m,altitude,"14.399999999999977",m,speed,"2.753",m/s,unknown,"0",,unknown,"100",,heart_rate,"116",bpm,cadence,"0",rpm,fractional_cadence,"0.0",rpm,enhanced_altitude,"14.399999999999977",m,enhanced_speed,"2.753",m/s,,,,,,,,,,,,,,,,,,,,,,,,,,,,,,,,,,,,,,,,,,,,,,,,,,,,,,,,,,,,,,,,,,,,,,,,,,,,,,,,,,,,,,,,,,,,,,,,,,,,,,,,,,,,,,,,,,,,,,,,,,,,,,,,,,,,,,,,,,,,,,,,,,,,,,,,,,,,,,,,,,,
Data,12,record,timestamp,"944871049",s,position_lat,"390330705",semicircles,position_long,"-1398269615",semicircles,distance,"41864.04",m,altitude,"14.399999999999977",m,speed,"2.566",m/s,unknown,"0",,unknown,"100",,heart_rate,"115",bpm,cadence,"0",rpm,fractional_cadence,"0.0",rpm,enhanced_altitude,"14.399999999999977",m,enhanced_speed,"2.566",m/s,,,,,,,,,,,,,,,,,,,,,,,,,,,,,,,,,,,,,,,,,,,,,,,,,,,,,,,,,,,,,,,,,,,,,,,,,,,,,,,,,,,,,,,,,,,,,,,,,,,,,,,,,,,,,,,,,,,,,,,,,,,,,,,,,,,,,,,,,,,,,,,,,,,,,,,,,,,,,,,,,,,
Data,12,record,timestamp,"944871058",s,position_lat,"390329113",semicircles,position_long,"-1398271802",semicircles,distance,"41886.72",m,altitude,"14.399999999999977",m,speed,"2.529",m/s,unknown,"0",,unknown,"100",,heart_rate,"113",bpm,cadence,"0",rpm,fractional_cadence,"0.0",rpm,enhanced_altitude,"14.399999999999977",m,enhanced_speed,"2.529",m/s,,,,,,,,,,,,,,,,,,,,,,,,,,,,,,,,,,,,,,,,,,,,,,,,,,,,,,,,,,,,,,,,,,,,,,,,,,,,,,,,,,,,,,,,,,,,,,,,,,,,,,,,,,,,,,,,,,,,,,,,,,,,,,,,,,,,,,,,,,,,,,,,,,,,,,,,,,,,,,,,,,,
Data,12,record,timestamp,"944871064",s,position_lat,"390327777",semicircles,position_long,"-1398273506",semicircles,distance,"41904.98",m,altitude,"14.799999999999955",m,speed,"3.116",m/s,unknown,"0",,unknown,"100",,heart_rate,"116",bpm,cadence,"0",rpm,fractional_cadence,"0.0",rpm,enhanced_altitude,"14.799999999999955",m,enhanced_speed,"3.116",m/s,,,,,,,,,,,,,,,,,,,,,,,,,,,,,,,,,,,,,,,,,,,,,,,,,,,,,,,,,,,,,,,,,,,,,,,,,,,,,,,,,,,,,,,,,,,,,,,,,,,,,,,,,,,,,,,,,,,,,,,,,,,,,,,,,,,,,,,,,,,,,,,,,,,,,,,,,,,,,,,,,,,
Data,12,record,timestamp,"944871066",s,position_lat,"390327275",semicircles,position_long,"-1398274034",semicircles,distance,"41911.23",m,altitude,"15.0",m,speed,"2.678",m/s,unknown,"0",,unknown,"100",,heart_rate,"117",bpm,cadence,"0",rpm,fractional_cadence,"0.0",rpm,enhanced_altitude,"15.0",m,enhanced_speed,"2.678",m/s,,,,,,,,,,,,,,,,,,,,,,,,,,,,,,,,,,,,,,,,,,,,,,,,,,,,,,,,,,,,,,,,,,,,,,,,,,,,,,,,,,,,,,,,,,,,,,,,,,,,,,,,,,,,,,,,,,,,,,,,,,,,,,,,,,,,,,,,,,,,,,,,,,,,,,,,,,,,,,,,,,,
Data,12,record,timestamp,"944871068",s,position_lat,"390326843",semicircles,position_long,"-1398274454",semicircles,distance,"41916.44",m,altitude,"15.200000000000045",m,speed,"2.575",m/s,unknown,"0",,unknown,"100",,heart_rate,"116",bpm,cadence,"0",rpm,fractional_cadence,"0.0",rpm,enhanced_altitude,"15.200000000000045",m,enhanced_speed,"2.575",m/s,,,,,,,,,,,,,,,,,,,,,,,,,,,,,,,,,,,,,,,,,,,,,,,,,,,,,,,,,,,,,,,,,,,,,,,,,,,,,,,,,,,,,,,,,,,,,,,,,,,,,,,,,,,,,,,,,,,,,,,,,,,,,,,,,,,,,,,,,,,,,,,,,,,,,,,,,,,,,,,,,,,
Data,12,record,timestamp,"944871073",s,position_lat,"390325842",semicircles,position_long,"-1398275660",semicircles,distance,"41929.72",m,altitude,"15.600000000000023",m,speed,"2.538",m/s,unknown,"0",,unknown,"100",,heart_rate,"113",bpm,cadence,"0",rpm,fractional_cadence,"0.0",rpm,enhanced_altitude,"15.600000000000023",m,enhanced_speed,"2.538",m/s,,,,,,,,,,,,,,,,,,,,,,,,,,,,,,,,,,,,,,,,,,,,,,,,,,,,,,,,,,,,,,,,,,,,,,,,,,,,,,,,,,,,,,,,,,,,,,,,,,,,,,,,,,,,,,,,,,,,,,,,,,,,,,,,,,,,,,,,,,,,,,,,,,,,,,,,,,,,,,,,,,,
Data,12,record,timestamp,"944871074",s,position_lat,"390325673",semicircles,position_long,"-1398275923",semicircles,distance,"41932.31",m,altitude,"15.799999999999955",m,speed,"2.594",m/s,unknown,"0",,unknown,"100",,heart_rate,"114",bpm,cadence,"0",rpm,fractional_cadence,"0.0",rpm,enhanced_altitude,"15.799999999999955",m,enhanced_speed,"2.594",m/s,,,,,,,,,,,,,,,,,,,,,,,,,,,,,,,,,,,,,,,,,,,,,,,,,,,,,,,,,,,,,,,,,,,,,,,,,,,,,,,,,,,,,,,,,,,,,,,,,,,,,,,,,,,,,,,,,,,,,,,,,,,,,,,,,,,,,,,,,,,,,,,,,,,,,,,,,,,,,,,,,,,
Data,12,record,timestamp,"944871080",s,position_lat,"390324849",semicircles,position_long,"-1398277506",semicircles,distance,"41946.92",m,altitude,"15.799999999999955",m,speed,"2.501",m/s,unknown,"0",,unknown,"100",,heart_rate,"113",bpm,cadence,"0",rpm,fractional_cadence,"0.0",rpm,enhanced_altitude,"15.799999999999955",m,enhanced_speed,"2.501",m/s,,,,,,,,,,,,,,,,,,,,,,,,,,,,,,,,,,,,,,,,,,,,,,,,,,,,,,,,,,,,,,,,,,,,,,,,,,,,,,,,,,,,,,,,,,,,,,,,,,,,,,,,,,,,,,,,,,,,,,,,,,,,,,,,,,,,,,,,,,,,,,,,,,,,,,,,,,,,,,,,,,,
Data,12,record,timestamp,"944871090",s,position_lat,"390323769",semicircles,position_long,"-1398280417",semicircles,distance,"41971.91",m,altitude,"16.0",m,speed,"2.258",m/s,unknown,"0",,unknown,"100",,heart_rate,"113",bpm,cadence,"0",rpm,fractional_cadence,"0.0",rpm,enhanced_altitude,"16.0",m,enhanced_speed,"2.258",m/s,,,,,,,,,,,,,,,,,,,,,,,,,,,,,,,,,,,,,,,,,,,,,,,,,,,,,,,,,,,,,,,,,,,,,,,,,,,,,,,,,,,,,,,,,,,,,,,,,,,,,,,,,,,,,,,,,,,,,,,,,,,,,,,,,,,,,,,,,,,,,,,,,,,,,,,,,,,,,,,,,,,
Data,12,record,timestamp,"944871100",s,position_lat,"390323070",semicircles,position_long,"-1398283020",semicircles,distance,"41993.36",m,altitude,"15.799999999999955",m,speed,"2.09",m/s,unknown,"0",,unknown,"100",,heart_rate,"116",bpm,cadence,"0",rpm,fractional_cadence,"0.0",rpm,enhanced_altitude,"15.799999999999955",m,enhanced_speed,"2.09",m/s,,,,,,,,,,,,,,,,,,,,,,,,,,,,,,,,,,,,,,,,,,,,,,,,,,,,,,,,,,,,,,,,,,,,,,,,,,,,,,,,,,,,,,,,,,,,,,,,,,,,,,,,,,,,,,,,,,,,,,,,,,,,,,,,,,,,,,,,,,,,,,,,,,,,,,,,,,,,,,,,,,,
Data,12,record,timestamp,"944871101",s,position_lat,"390322974",semicircles,position_long,"-1398283255",semicircles,distance,"41995.4",m,altitude,"15.799999999999955",m,speed,"2.034",m/s,unknown,"0",,unknown,"100",,heart_rate,"115",bpm,cadence,"0",rpm,fractional_cadence,"0.0",rpm,enhanced_altitude,"15.799999999999955",m,enhanced_speed,"2.034",m/s,,,,,,,,,,,,,,,,,,,,,,,,,,,,,,,,,,,,,,,,,,,,,,,,,,,,,,,,,,,,,,,,,,,,,,,,,,,,,,,,,,,,,,,,,,,,,,,,,,,,,,,,,,,,,,,,,,,,,,,,,,,,,,,,,,,,,,,,,,,,,,,,,,,,,,,,,,,,,,,,,,,
Data,12,record,timestamp,"944871111",s,position_lat,"390321938",semicircles,position_long,"-1398286025",semicircles,distance,"42019.21",m,altitude,"15.600000000000023",m,speed,"2.286",m/s,unknown,"0",,unknown,"100",,heart_rate,"115",bpm,cadence,"0",rpm,fractional_cadence,"0.0",rpm,enhanced_altitude,"15.600000000000023",m,enhanced_speed,"2.286",m/s,,,,,,,,,,,,,,,,,,,,,,,,,,,,,,,,,,,,,,,,,,,,,,,,,,,,,,,,,,,,,,,,,,,,,,,,,,,,,,,,,,,,,,,,,,,,,,,,,,,,,,,,,,,,,,,,,,,,,,,,,,,,,,,,,,,,,,,,,,,,,,,,,,,,,,,,,,,,,,,,,,,
Data,12,record,timestamp,"944871119",s,position_lat,"390321222",semicircles,position_long,"-1398288538",semicircles,distance,"42040.06",m,altitude,"15.600000000000023",m,speed,"2.491",m/s,unknown,"0",,unknown,"100",,heart_rate,"114",bpm,cadence,"0",rpm,fractional_cadence,"0.0",rpm,enhanced_altitude,"15.600000000000023",m,enhanced_speed,"2.491",m/s,,,,,,,,,,,,,,,,,,,,,,,,,,,,,,,,,,,,,,,,,,,,,,,,,,,,,,,,,,,,,,,,,,,,,,,,,,,,,,,,,,,,,,,,,,,,,,,,,,,,,,,,,,,,,,,,,,,,,,,,,,,,,,,,,,,,,,,,,,,,,,,,,,,,,,,,,,,,,,,,,,,
Data,12,record,timestamp,"944871128",s,position_lat,"390320829",semicircles,position_long,"-1398291145",semicircles,distance,"42060.96",m,altitude,"15.600000000000023",m,speed,"2.389",m/s,unknown,"0",,unknown,"100",,heart_rate,"113",bpm,cadence,"0",rpm,fractional_cadence,"0.0",rpm,enhanced_altitude,"15.600000000000023",m,enhanced_speed,"2.389",m/s,,,,,,,,,,,,,,,,,,,,,,,,,,,,,,,,,,,,,,,,,,,,,,,,,,,,,,,,,,,,,,,,,,,,,,,,,,,,,,,,,,,,,,,,,,,,,,,,,,,,,,,,,,,,,,,,,,,,,,,,,,,,,,,,,,,,,,,,,,,,,,,,,,,,,,,,,,,,,,,,,,,
Data,12,record,timestamp,"944871134",s,position_lat,"390320486",semicircles,position_long,"-1398292766",semicircles,distance,"42074.08",m,altitude,"15.600000000000023",m,speed,"2.239",m/s,unknown,"0",,unknown,"100",,heart_rate,"117",bpm,cadence,"0",rpm,fractional_cadence,"0.0",rpm,enhanced_altitude,"15.600000000000023",m,enhanced_speed,"2.239",m/s,,,,,,,,,,,,,,,,,,,,,,,,,,,,,,,,,,,,,,,,,,,,,,,,,,,,,,,,,,,,,,,,,,,,,,,,,,,,,,,,,,,,,,,,,,,,,,,,,,,,,,,,,,,,,,,,,,,,,,,,,,,,,,,,,,,,,,,,,,,,,,,,,,,,,,,,,,,,,,,,,,,
Data,12,record,timestamp,"944871136",s,position_lat,"390320342",semicircles,position_long,"-1398293279",semicircles,distance,"42078.32",m,altitude,"15.600000000000023",m,speed,"2.118",m/s,unknown,"0",,unknown,"100",,heart_rate,"119",bpm,cadence,"0",rpm,fractional_cadence,"0.0",rpm,enhanced_altitude,"15.600000000000023",m,enhanced_speed,"2.118",m/s,,,,,,,,,,,,,,,,,,,,,,,,,,,,,,,,,,,,,,,,,,,,,,,,,,,,,,,,,,,,,,,,,,,,,,,,,,,,,,,,,,,,,,,,,,,,,,,,,,,,,,,,,,,,,,,,,,,,,,,,,,,,,,,,,,,,,,,,,,,,,,,,,,,,,,,,,,,,,,,,,,,
Data,12,record,timestamp,"944871143",s,position_lat,"390319616",semicircles,position_long,"-1398295458",semicircles,distance,"42096.65",m,altitude,"15.600000000000023",m,speed,"2.221",m/s,unknown,"0",,unknown,"100",,heart_rate,"122",bpm,cadence,"0",rpm,fractional_cadence,"0.0",rpm,enhanced_altitude,"15.600000000000023",m,enhanced_speed,"2.221",m/s,,,,,,,,,,,,,,,,,,,,,,,,,,,,,,,,,,,,,,,,,,,,,,,,,,,,,,,,,,,,,,,,,,,,,,,,,,,,,,,,,,,,,,,,,,,,,,,,,,,,,,,,,,,,,,,,,,,,,,,,,,,,,,,,,,,,,,,,,,,,,,,,,,,,,,,,,,,,,,,,,,,
Data,12,record,timestamp,"944871145",s,position_lat,"390319415",semicircles,position_long,"-1398296094",semicircles,distance,"42101.99",m,altitude,"15.399999999999977",m,speed,"2.183",m/s,unknown,"0",,unknown,"100",,heart_rate,"123",bpm,cadence,"0",rpm,fractional_cadence,"0.0",rpm,enhanced_altitude,"15.399999999999977",m,enhanced_speed,"2.183",m/s,,,,,,,,,,,,,,,,,,,,,,,,,,,,,,,,,,,,,,,,,,,,,,,,,,,,,,,,,,,,,,,,,,,,,,,,,,,,,,,,,,,,,,,,,,,,,,,,,,,,,,,,,,,,,,,,,,,,,,,,,,,,,,,,,,,,,,,,,,,,,,,,,,,,,,,,,,,,,,,,,,,
Data,12,record,timestamp,"944871151",s,position_lat,"390318971",semicircles,position_long,"-1398297904",semicircles,distance,"42116.84",m,altitude,"15.600000000000023",m,speed,"1.997",m/s,unknown,"0",,unknown,"100",,heart_rate,"123",bpm,cadence,"0",rpm,fractional_cadence,"0.0",rpm,enhanced_altitude,"15.600000000000023",m,enhanced_speed,"1.997",m/s,,,,,,,,,,,,,,,,,,,,,,,,,,,,,,,,,,,,,,,,,,,,,,,,,,,,,,,,,,,,,,,,,,,,,,,,,,,,,,,,,,,,,,,,,,,,,,,,,,,,,,,,,,,,,,,,,,,,,,,,,,,,,,,,,,,,,,,,,,,,,,,,,,,,,,,,,,,,,,,,,,,
Data,12,record,timestamp,"944871158",s,position_lat,"390318558",semicircles,position_long,"-1398299847",semicircles,distance,"42132.64",m,altitude,"15.600000000000023",m,speed,"2.258",m/s,unknown,"0",,unknown,"100",,heart_rate,"123",bpm,cadence,"0",rpm,fractional_cadence,"0.0",rpm,enhanced_altitude,"15.600000000000023",m,enhanced_speed,"2.258",m/s,,,,,,,,,,,,,,,,,,,,,,,,,,,,,,,,,,,,,,,,,,,,,,,,,,,,,,,,,,,,,,,,,,,,,,,,,,,,,,,,,,,,,,,,,,,,,,,,,,,,,,,,,,,,,,,,,,,,,,,,,,,,,,,,,,,,,,,,,,,,,,,,,,,,,,,,,,,,,,,,,,,
Data,12,record,timestamp,"944871168",s,position_lat,"390317683",semicircles,position_long,"-1398302536",semicircles,distance,"42155.26",m,altitude,"15.799999999999955",m,speed,"2.015",m/s,unknown,"0",,unknown,"100",,heart_rate,"123",bpm,cadence,"0",rpm,fractional_cadence,"0.0",rpm,enhanced_altitude,"15.799999999999955",m,enhanced_speed,"2.015",m/s,,,,,,,,,,,,,,,,,,,,,,,,,,,,,,,,,,,,,,,,,,,,,,,,,,,,,,,,,,,,,,,,,,,,,,,,,,,,,,,,,,,,,,,,,,,,,,,,,,,,,,,,,,,,,,,,,,,,,,,,,,,,,,,,,,,,,,,,,,,,,,,,,,,,,,,,,,,,,,,,,,,
Data,12,record,timestamp,"944871179",s,position_lat,"390316867",semicircles,position_long,"-1398305890",semicircles,distance,"42182.67",m,altitude,"15.399999999999977",m,speed,"2.239",m/s,unknown,"0",,unknown,"100",,heart_rate,"120",bpm,cadence,"0",rpm,fractional_cadence,"0.0",rpm,enhanced_altitude,"15.399999999999977",m,enhanced_speed,"2.239",m/s,,,,,,,,,,,,,,,,,,,,,,,,,,,,,,,,,,,,,,,,,,,,,,,,,,,,,,,,,,,,,,,,,,,,,,,,,,,,,,,,,,,,,,,,,,,,,,,,,,,,,,,,,,,,,,,,,,,,,,,,,,,,,,,,,,,,,,,,,,,,,,,,,,,,,,,,,,,,,,,,,,,
Data,12,record,timestamp,"944871180",s,position_lat,"390316811",semicircles,position_long,"-1398306148",semicircles,distance,"42184.76",m,altitude,"15.399999999999977",m,speed,"1.95",m/s,unknown,"0",,unknown,"100",,heart_rate,"122",bpm,cadence,"0",rpm,fractional_cadence,"0.0",rpm,enhanced_altitude,"15.399999999999977",m,enhanced_speed,"1.95",m/s,,,,,,,,,,,,,,,,,,,,,,,,,,,,,,,,,,,,,,,,,,,,,,,,,,,,,,,,,,,,,,,,,,,,,,,,,,,,,,,,,,,,,,,,,,,,,,,,,,,,,,,,,,,,,,,,,,,,,,,,,,,,,,,,,,,,,,,,,,,,,,,,,,,,,,,,,,,,,,,,,,,
Data,12,record,timestamp,"944871190",s,position_lat,"390315947",semicircles,position_long,"-1398309536",semicircles,distance,"42212.6",m,altitude,"15.600000000000023",m,speed,"2.239",m/s,unknown,"0",,unknown,"100",,heart_rate,"119",bpm,cadence,"0",rpm,fractional_cadence,"0.0",rpm,enhanced_altitude,"15.600000000000023",m,enhanced_speed,"2.239",m/s,,,,,,,,,,,,,,,,,,,,,,,,,,,,,,,,,,,,,,,,,,,,,,,,,,,,,,,,,,,,,,,,,,,,,,,,,,,,,,,,,,,,,,,,,,,,,,,,,,,,,,,,,,,,,,,,,,,,,,,,,,,,,,,,,,,,,,,,,,,,,,,,,,,,,,,,,,,,,,,,,,,
Data,12,record,timestamp,"944871199",s,position_lat,"390315430",semicircles,position_long,"-1398312174",semicircles,distance,"42233.88",m,altitude,"15.799999999999955",m,speed,"2.193",m/s,unknown,"0",,unknown,"100",,heart_rate,"117",bpm,cadence,"0",rpm,fractional_cadence,"0.0",rpm,enhanced_altitude,"15.799999999999955",m,enhanced_speed,"2.193",m/s,,,,,,,,,,,,,,,,,,,,,,,,,,,,,,,,,,,,,,,,,,,,,,,,,,,,,,,,,,,,,,,,,,,,,,,,,,,,,,,,,,,,,,,,,,,,,,,,,,,,,,,,,,,,,,,,,,,,,,,,,,,,,,,,,,,,,,,,,,,,,,,,,,,,,,,,,,,,,,,,,,,
Data,12,record,timestamp,"944871207",s,position_lat,"390315004",semicircles,position_long,"-1398314449",semicircles,distance,"42252.3",m,altitude,"16.0",m,speed,"2.127",m/s,unknown,"0",,unknown,"100",,heart_rate,"117",bpm,cadence,"0",rpm,fractional_cadence,"0.0",rpm,enhanced_altitude,"16.0",m,enhanced_speed,"2.127",m/s,,,,,,,,,,,,,,,,,,,,,,,,,,,,,,,,,,,,,,,,,,,,,,,,,,,,,,,,,,,,,,,,,,,,,,,,,,,,,,,,,,,,,,,,,,,,,,,,,,,,,,,,,,,,,,,,,,,,,,,,,,,,,,,,,,,,,,,,,,,,,,,,,,,,,,,,,,,,,,,,,,,
Data,12,record,timestamp,"944871215",s,position_lat,"390314786",semicircles,position_long,"-1398316653",semicircles,distance,"42269.81",m,altitude,"16.0",m,speed,"2.137",m/s,unknown,"0",,unknown,"100",,heart_rate,"120",bpm,cadence,"0",rpm,fractional_cadence,"0.0",rpm,enhanced_altitude,"16.0",m,enhanced_speed,"2.137",m/s,,,,,,,,,,,,,,,,,,,,,,,,,,,,,,,,,,,,,,,,,,,,,,,,,,,,,,,,,,,,,,,,,,,,,,,,,,,,,,,,,,,,,,,,,,,,,,,,,,,,,,,,,,,,,,,,,,,,,,,,,,,,,,,,,,,,,,,,,,,,,,,,,,,,,,,,,,,,,,,,,,,
Data,12,record,timestamp,"944871217",s,position_lat,"390314735",semicircles,position_long,"-1398317245",semicircles,distance,"42274.48",m,altitude,"16.0",m,speed,"2.277",m/s,unknown,"0",,unknown,"100",,heart_rate,"122",bpm,cadence,"0",rpm,fractional_cadence,"0.0",rpm,enhanced_altitude,"16.0",m,enhanced_speed,"2.277",m/s,,,,,,,,,,,,,,,,,,,,,,,,,,,,,,,,,,,,,,,,,,,,,,,,,,,,,,,,,,,,,,,,,,,,,,,,,,,,,,,,,,,,,,,,,,,,,,,,,,,,,,,,,,,,,,,,,,,,,,,,,,,,,,,,,,,,,,,,,,,,,,,,,,,,,,,,,,,,,,,,,,,
Data,12,record,timestamp,"944871224",s,position_lat,"390314563",semicircles,position_long,"-1398319058",semicircles,distance,"42288.85",m,altitude,"15.799999999999955",m,speed,"2.09",m/s,unknown,"0",,unknown,"100",,heart_rate,"124",bpm,cadence,"0",rpm,fractional_cadence,"0.0",rpm,enhanced_altitude,"15.799999999999955",m,enhanced_speed,"2.09",m/s,,,,,,,,,,,,,,,,,,,,,,,,,,,,,,,,,,,,,,,,,,,,,,,,,,,,,,,,,,,,,,,,,,,,,,,,,,,,,,,,,,,,,,,,,,,,,,,,,,,,,,,,,,,,,,,,,,,,,,,,,,,,,,,,,,,,,,,,,,,,,,,,,,,,,,,,,,,,,,,,,,,
Data,12,record,timestamp,"944871228",s,position_lat,"390314349",semicircles,position_long,"-1398320077",semicircles,distance,"42297.09",m,altitude,"15.600000000000023",m,speed,"1.866",m/s,unknown,"0",,unknown,"100",,heart_rate,"120",bpm,cadence,"0",rpm,fractional_cadence,"0.0",rpm,enhanced_altitude,"15.600000000000023",m,enhanced_speed,"1.866",m/s,,,,,,,,,,,,,,,,,,,,,,,,,,,,,,,,,,,,,,,,,,,,,,,,,,,,,,,,,,,,,,,,,,,,,,,,,,,,,,,,,,,,,,,,,,,,,,,,,,,,,,,,,,,,,,,,,,,,,,,,,,,,,,,,,,,,,,,,,,,,,,,,,,,,,,,,,,,,,,,,,,,
Data,12,record,timestamp,"944871233",s,position_lat,"390314090",semicircles,position_long,"-1398321373",semicircles,distance,"42307.55",m,altitude,"15.600000000000023",m,speed,"1.903",m/s,unknown,"0",,unknown,"100",,heart_rate,"123",bpm,cadence,"0",rpm,fractional_cadence,"0.0",rpm,enhanced_altitude,"15.600000000000023",m,enhanced_speed,"1.903",m/s,,,,,,,,,,,,,,,,,,,,,,,,,,,,,,,,,,,,,,,,,,,,,,,,,,,,,,,,,,,,,,,,,,,,,,,,,,,,,,,,,,,,,,,,,,,,,,,,,,,,,,,,,,,,,,,,,,,,,,,,,,,,,,,,,,,,,,,,,,,,,,,,,,,,,,,,,,,,,,,,,,,
Data,12,record,timestamp,"944871234",s,position_lat,"390314085",semicircles,position_long,"-1398321594",semicircles,distance,"42309.29",m,altitude,"15.600000000000023",m,speed,"1.642",m/s,unknown,"0",,unknown,"100",,heart_rate,"122",bpm,cadence,"0",rpm,fractional_cadence,"0.0",rpm,enhanced_altitude,"15.600000000000023",m,enhanced_speed,"1.642",m/s,,,,,,,,,,,,,,,,,,,,,,,,,,,,,,,,,,,,,,,,,,,,,,,,,,,,,,,,,,,,,,,,,,,,,,,,,,,,,,,,,,,,,,,,,,,,,,,,,,,,,,,,,,,,,,,,,,,,,,,,,,,,,,,,,,,,,,,,,,,,,,,,,,,,,,,,,,,,,,,,,,,
Data,12,record,timestamp,"944871237",s,position_lat,"390313885",semicircles,position_long,"-1398322322",semicircles,distance,"42315.32",m,altitude,"15.799999999999955",m,speed,"2.025",m/s,unknown,"0",,unknown,"100",,heart_rate,"119",bpm,cadence,"0",rpm,fractional_cadence,"0.0",rpm,enhanced_altitude,"15.799999999999955",m,enhanced_speed,"2.025",m/s,,,,,,,,,,,,,,,,,,,,,,,,,,,,,,,,,,,,,,,,,,,,,,,,,,,,,,,,,,,,,,,,,,,,,,,,,,,,,,,,,,,,,,,,,,,,,,,,,,,,,,,,,,,,,,,,,,,,,,,,,,,,,,,,,,,,,,,,,,,,,,,,,,,,,,,,,,,,,,,,,,,
Data,12,record,timestamp,"944871239",s,position_lat,"390313810",semicircles,position_long,"-1398322808",semicircles,distance,"42319.2",m,altitude,"15.799999999999955",m,speed,"1.838",m/s,unknown,"0",,unknown,"100",,heart_rate,"118",bpm,cadence,"0",rpm,fractional_cadence,"0.0",rpm,enhanced_altitude,"15.799999999999955",m,enhanced_speed,"1.838",m/s,,,,,,,,,,,,,,,,,,,,,,,,,,,,,,,,,,,,,,,,,,,,,,,,,,,,,,,,,,,,,,,,,,,,,,,,,,,,,,,,,,,,,,,,,,,,,,,,,,,,,,,,,,,,,,,,,,,,,,,,,,,,,,,,,,,,,,,,,,,,,,,,,,,,,,,,,,,,,,,,,,,
Data,12,record,timestamp,"944871247",s,position_lat,"390313642",semicircles,position_long,"-1398324664",semicircles,distance,"42334.02",m,altitude,"16.0",m,speed,"1.633",m/s,unknown,"0",,unknown,"100",,heart_rate,"118",bpm,cadence,"0",rpm,fractional_cadence,"0.0",rpm,enhanced_altitude,"16.0",m,enhanced_speed,"1.633",m/s,,,,,,,,,,,,,,,,,,,,,,,,,,,,,,,,,,,,,,,,,,,,,,,,,,,,,,,,,,,,,,,,,,,,,,,,,,,,,,,,,,,,,,,,,,,,,,,,,,,,,,,,,,,,,,,,,,,,,,,,,,,,,,,,,,,,,,,,,,,,,,,,,,,,,,,,,,,,,,,,,,,
Data,12,record,timestamp,"944871252",s,position_lat,"390313277",semicircles,position_long,"-1398325830",semicircles,distance,"42343.77",m,altitude,"16.399999999999977",m,speed,"1.708",m/s,unknown,"0",,unknown,"100",,heart_rate,"120",bpm,cadence,"0",rpm,fractional_cadence,"0.0",rpm,enhanced_altitude,"16.399999999999977",m,enhanced_speed,"1.708",m/s,,,,,,,,,,,,,,,,,,,,,,,,,,,,,,,,,,,,,,,,,,,,,,,,,,,,,,,,,,,,,,,,,,,,,,,,,,,,,,,,,,,,,,,,,,,,,,,,,,,,,,,,,,,,,,,,,,,,,,,,,,,,,,,,,,,,,,,,,,,,,,,,,,,,,,,,,,,,,,,,,,,
Data,12,record,timestamp,"944871257",s,position_lat,"390312860",semicircles,position_long,"-1398326920",semicircles,distance,"42353.21",m,altitude,"16.600000000000023",m,speed,"1.577",m/s,unknown,"0",,unknown,"100",,heart_rate,"118",bpm,cadence,"0",rpm,fractional_cadence,"0.0",rpm,enhanced_altitude,"16.600000000000023",m,enhanced_speed,"1.577",m/s,,,,,,,,,,,,,,,,,,,,,,,,,,,,,,,,,,,,,,,,,,,,,,,,,,,,,,,,,,,,,,,,,,,,,,,,,,,,,,,,,,,,,,,,,,,,,,,,,,,,,,,,,,,,,,,,,,,,,,,,,,,,,,,,,,,,,,,,,,,,,,,,,,,,,,,,,,,,,,,,,,,
Data,12,record,timestamp,"944871261",s,position_lat,"390312539",semicircles,position_long,"-1398328128",semicircles,distance,"42363.21",m,altitude,"17.0",m,speed,"2.631",m/s,unknown,"0",,unknown,"100",,heart_rate,"121",bpm,cadence,"58",rpm,fractional_cadence,"0.5",rpm,enhanced_altitude,"17.0",m,enhanced_speed,"2.631",m/s,,,,,,,,,,,,,,,,,,,,,,,,,,,,,,,,,,,,,,,,,,,,,,,,,,,,,,,,,,,,,,,,,,,,,,,,,,,,,,,,,,,,,,,,,,,,,,,,,,,,,,,,,,,,,,,,,,,,,,,,,,,,,,,,,,,,,,,,,,,,,,,,,,,,,,,,,,,,,,,,,,,
Data,12,record,timestamp,"944871262",s,position_lat,"390312450",semicircles,position_long,"-1398328455",semicircles,distance,"42365.91",m,altitude,"17.0",m,speed,"2.687",m/s,unknown,"0",,unknown,"100",,heart_rate,"120",bpm,cadence,"58",rpm,fractional_cadence,"0.5",rpm,enhanced_altitude,"17.0",m,enhanced_speed,"2.687",m/s,,,,,,,,,,,,,,,,,,,,,,,,,,,,,,,,,,,,,,,,,,,,,,,,,,,,,,,,,,,,,,,,,,,,,,,,,,,,,,,,,,,,,,,,,,,,,,,,,,,,,,,,,,,,,,,,,,,,,,,,,,,,,,,,,,,,,,,,,,,,,,,,,,,,,,,,,,,,,,,,,,,
Data,12,record,timestamp,"944871265",s,position_lat,"390312251",semicircles,position_long,"-1398329289",semicircles,distance,"42372.71",m,altitude,"17.200000000000045",m,speed,"2.043",m/s,unknown,"0",,unknown,"100",,heart_rate,"123",bpm,cadence,"0",rpm,fractional_cadence,"0.0",rpm,enhanced_altitude,"17.200000000000045",m,enhanced_speed,"2.043",m/s,,,,,,,,,,,,,,,,,,,,,,,,,,,,,,,,,,,,,,,,,,,,,,,,,,,,,,,,,,,,,,,,,,,,,,,,,,,,,,,,,,,,,,,,,,,,,,,,,,,,,,,,,,,,,,,,,,,,,,,,,,,,,,,,,,,,,,,,,,,,,,,,,,,,,,,,,,,,,,,,,,,
Data,12,record,timestamp,"944871268",s,position_lat,"390312092",semicircles,position_long,"-1398330091",semicircles,distance,"42379.17",m,altitude,"17.200000000000045",m,speed,"2.109",m/s,unknown,"0",,unknown,"100",,heart_rate,"121",bpm,cadence,"0",rpm,fractional_cadence,"0.0",rpm,enhanced_altitude,"17.200000000000045",m,enhanced_speed,"2.109",m/s,,,,,,,,,,,,,,,,,,,,,,,,,,,,,,,,,,,,,,,,,,,,,,,,,,,,,,,,,,,,,,,,,,,,,,,,,,,,,,,,,,,,,,,,,,,,,,,,,,,,,,,,,,,,,,,,,,,,,,,,,,,,,,,,,,,,,,,,,,,,,,,,,,,,,,,,,,,,,,,,,,,
Data,12,record,timestamp,"944871276",s,position_lat,"390311850",semicircles,position_long,"-1398331973",semicircles,distance,"42394.13",m,altitude,"17.200000000000045",m,speed,"1.316",m/s,unknown,"0",,unknown,"100",,heart_rate,"123",bpm,cadence,"0",rpm,fractional_cadence,"0.0",rpm,enhanced_altitude,"17.200000000000045",m,enhanced_speed,"1.316",m/s,,,,,,,,,,,,,,,,,,,,,,,,,,,,,,,,,,,,,,,,,,,,,,,,,,,,,,,,,,,,,,,,,,,,,,,,,,,,,,,,,,,,,,,,,,,,,,,,,,,,,,,,,,,,,,,,,,,,,,,,,,,,,,,,,,,,,,,,,,,,,,,,,,,,,,,,,,,,,,,,,,,
Data,12,record,timestamp,"944871282",s,position_lat,"390311350",semicircles,position_long,"-1398333285",semicircles,distance,"42405.49",m,altitude,"17.200000000000045",m,speed,"2.015",m/s,unknown,"0",,unknown,"100",,heart_rate,"122",bpm,cadence,"0",rpm,fractional_cadence,"0.0",rpm,enhanced_altitude,"17.200000000000045",m,enhanced_speed,"2.015",m/s,,,,,,,,,,,,,,,,,,,,,,,,,,,,,,,,,,,,,,,,,,,,,,,,,,,,,,,,,,,,,,,,,,,,,,,,,,,,,,,,,,,,,,,,,,,,,,,,,,,,,,,,,,,,,,,,,,,,,,,,,,,,,,,,,,,,,,,,,,,,,,,,,,,,,,,,,,,,,,,,,,,
Data,12,record,timestamp,"944871291",s,position_lat,"390311093",semicircles,position_long,"-1398335613",semicircles,distance,"42423.98",m,altitude,"17.0",m,speed,"1.558",m/s,unknown,"0",,unknown,"300",,heart_rate,"122",bpm,cadence,"0",rpm,fractional_cadence,"0.0",rpm,enhanced_altitude,"17.0",m,enhanced_speed,"1.558",m/s,,,,,,,,,,,,,,,,,,,,,,,,,,,,,,,,,,,,,,,,,,,,,,,,,,,,,,,,,,,,,,,,,,,,,,,,,,,,,,,,,,,,,,,,,,,,,,,,,,,,,,,,,,,,,,,,,,,,,,,,,,,,,,,,,,,,,,,,,,,,,,,,,,,,,,,,,,,,,,,,,,,
Data,12,record,timestamp,"944871297",s,position_lat,"390310806",semicircles,position_long,"-1398337108",semicircles,distance,"42436.08",m,altitude,"16.799999999999955",m,speed,"1.959",m/s,unknown,"0",,unknown,"300",,heart_rate,"120",bpm,cadence,"0",rpm,fractional_cadence,"0.0",rpm,enhanced_altitude,"16.799999999999955",m,enhanced_speed,"1.959",m/s,,,,,,,,,,,,,,,,,,,,,,,,,,,,,,,,,,,,,,,,,,,,,,,,,,,,,,,,,,,,,,,,,,,,,,,,,,,,,,,,,,,,,,,,,,,,,,,,,,,,,,,,,,,,,,,,,,,,,,,,,,,,,,,,,,,,,,,,,,,,,,,,,,,,,,,,,,,,,,,,,,,
Data,12,record,timestamp,"944871301",s,position_lat,"390310642",semicircles,position_long,"-1398338226",semicircles,distance,"42445.0",m,altitude,"16.600000000000023",m,speed,"2.053",m/s,unknown,"0",,unknown,"100",,heart_rate,"117",bpm,cadence,"0",rpm,fractional_cadence,"0.0",rpm,enhanced_altitude,"16.600000000000023",m,enhanced_speed,"2.053",m/s,,,,,,,,,,,,,,,,,,,,,,,,,,,,,,,,,,,,,,,,,,,,,,,,,,,,,,,,,,,,,,,,,,,,,,,,,,,,,,,,,,,,,,,,,,,,,,,,,,,,,,,,,,,,,,,,,,,,,,,,,,,,,,,,,,,,,,,,,,,,,,,,,,,,,,,,,,,,,,,,,,,
Data,12,record,timestamp,"944871306",s,position_lat,"390310386",semicircles,position_long,"-1398339602",semicircles,distance,"42456.07",m,altitude,"16.200000000000045",m,speed,"2.09",m/s,unknown,"0",,unknown,"100",,heart_rate,"118",bpm,cadence,"0",rpm,fractional_cadence,"0.0",rpm,enhanced_altitude,"16.200000000000045",m,enhanced_speed,"2.09",m/s,,,,,,,,,,,,,,,,,,,,,,,,,,,,,,,,,,,,,,,,,,,,,,,,,,,,,,,,,,,,,,,,,,,,,,,,,,,,,,,,,,,,,,,,,,,,,,,,,,,,,,,,,,,,,,,,,,,,,,,,,,,,,,,,,,,,,,,,,,,,,,,,,,,,,,,,,,,,,,,,,,,
Data,12,record,timestamp,"944871308",s,position_lat,"390310235",semicircles,position_long,"-1398340152",semicircles,distance,"42460.59",m,altitude,"16.200000000000045",m,speed,"2.062",m/s,unknown,"0",,unknown,"300",,heart_rate,"115",bpm,cadence,"0",rpm,fractional_cadence,"0.0",rpm,enhanced_altitude,"16.200000000000045",m,enhanced_speed,"2.062",m/s,,,,,,,,,,,,,,,,,,,,,,,,,,,,,,,,,,,,,,,,,,,,,,,,,,,,,,,,,,,,,,,,,,,,,,,,,,,,,,,,,,,,,,,,,,,,,,,,,,,,,,,,,,,,,,,,,,,,,,,,,,,,,,,,,,,,,,,,,,,,,,,,,,,,,,,,,,,,,,,,,,,
Data,12,record,timestamp,"944871314",s,position_lat,"390309787",semicircles,position_long,"-1398341651",semicircles,distance,"42473.14",m,altitude,"16.0",m,speed,"1.866",m/s,unknown,"0",,unknown,"100",,heart_rate,"113",bpm,cadence,"0",rpm,fractional_cadence,"0.0",rpm,enhanced_altitude,"16.0",m,enhanced_speed,"1.866",m/s,,,,,,,,,,,,,,,,,,,,,,,,,,,,,,,,,,,,,,,,,,,,,,,,,,,,,,,,,,,,,,,,,,,,,,,,,,,,,,,,,,,,,,,,,,,,,,,,,,,,,,,,,,,,,,,,,,,,,,,,,,,,,,,,,,,,,,,,,,,,,,,,,,,,,,,,,,,,,,,,,,,
Data,12,record,timestamp,"944871323",s,position_lat,"390309647",semicircles,position_long,"-1398343776",semicircles,distance,"42489.89",m,altitude,"16.0",m,speed,"1.596",m/s,unknown,"0",,unknown,"100",,heart_rate,"115",bpm,cadence,"0",rpm,fractional_cadence,"0.0",rpm,enhanced_altitude,"16.0",m,enhanced_speed,"1.596",m/s,,,,,,,,,,,,,,,,,,,,,,,,,,,,,,,,,,,,,,,,,,,,,,,,,,,,,,,,,,,,,,,,,,,,,,,,,,,,,,,,,,,,,,,,,,,,,,,,,,,,,,,,,,,,,,,,,,,,,,,,,,,,,,,,,,,,,,,,,,,,,,,,,,,,,,,,,,,,,,,,,,,
Data,12,record,timestamp,"944871331",s,position_lat,"390309452",semicircles,position_long,"-1398345596",semicircles,distance,"42504.3",m,altitude,"16.0",m,speed,"1.708",m/s,unknown,"0",,unknown,"100",,heart_rate,"112",bpm,cadence,"0",rpm,fractional_cadence,"0.0",rpm,enhanced_altitude,"16.0",m,enhanced_speed,"1.708",m/s,,,,,,,,,,,,,,,,,,,,,,,,,,,,,,,,,,,,,,,,,,,,,,,,,,,,,,,,,,,,,,,,,,,,,,,,,,,,,,,,,,,,,,,,,,,,,,,,,,,,,,,,,,,,,,,,,,,,,,,,,,,,,,,,,,,,,,,,,,,,,,,,,,,,,,,,,,,,,,,,,,,
Data,12,record,timestamp,"944871332",s,position_lat,"390309418",semicircles,position_long,"-1398345813",semicircles,distance,"42506.03",m,altitude,"16.0",m,speed,"1.642",m/s,unknown,"0",,unknown,"100",,heart_rate,"113",bpm,cadence,"0",rpm,fractional_cadence,"0.0",rpm,enhanced_altitude,"16.0",m,enhanced_speed,"1.642",m/s,,,,,,,,,,,,,,,,,,,,,,,,,,,,,,,,,,,,,,,,,,,,,,,,,,,,,,,,,,,,,,,,,,,,,,,,,,,,,,,,,,,,,,,,,,,,,,,,,,,,,,,,,,,,,,,,,,,,,,,,,,,,,,,,,,,,,,,,,,,,,,,,,,,,,,,,,,,,,,,,,,,
Data,12,record,timestamp,"944871337",s,position_lat,"390309306",semicircles,position_long,"-1398346772",semicircles,distance,"42513.6",m,altitude,"16.0",m,speed,"1.306",m/s,unknown,"0",,unknown,"100",,heart_rate,"110",bpm,cadence,"0",rpm,fractional_cadence,"0.0",rpm,enhanced_altitude,"16.0",m,enhanced_speed,"1.306",m/s,,,,,,,,,,,,,,,,,,,,,,,,,,,,,,,,,,,,,,,,,,,,,,,,,,,,,,,,,,,,,,,,,,,,,,,,,,,,,,,,,,,,,,,,,,,,,,,,,,,,,,,,,,,,,,,,,,,,,,,,,,,,,,,,,,,,,,,,,,,,,,,,,,,,,,,,,,,,,,,,,,,
Data,12,record,timestamp,"944871341",s,position_lat,"390309160",semicircles,position_long,"-1398347422",semicircles,distance,"42518.93",m,altitude,"15.799999999999955",m,speed,"1.717",m/s,unknown,"0",,unknown,"100",,heart_rate,"112",bpm,cadence,"0",rpm,fractional_cadence,"0.0",rpm,enhanced_altitude,"15.799999999999955",m,enhanced_speed,"1.717",m/s,,,,,,,,,,,,,,,,,,,,,,,,,,,,,,,,,,,,,,,,,,,,,,,,,,,,,,,,,,,,,,,,,,,,,,,,,,,,,,,,,,,,,,,,,,,,,,,,,,,,,,,,,,,,,,,,,,,,,,,,,,,,,,,,,,,,,,,,,,,,,,,,,,,,,,,,,,,,,,,,,,,
Data,12,record,timestamp,"944871348",s,position_lat,"390309006",semicircles,position_long,"-1398348861",semicircles,distance,"42530.33",m,altitude,"15.799999999999955",m,speed,"1.484",m/s,unknown,"0",,unknown,"100",,heart_rate,"112",bpm,cadence,"0",rpm,fractional_cadence,"0.0",rpm,enhanced_altitude,"15.799999999999955",m,enhanced_speed,"1.484",m/s,,,,,,,,,,,,,,,,,,,,,,,,,,,,,,,,,,,,,,,,,,,,,,,,,,,,,,,,,,,,,,,,,,,,,,,,,,,,,,,,,,,,,,,,,,,,,,,,,,,,,,,,,,,,,,,,,,,,,,,,,,,,,,,,,,,,,,,,,,,,,,,,,,,,,,,,,,,,,,,,,,,
Data,12,record,timestamp,"944871356",s,position_lat,"390308641",semicircles,position_long,"-1398350527",semicircles,distance,"42543.84",m,altitude,"15.799999999999955",m,speed,"1.764",m/s,unknown,"0",,unknown,"100",,heart_rate,"110",bpm,cadence,"0",rpm,fractional_cadence,"0.0",rpm,enhanced_altitude,"15.799999999999955",m,enhanced_speed,"1.764",m/s,,,,,,,,,,,,,,,,,,,,,,,,,,,,,,,,,,,,,,,,,,,,,,,,,,,,,,,,,,,,,,,,,,,,,,,,,,,,,,,,,,,,,,,,,,,,,,,,,,,,,,,,,,,,,,,,,,,,,,,,,,,,,,,,,,,,,,,,,,,,,,,,,,,,,,,,,,,,,,,,,,,
Data,12,record,timestamp,"944871363",s,position_lat,"390308609",semicircles,position_long,"-1398352028",semicircles,distance,"42556.07",m,altitude,"15.799999999999955",m,speed,"1.67",m/s,unknown,"0",,unknown,"100",,heart_rate,"109",bpm,cadence,"0",rpm,fractional_cadence,"0.0",rpm,enhanced_altitude,"15.799999999999955",m,enhanced_speed,"1.67",m/s,,,,,,,,,,,,,,,,,,,,,,,,,,,,,,,,,,,,,,,,,,,,,,,,,,,,,,,,,,,,,,,,,,,,,,,,,,,,,,,,,,,,,,,,,,,,,,,,,,,,,,,,,,,,,,,,,,,,,,,,,,,,,,,,,,,,,,,,,,,,,,,,,,,,,,,,,,,,,,,,,,,
Data,12,record,timestamp,"944871369",s,position_lat,"390309425",semicircles,position_long,"-1398352512",semicircles,distance,"42565.0",m,altitude,"15.799999999999955",m,speed,"1.456",m/s,unknown,"0",,unknown,"100",,heart_rate,"112",bpm,cadence,"0",rpm,fractional_cadence,"0.0",rpm,enhanced_altitude,"15.799999999999955",m,enhanced_speed,"1.456",m/s,,,,,,,,,,,,,,,,,,,,,,,,,,,,,,,,,,,,,,,,,,,,,,,,,,,,,,,,,,,,,,,,,,,,,,,,,,,,,,,,,,,,,,,,,,,,,,,,,,,,,,,,,,,,,,,,,,,,,,,,,,,,,,,,,,,,,,,,,,,,,,,,,,,,,,,,,,,,,,,,,,,
Data,12,record,timestamp,"944871370",s,position_lat,"390309593",semicircles,position_long,"-1398352523",semicircles,distance,"42566.56",m,altitude,"15.799999999999955",m,speed,"1.558",m/s,unknown,"0",,unknown,"100",,heart_rate,"109",bpm,cadence,"0",rpm,fractional_cadence,"0.0",rpm,enhanced_altitude,"15.799999999999955",m,enhanced_speed,"1.558",m/s,,,,,,,,,,,,,,,,,,,,,,,,,,,,,,,,,,,,,,,,,,,,,,,,,,,,,,,,,,,,,,,,,,,,,,,,,,,,,,,,,,,,,,,,,,,,,,,,,,,,,,,,,,,,,,,,,,,,,,,,,,,,,,,,,,,,,,,,,,,,,,,,,,,,,,,,,,,,,,,,,,,
Data,12,record,timestamp,"944871379",s,position_lat,"390311475",semicircles,position_long,"-1398352102",semicircles,distance,"42584.49",m,altitude,"15.799999999999955",m,speed,"2.062",m/s,unknown,"0",,unknown,"100",,heart_rate,"112",bpm,cadence,"0",rpm,fractional_cadence,"0.0",rpm,enhanced_altitude,"15.799999999999955",m,enhanced_speed,"2.062",m/s,,,,,,,,,,,,,,,,,,,,,,,,,,,,,,,,,,,,,,,,,,,,,,,,,,,,,,,,,,,,,,,,,,,,,,,,,,,,,,,,,,,,,,,,,,,,,,,,,,,,,,,,,,,,,,,,,,,,,,,,,,,,,,,,,,,,,,,,,,,,,,,,,,,,,,,,,,,,,,,,,,,
Data,12,record,timestamp,"944871380",s,position_lat,"390311685",semicircles,position_long,"-1398352036",semicircles,distance,"42586.5",m,altitude,"15.799999999999955",m,speed,"1.894",m/s,unknown,"0",,unknown,"100",,heart_rate,"111",bpm,cadence,"0",rpm,fractional_cadence,"0.0",rpm,enhanced_altitude,"15.799999999999955",m,enhanced_speed,"1.894",m/s,,,,,,,,,,,,,,,,,,,,,,,,,,,,,,,,,,,,,,,,,,,,,,,,,,,,,,,,,,,,,,,,,,,,,,,,,,,,,,,,,,,,,,,,,,,,,,,,,,,,,,,,,,,,,,,,,,,,,,,,,,,,,,,,,,,,,,,,,,,,,,,,,,,,,,,,,,,,,,,,,,,
Data,12,record,timestamp,"944871384",s,position_lat,"390312467",semicircles,position_long,"-1398351838",semicircles,distance,"42593.92",m,altitude,"15.799999999999955",m,speed,"1.997",m/s,unknown,"0",,unknown,"100",,heart_rate,"108",bpm,cadence,"0",rpm,fractional_cadence,"0.0",rpm,enhanced_altitude,"15.799999999999955",m,enhanced_speed,"1.997",m/s,,,,,,,,,,,,,,,,,,,,,,,,,,,,,,,,,,,,,,,,,,,,,,,,,,,,,,,,,,,,,,,,,,,,,,,,,,,,,,,,,,,,,,,,,,,,,,,,,,,,,,,,,,,,,,,,,,,,,,,,,,,,,,,,,,,,,,,,,,,,,,,,,,,,,,,,,,,,,,,,,,,
Data,12,record,timestamp,"944871391",s,position_lat,"390313936",semicircles,position_long,"-1398351370",semicircles,distance,"42608.05",m,altitude,"15.799999999999955",m,speed,"1.931",m/s,unknown,"0",,unknown,"100",,heart_rate,"110",bpm,cadence,"0",rpm,fractional_cadence,"0.0",rpm,enhanced_altitude,"15.799999999999955",m,enhanced_speed,"1.931",m/s,,,,,,,,,,,,,,,,,,,,,,,,,,,,,,,,,,,,,,,,,,,,,,,,,,,,,,,,,,,,,,,,,,,,,,,,,,,,,,,,,,,,,,,,,,,,,,,,,,,,,,,,,,,,,,,,,,,,,,,,,,,,,,,,,,,,,,,,,,,,,,,,,,,,,,,,,,,,,,,,,,,
Data,12,record,timestamp,"944871400",s,position_lat,"390315824",semicircles,position_long,"-1398350787",semicircles,distance,"42626.19",m,altitude,"15.799999999999955",m,speed,"2.071",m/s,unknown,"0",,unknown,"100",,heart_rate,"110",bpm,cadence,"0",rpm,fractional_cadence,"0.0",rpm,enhanced_altitude,"15.799999999999955",m,enhanced_speed,"2.071",m/s,,,,,,,,,,,,,,,,,,,,,,,,,,,,,,,,,,,,,,,,,,,,,,,,,,,,,,,,,,,,,,,,,,,,,,,,,,,,,,,,,,,,,,,,,,,,,,,,,,,,,,,,,,,,,,,,,,,,,,,,,,,,,,,,,,,,,,,,,,,,,,,,,,,,,,,,,,,,,,,,,,,
Data,12,record,timestamp,"944871410",s,position_lat,"390318070",semicircles,position_long,"-1398350273",semicircles,distance,"42647.46",m,altitude,"15.799999999999955",m,speed,"2.006",m/s,unknown,"0",,unknown,"100",,heart_rate,"109",bpm,cadence,"0",rpm,fractional_cadence,"0.0",rpm,enhanced_altitude,"15.799999999999955",m,enhanced_speed,"2.006",m/s,,,,,,,,,,,,,,,,,,,,,,,,,,,,,,,,,,,,,,,,,,,,,,,,,,,,,,,,,,,,,,,,,,,,,,,,,,,,,,,,,,,,,,,,,,,,,,,,,,,,,,,,,,,,,,,,,,,,,,,,,,,,,,,,,,,,,,,,,,,,,,,,,,,,,,,,,,,,,,,,,,,
Data,12,record,timestamp,"944871423",s,position_lat,"390321031",semicircles,position_long,"-1398349869",semicircles,distance,"42675.17",m,altitude,"15.799999999999955",m,speed,"2.174",m/s,unknown,"0",,unknown,"100",,heart_rate,"108",bpm,cadence,"0",rpm,fractional_cadence,"0.0",rpm,enhanced_altitude,"15.799999999999955",m,enhanced_speed,"2.174",m/s,,,,,,,,,,,,,,,,,,,,,,,,,,,,,,,,,,,,,,,,,,,,,,,,,,,,,,,,,,,,,,,,,,,,,,,,,,,,,,,,,,,,,,,,,,,,,,,,,,,,,,,,,,,,,,,,,,,,,,,,,,,,,,,,,,,,,,,,,,,,,,,,,,,,,,,,,,,,,,,,,,,
Data,12,record,timestamp,"944871433",s,position_lat,"390323399",semicircles,position_long,"-1398349207",semicircles,distance,"42697.8",m,altitude,"16.0",m,speed,"2.351",m/s,unknown,"0",,unknown,"100",,heart_rate,"109",bpm,cadence,"0",rpm,fractional_cadence,"0.0",rpm,enhanced_altitude,"16.0",m,enhanced_speed,"2.351",m/s,,,,,,,,,,,,,,,,,,,,,,,,,,,,,,,,,,,,,,,,,,,,,,,,,,,,,,,,,,,,,,,,,,,,,,,,,,,,,,,,,,,,,,,,,,,,,,,,,,,,,,,,,,,,,,,,,,,,,,,,,,,,,,,,,,,,,,,,,,,,,,,,,,,,,,,,,,,,,,,,,,,
Data,12,record,timestamp,"944871437",s,position_lat,"390324289",semicircles,position_long,"-1398348983",semicircles,distance,"42706.26",m,altitude,"16.0",m,speed,"2.099",m/s,unknown,"0",,unknown,"100",,heart_rate,"106",bpm,cadence,"0",rpm,fractional_cadence,"0.0",rpm,enhanced_altitude,"16.0",m,enhanced_speed,"2.099",m/s,,,,,,,,,,,,,,,,,,,,,,,,,,,,,,,,,,,,,,,,,,,,,,,,,,,,,,,,,,,,,,,,,,,,,,,,,,,,,,,,,,,,,,,,,,,,,,,,,,,,,,,,,,,,,,,,,,,,,,,,,,,,,,,,,,,,,,,,,,,,,,,,,,,,,,,,,,,,,,,,,,,
Data,12,record,timestamp,"944871443",s,position_lat,"390325582",semicircles,position_long,"-1398348715",semicircles,distance,"42718.46",m,altitude,"16.0",m,speed,"2.053",m/s,unknown,"0",,unknown,"100",,heart_rate,"108",bpm,cadence,"0",rpm,fractional_cadence,"0.0",rpm,enhanced_altitude,"16.0",m,enhanced_speed,"2.053",m/s,,,,,,,,,,,,,,,,,,,,,,,,,,,,,,,,,,,,,,,,,,,,,,,,,,,,,,,,,,,,,,,,,,,,,,,,,,,,,,,,,,,,,,,,,,,,,,,,,,,,,,,,,,,,,,,,,,,,,,,,,,,,,,,,,,,,,,,,,,,,,,,,,,,,,,,,,,,,,,,,,,,
Data,12,record,timestamp,"944871452",s,position_lat,"390327661",semicircles,position_long,"-1398348434",semicircles,distance,"42737.92",m,altitude,"16.0",m,speed,"2.435",m/s,unknown,"0",,unknown,"100",,heart_rate,"108",bpm,cadence,"0",rpm,fractional_cadence,"0.0",rpm,enhanced_altitude,"16.0",m,enhanced_speed,"2.435",m/s,,,,,,,,,,,,,,,,,,,,,,,,,,,,,,,,,,,,,,,,,,,,,,,,,,,,,,,,,,,,,,,,,,,,,,,,,,,,,,,,,,,,,,,,,,,,,,,,,,,,,,,,,,,,,,,,,,,,,,,,,,,,,,,,,,,,,,,,,,,,,,,,,,,,,,,,,,,,,,,,,,,
Data,12,record,timestamp,"944871461",s,position_lat,"390329999",semicircles,position_long,"-1398348171",semicircles,distance,"42759.76",m,altitude,"16.0",m,speed,"2.314",m/s,unknown,"0",,unknown,"100",,heart_rate,"107",bpm,cadence,"0",rpm,fractional_cadence,"0.0",rpm,enhanced_altitude,"16.0",m,enhanced_speed,"2.314",m/s,,,,,,,,,,,,,,,,,,,,,,,,,,,,,,,,,,,,,,,,,,,,,,,,,,,,,,,,,,,,,,,,,,,,,,,,,,,,,,,,,,,,,,,,,,,,,,,,,,,,,,,,,,,,,,,,,,,,,,,,,,,,,,,,,,,,,,,,,,,,,,,,,,,,,,,,,,,,,,,,,,,
Data,12,record,timestamp,"944871469",s,position_lat,"390332199",semicircles,position_long,"-1398347539",semicircles,distance,"42780.88",m,altitude,"16.0",m,speed,"2.398",m/s,unknown,"0",,unknown,"100",,heart_rate,"107",bpm,cadence,"0",rpm,fractional_cadence,"0.0",rpm,enhanced_altitude,"16.0",m,enhanced_speed,"2.398",m/s,,,,,,,,,,,,,,,,,,,,,,,,,,,,,,,,,,,,,,,,,,,,,,,,,,,,,,,,,,,,,,,,,,,,,,,,,,,,,,,,,,,,,,,,,,,,,,,,,,,,,,,,,,,,,,,,,,,,,,,,,,,,,,,,,,,,,,,,,,,,,,,,,,,,,,,,,,,,,,,,,,,
Data,12,record,timestamp,"944871478",s,position_lat,"390334355",semicircles,position_long,"-1398347209",semicircles,distance,"42801.1",m,altitude,"16.0",m,speed,"2.389",m/s,unknown,"0",,unknown,"100",,heart_rate,"107",bpm,cadence,"0",rpm,fractional_cadence,"0.0",rpm,enhanced_altitude,"16.0",m,enhanced_speed,"2.389",m/s,,,,,,,,,,,,,,,,,,,,,,,,,,,,,,,,,,,,,,,,,,,,,,,,,,,,,,,,,,,,,,,,,,,,,,,,,,,,,,,,,,,,,,,,,,,,,,,,,,,,,,,,,,,,,,,,,,,,,,,,,,,,,,,,,,,,,,,,,,,,,,,,,,,,,,,,,,,,,,,,,,,
Data,12,record,timestamp,"944871483",s,position_lat,"390335612",semicircles,position_long,"-1398347150",semicircles,distance,"42812.78",m,altitude,"15.799999999999955",m,speed,"2.333",m/s,unknown,"0",,unknown,"100",,heart_rate,"110",bpm,cadence,"0",rpm,fractional_cadence,"0.0",rpm,enhanced_altitude,"15.799999999999955",m,enhanced_speed,"2.333",m/s,,,,,,,,,,,,,,,,,,,,,,,,,,,,,,,,,,,,,,,,,,,,,,,,,,,,,,,,,,,,,,,,,,,,,,,,,,,,,,,,,,,,,,,,,,,,,,,,,,,,,,,,,,,,,,,,,,,,,,,,,,,,,,,,,,,,,,,,,,,,,,,,,,,,,,,,,,,,,,,,,,,
Data,12,record,timestamp,"944871484",s,position_lat,"390335855",semicircles,position_long,"-1398347142",semicircles,distance,"42815.03",m,altitude,"15.799999999999955",m,speed,"2.323",m/s,unknown,"0",,unknown,"100",,heart_rate,"107",bpm,cadence,"0",rpm,fractional_cadence,"0.0",rpm,enhanced_altitude,"15.799999999999955",m,enhanced_speed,"2.323",m/s,,,,,,,,,,,,,,,,,,,,,,,,,,,,,,,,,,,,,,,,,,,,,,,,,,,,,,,,,,,,,,,,,,,,,,,,,,,,,,,,,,,,,,,,,,,,,,,,,,,,,,,,,,,,,,,,,,,,,,,,,,,,,,,,,,,,,,,,,,,,,,,,,,,,,,,,,,,,,,,,,,,
Data,12,record,timestamp,"944871488",s,position_lat,"390336870",semicircles,position_long,"-1398347184",semicircles,distance,"42824.47",m,altitude,"15.799999999999955",m,speed,"2.529",m/s,unknown,"0",,unknown,"100",,heart_rate,"106",bpm,cadence,"0",rpm,fractional_cadence,"0.0",rpm,enhanced_altitude,"15.799999999999955",m,enhanced_speed,"2.529",m/s,,,,,,,,,,,,,,,,,,,,,,,,,,,,,,,,,,,,,,,,,,,,,,,,,,,,,,,,,,,,,,,,,,,,,,,,,,,,,,,,,,,,,,,,,,,,,,,,,,,,,,,,,,,,,,,,,,,,,,,,,,,,,,,,,,,,,,,,,,,,,,,,,,,,,,,,,,,,,,,,,,,
Data,12,record,timestamp,"944871499",s,position_lat,"390339534",semicircles,position_long,"-1398347329",semicircles,distance,"42849.23",m,altitude,"15.799999999999955",m,speed,"2.23",m/s,unknown,"0",,unknown,"300",,heart_rate,"106",bpm,cadence,"0",rpm,fractional_cadence,"0.0",rpm,enhanced_altitude,"15.799999999999955",m,enhanced_speed,"2.23",m/s,,,,,,,,,,,,,,,,,,,,,,,,,,,,,,,,,,,,,,,,,,,,,,,,,,,,,,,,,,,,,,,,,,,,,,,,,,,,,,,,,,,,,,,,,,,,,,,,,,,,,,,,,,,,,,,,,,,,,,,,,,,,,,,,,,,,,,,,,,,,,,,,,,,,,,,,,,,,,,,,,,,
Data,12,record,timestamp,"944871509",s,position_lat,"390342156",semicircles,position_long,"-1398347223",semicircles,distance,"42873.62",m,altitude,"15.799999999999955",m,speed,"2.305",m/s,unknown,"0",,unknown,"300",,heart_rate,"105",bpm,cadence,"0",rpm,fractional_cadence,"0.0",rpm,enhanced_altitude,"15.799999999999955",m,enhanced_speed,"2.305",m/s,,,,,,,,,,,,,,,,,,,,,,,,,,,,,,,,,,,,,,,,,,,,,,,,,,,,,,,,,,,,,,,,,,,,,,,,,,,,,,,,,,,,,,,,,,,,,,,,,,,,,,,,,,,,,,,,,,,,,,,,,,,,,,,,,,,,,,,,,,,,,,,,,,,,,,,,,,,,,,,,,,,
Data,12,record,timestamp,"944871519",s,position_lat,"390344700",semicircles,position_long,"-1398347178",semicircles,distance,"42897.28",m,altitude,"15.799999999999955",m,speed,"2.183",m/s,unknown,"0",,unknown,"300",,heart_rate,"107",bpm,cadence,"0",rpm,fractional_cadence,"0.0",rpm,enhanced_altitude,"15.799999999999955",m,enhanced_speed,"2.183",m/s,,,,,,,,,,,,,,,,,,,,,,,,,,,,,,,,,,,,,,,,,,,,,,,,,,,,,,,,,,,,,,,,,,,,,,,,,,,,,,,,,,,,,,,,,,,,,,,,,,,,,,,,,,,,,,,,,,,,,,,,,,,,,,,,,,,,,,,,,,,,,,,,,,,,,,,,,,,,,,,,,,,
Data,12,record,timestamp,"944871528",s,position_lat,"390347163",semicircles,position_long,"-1398347418",semicircles,distance,"42920.28",m,altitude,"15.799999999999955",m,speed,"2.417",m/s,unknown,"0",,unknown,"100",,heart_rate,"107",bpm,cadence,"0",rpm,fractional_cadence,"0.0",rpm,enhanced_altitude,"15.799999999999955",m,enhanced_speed,"2.417",m/s,,,,,,,,,,,,,,,,,,,,,,,,,,,,,,,,,,,,,,,,,,,,,,,,,,,,,,,,,,,,,,,,,,,,,,,,,,,,,,,,,,,,,,,,,,,,,,,,,,,,,,,,,,,,,,,,,,,,,,,,,,,,,,,,,,,,,,,,,,,,,,,,,,,,,,,,,,,,,,,,,,,
Data,12,record,timestamp,"944871538",s,position_lat,"390349725",semicircles,position_long,"-1398347728",semicircles,distance,"42944.22",m,altitude,"15.799999999999955",m,speed,"2.333",m/s,unknown,"0",,unknown,"100",,heart_rate,"107",bpm,cadence,"0",rpm,fractional_cadence,"0.0",rpm,enhanced_altitude,"15.799999999999955",m,enhanced_speed,"2.333",m/s,,,,,,,,,,,,,,,,,,,,,,,,,,,,,,,,,,,,,,,,,,,,,,,,,,,,,,,,,,,,,,,,,,,,,,,,,,,,,,,,,,,,,,,,,,,,,,,,,,,,,,,,,,,,,,,,,,,,,,,,,,,,,,,,,,,,,,,,,,,,,,,,,,,,,,,,,,,,,,,,,,,
Data,12,record,timestamp,"944871547",s,position_lat,"390351719",semicircles,position_long,"-1398348251",semicircles,distance,"42963.18",m,altitude,"15.799999999999955",m,speed,"2.118",m/s,unknown,"0",,unknown,"300",,heart_rate,"108",bpm,cadence,"0",rpm,fractional_cadence,"0.0",rpm,enhanced_altitude,"15.799999999999955",m,enhanced_speed,"2.118",m/s,,,,,,,,,,,,,,,,,,,,,,,,,,,,,,,,,,,,,,,,,,,,,,,,,,,,,,,,,,,,,,,,,,,,,,,,,,,,,,,,,,,,,,,,,,,,,,,,,,,,,,,,,,,,,,,,,,,,,,,,,,,,,,,,,,,,,,,,,,,,,,,,,,,,,,,,,,,,,,,,,,,
Data,12,record,timestamp,"944871557",s,position_lat,"390353973",semicircles,position_long,"-1398348871",semicircles,distance,"42984.67",m,altitude,"15.799999999999955",m,speed,"1.922",m/s,unknown,"0",,unknown,"100",,heart_rate,"108",bpm,cadence,"0",rpm,fractional_cadence,"0.0",rpm,enhanced_altitude,"15.799999999999955",m,enhanced_speed,"1.922",m/s,,,,,,,,,,,,,,,,,,,,,,,,,,,,,,,,,,,,,,,,,,,,,,,,,,,,,,,,,,,,,,,,,,,,,,,,,,,,,,,,,,,,,,,,,,,,,,,,,,,,,,,,,,,,,,,,,,,,,,,,,,,,,,,,,,,,,,,,,,,,,,,,,,,,,,,,,,,,,,,,,,,
Data,12,record,timestamp,"944871566",s,position_lat,"390355897",semicircles,position_long,"-1398349248",semicircles,distance,"43002.74",m,altitude,"15.799999999999955",m,speed,"2.202",m/s,unknown,"0",,unknown,"100",,heart_rate,"106",bpm,cadence,"0",rpm,fractional_cadence,"0.0",rpm,enhanced_altitude,"15.799999999999955",m,enhanced_speed,"2.202",m/s,,,,,,,,,,,,,,,,,,,,,,,,,,,,,,,,,,,,,,,,,,,,,,,,,,,,,,,,,,,,,,,,,,,,,,,,,,,,,,,,,,,,,,,,,,,,,,,,,,,,,,,,,,,,,,,,,,,,,,,,,,,,,,,,,,,,,,,,,,,,,,,,,,,,,,,,,,,,,,,,,,,
Data,12,record,timestamp,"944871568",s,position_lat,"390356354",semicircles,position_long,"-1398349337",semicircles,distance,"43007.02",m,altitude,"15.799999999999955",m,speed,"2.277",m/s,unknown,"0",,unknown,"100",,heart_rate,"109",bpm,cadence,"0",rpm,fractional_cadence,"0.0",rpm,enhanced_altitude,"15.799999999999955",m,enhanced_speed,"2.277",m/s,,,,,,,,,,,,,,,,,,,,,,,,,,,,,,,,,,,,,,,,,,,,,,,,,,,,,,,,,,,,,,,,,,,,,,,,,,,,,,,,,,,,,,,,,,,,,,,,,,,,,,,,,,,,,,,,,,,,,,,,,,,,,,,,,,,,,,,,,,,,,,,,,,,,,,,,,,,,,,,,,,,
Data,12,record,timestamp,"944871573",s,position_lat,"390357521",semicircles,position_long,"-1398349552",semicircles,distance,"43017.95",m,altitude,"15.799999999999955",m,speed,"2.277",m/s,unknown,"0",,unknown,"100",,heart_rate,"105",bpm,cadence,"0",rpm,fractional_cadence,"0.0",rpm,enhanced_altitude,"15.799999999999955",m,enhanced_speed,"2.277",m/s,,,,,,,,,,,,,,,,,,,,,,,,,,,,,,,,,,,,,,,,,,,,,,,,,,,,,,,,,,,,,,,,,,,,,,,,,,,,,,,,,,,,,,,,,,,,,,,,,,,,,,,,,,,,,,,,,,,,,,,,,,,,,,,,,,,,,,,,,,,,,,,,,,,,,,,,,,,,,,,,,,,
Data,12,record,timestamp,"944871581",s,position_lat,"390359407",semicircles,position_long,"-1398349710",semicircles,distance,"43035.52",m,altitude,"15.799999999999955",m,speed,"2.23",m/s,unknown,"0",,unknown,"100",,heart_rate,"107",bpm,cadence,"0",rpm,fractional_cadence,"0.0",rpm,enhanced_altitude,"15.799999999999955",m,enhanced_speed,"2.23",m/s,,,,,,,,,,,,,,,,,,,,,,,,,,,,,,,,,,,,,,,,,,,,,,,,,,,,,,,,,,,,,,,,,,,,,,,,,,,,,,,,,,,,,,,,,,,,,,,,,,,,,,,,,,,,,,,,,,,,,,,,,,,,,,,,,,,,,,,,,,,,,,,,,,,,,,,,,,,,,,,,,,,
Data,12,record,timestamp,"944871591",s,position_lat,"390361802",semicircles,position_long,"-1398349772",semicircles,distance,"43057.79",m,altitude,"15.799999999999955",m,speed,"2.249",m/s,unknown,"0",,unknown,"100",,heart_rate,"108",bpm,cadence,"0",rpm,fractional_cadence,"0.0",rpm,enhanced_altitude,"15.799999999999955",m,enhanced_speed,"2.249",m/s,,,,,,,,,,,,,,,,,,,,,,,,,,,,,,,,,,,,,,,,,,,,,,,,,,,,,,,,,,,,,,,,,,,,,,,,,,,,,,,,,,,,,,,,,,,,,,,,,,,,,,,,,,,,,,,,,,,,,,,,,,,,,,,,,,,,,,,,,,,,,,,,,,,,,,,,,,,,,,,,,,,
Data,12,record,timestamp,"944871600",s,position_lat,"390363940",semicircles,position_long,"-1398350120",semicircles,distance,"43077.86",m,altitude,"15.799999999999955",m,speed,"1.969",m/s,unknown,"0",,unknown,"100",,heart_rate,"109",bpm,cadence,"0",rpm,fractional_cadence,"0.0",rpm,enhanced_altitude,"15.799999999999955",m,enhanced_speed,"1.969",m/s,,,,,,,,,,,,,,,,,,,,,,,,,,,,,,,,,,,,,,,,,,,,,,,,,,,,,,,,,,,,,,,,,,,,,,,,,,,,,,,,,,,,,,,,,,,,,,,,,,,,,,,,,,,,,,,,,,,,,,,,,,,,,,,,,,,,,,,,,,,,,,,,,,,,,,,,,,,,,,,,,,,
Data,12,record,timestamp,"944871604",s,position_lat,"390364815",semicircles,position_long,"-1398350382",semicircles,distance,"43086.24",m,altitude,"15.799999999999955",m,speed,"2.211",m/s,unknown,"0",,unknown,"100",,heart_rate,"106",bpm,cadence,"0",rpm,fractional_cadence,"0.0",rpm,enhanced_altitude,"15.799999999999955",m,enhanced_speed,"2.211",m/s,,,,,,,,,,,,,,,,,,,,,,,,,,,,,,,,,,,,,,,,,,,,,,,,,,,,,,,,,,,,,,,,,,,,,,,,,,,,,,,,,,,,,,,,,,,,,,,,,,,,,,,,,,,,,,,,,,,,,,,,,,,,,,,,,,,,,,,,,,,,,,,,,,,,,,,,,,,,,,,,,,,
Data,12,record,timestamp,"944871609",s,position_lat,"390365927",semicircles,position_long,"-1398350682",semicircles,distance,"43096.84",m,altitude,"15.799999999999955",m,speed,"2.267",m/s,unknown,"0",,unknown,"100",,heart_rate,"107",bpm,cadence,"0",rpm,fractional_cadence,"0.0",rpm,enhanced_altitude,"15.799999999999955",m,enhanced_speed,"2.267",m/s,,,,,,,,,,,,,,,,,,,,,,,,,,,,,,,,,,,,,,,,,,,,,,,,,,,,,,,,,,,,,,,,,,,,,,,,,,,,,,,,,,,,,,,,,,,,,,,,,,,,,,,,,,,,,,,,,,,,,,,,,,,,,,,,,,,,,,,,,,,,,,,,,,,,,,,,,,,,,,,,,,,
Data,12,record,timestamp,"944871615",s,position_lat,"390367291",semicircles,position_long,"-1398351021",semicircles,distance,"43109.82",m,altitude,"15.799999999999955",m,speed,"1.969",m/s,unknown,"0",,unknown,"100",,heart_rate,"104",bpm,cadence,"0",rpm,fractional_cadence,"0.0",rpm,enhanced_altitude,"15.799999999999955",m,enhanced_speed,"1.969",m/s,,,,,,,,,,,,,,,,,,,,,,,,,,,,,,,,,,,,,,,,,,,,,,,,,,,,,,,,,,,,,,,,,,,,,,,,,,,,,,,,,,,,,,,,,,,,,,,,,,,,,,,,,,,,,,,,,,,,,,,,,,,,,,,,,,,,,,,,,,,,,,,,,,,,,,,,,,,,,,,,,,,
Data,12,record,timestamp,"944871617",s,position_lat,"390367760",semicircles,position_long,"-1398351140",semicircles,distance,"43114.28",m,altitude,"15.799999999999955",m,speed,"2.165",m/s,unknown,"0",,unknown,"100",,heart_rate,"108",bpm,cadence,"0",rpm,fractional_cadence,"0.0",rpm,enhanced_altitude,"15.799999999999955",m,enhanced_speed,"2.165",m/s,,,,,,,,,,,,,,,,,,,,,,,,,,,,,,,,,,,,,,,,,,,,,,,,,,,,,,,,,,,,,,,,,,,,,,,,,,,,,,,,,,,,,,,,,,,,,,,,,,,,,,,,,,,,,,,,,,,,,,,,,,,,,,,,,,,,,,,,,,,,,,,,,,,,,,,,,,,,,,,,,,,
Data,12,record,timestamp,"944871619",s,position_lat,"390368213",semicircles,position_long,"-1398351266",semicircles,distance,"43118.6",m,altitude,"15.799999999999955",m,speed,"2.09",m/s,unknown,"0",,unknown,"100",,heart_rate,"105",bpm,cadence,"0",rpm,fractional_cadence,"0.0",rpm,enhanced_altitude,"15.799999999999955",m,enhanced_speed,"2.09",m/s,,,,,,,,,,,,,,,,,,,,,,,,,,,,,,,,,,,,,,,,,,,,,,,,,,,,,,,,,,,,,,,,,,,,,,,,,,,,,,,,,,,,,,,,,,,,,,,,,,,,,,,,,,,,,,,,,,,,,,,,,,,,,,,,,,,,,,,,,,,,,,,,,,,,,,,,,,,,,,,,,,,
Data,12,record,timestamp,"944871621",s,position_lat,"390368643",semicircles,position_long,"-1398351402",semicircles,distance,"43122.73",m,altitude,"15.799999999999955",m,speed,"2.174",m/s,unknown,"0",,unknown,"100",,heart_rate,"108",bpm,cadence,"0",rpm,fractional_cadence,"0.0",rpm,enhanced_altitude,"15.799999999999955",m,enhanced_speed,"2.174",m/s,,,,,,,,,,,,,,,,,,,,,,,,,,,,,,,,,,,,,,,,,,,,,,,,,,,,,,,,,,,,,,,,,,,,,,,,,,,,,,,,,,,,,,,,,,,,,,,,,,,,,,,,,,,,,,,,,,,,,,,,,,,,,,,,,,,,,,,,,,,,,,,,,,,,,,,,,,,,,,,,,,,
Data,12,record,timestamp,"944871627",s,position_lat,"390369853",semicircles,position_long,"-1398351679",semicircles,distance,"43134.17",m,altitude,"15.799999999999955",m,speed,"1.922",m/s,unknown,"0",,unknown,"100",,heart_rate,"108",bpm,cadence,"0",rpm,fractional_cadence,"0.0",rpm,enhanced_altitude,"15.799999999999955",m,enhanced_speed,"1.922",m/s,,,,,,,,,,,,,,,,,,,,,,,,,,,,,,,,,,,,,,,,,,,,,,,,,,,,,,,,,,,,,,,,,,,,,,,,,,,,,,,,,,,,,,,,,,,,,,,,,,,,,,,,,,,,,,,,,,,,,,,,,,,,,,,,,,,,,,,,,,,,,,,,,,,,,,,,,,,,,,,,,,,
Data,12,record,timestamp,"944871635",s,position_lat,"390371289",semicircles,position_long,"-1398352098",semicircles,distance,"43147.98",m,altitude,"15.799999999999955",m,speed,"1.875",m/s,unknown,"0",,unknown,"100",,heart_rate,"109",bpm,cadence,"0",rpm,fractional_cadence,"0.0",rpm,enhanced_altitude,"15.799999999999955",m,enhanced_speed,"1.875",m/s,,,,,,,,,,,,,,,,,,,,,,,,,,,,,,,,,,,,,,,,,,,,,,,,,,,,,,,,,,,,,,,,,,,,,,,,,,,,,,,,,,,,,,,,,,,,,,,,,,,,,,,,,,,,,,,,,,,,,,,,,,,,,,,,,,,,,,,,,,,,,,,,,,,,,,,,,,,,,,,,,,,
Data,12,record,timestamp,"944871637",s,position_lat,"390371680",semicircles,position_long,"-1398352099",semicircles,distance,"43151.6",m,altitude,"15.799999999999955",m,speed,"1.922",m/s,unknown,"0",,unknown,"100",,heart_rate,"106",bpm,cadence,"0",rpm,fractional_cadence,"0.0",rpm,enhanced_altitude,"15.799999999999955",m,enhanced_speed,"1.922",m/s,,,,,,,,,,,,,,,,,,,,,,,,,,,,,,,,,,,,,,,,,,,,,,,,,,,,,,,,,,,,,,,,,,,,,,,,,,,,,,,,,,,,,,,,,,,,,,,,,,,,,,,,,,,,,,,,,,,,,,,,,,,,,,,,,,,,,,,,,,,,,,,,,,,,,,,,,,,,,,,,,,,
Data,12,record,timestamp,"944871645",s,position_lat,"390373168",semicircles,position_long,"-1398352071",semicircles,distance,"43165.49",m,altitude,"15.799999999999955",m,speed,"1.754",m/s,unknown,"0",,unknown,"100",,heart_rate,"107",bpm,cadence,"0",rpm,fractional_cadence,"0.0",rpm,enhanced_altitude,"15.799999999999955",m,enhanced_speed,"1.754",m/s,,,,,,,,,,,,,,,,,,,,,,,,,,,,,,,,,,,,,,,,,,,,,,,,,,,,,,,,,,,,,,,,,,,,,,,,,,,,,,,,,,,,,,,,,,,,,,,,,,,,,,,,,,,,,,,,,,,,,,,,,,,,,,,,,,,,,,,,,,,,,,,,,,,,,,,,,,,,,,,,,,,
Data,12,record,timestamp,"944871653",s,position_lat,"390374604",semicircles,position_long,"-1398352193",semicircles,distance,"43178.85",m,altitude,"15.799999999999955",m,speed,"1.829",m/s,unknown,"0",,unknown,"100",,heart_rate,"106",bpm,cadence,"0",rpm,fractional_cadence,"0.0",rpm,enhanced_altitude,"15.799999999999955",m,enhanced_speed,"1.829",m/s,,,,,,,,,,,,,,,,,,,,,,,,,,,,,,,,,,,,,,,,,,,,,,,,,,,,,,,,,,,,,,,,,,,,,,,,,,,,,,,,,,,,,,,,,,,,,,,,,,,,,,,,,,,,,,,,,,,,,,,,,,,,,,,,,,,,,,,,,,,,,,,,,,,,,,,,,,,,,,,,,,,
Data,12,record,timestamp,"944871663",s,position_lat,"390376320",semicircles,position_long,"-1398352426",semicircles,distance,"43194.87",m,altitude,"15.799999999999955",m,speed,"1.493",m/s,unknown,"0",,unknown,"100",,heart_rate,"106",bpm,cadence,"0",rpm,fractional_cadence,"0.0",rpm,enhanced_altitude,"15.799999999999955",m,enhanced_speed,"1.493",m/s,,,,,,,,,,,,,,,,,,,,,,,,,,,,,,,,,,,,,,,,,,,,,,,,,,,,,,,,,,,,,,,,,,,,,,,,,,,,,,,,,,,,,,,,,,,,,,,,,,,,,,,,,,,,,,,,,,,,,,,,,,,,,,,,,,,,,,,,,,,,,,,,,,,,,,,,,,,,,,,,,,,
Data,12,record,timestamp,"944871674",s,position_lat,"390378344",semicircles,position_long,"-1398352574",semicircles,distance,"43213.73",m,altitude,"15.799999999999955",m,speed,"1.81",m/s,unknown,"0",,unknown,"100",,heart_rate,"106",bpm,cadence,"0",rpm,fractional_cadence,"0.0",rpm,enhanced_altitude,"15.799999999999955",m,enhanced_speed,"1.81",m/s,,,,,,,,,,,,,,,,,,,,,,,,,,,,,,,,,,,,,,,,,,,,,,,,,,,,,,,,,,,,,,,,,,,,,,,,,,,,,,,,,,,,,,,,,,,,,,,,,,,,,,,,,,,,,,,,,,,,,,,,,,,,,,,,,,,,,,,,,,,,,,,,,,,,,,,,,,,,,,,,,,,
Data,12,record,timestamp,"944871681",s,position_lat,"390379672",semicircles,position_long,"-1398352687",semicircles,distance,"43226.14",m,altitude,"15.799999999999955",m,speed,"1.978",m/s,unknown,"0",,unknown,"100",,heart_rate,"103",bpm,cadence,"0",rpm,fractional_cadence,"0.0",rpm,enhanced_altitude,"15.799999999999955",m,enhanced_speed,"1.978",m/s,,,,,,,,,,,,,,,,,,,,,,,,,,,,,,,,,,,,,,,,,,,,,,,,,,,,,,,,,,,,,,,,,,,,,,,,,,,,,,,,,,,,,,,,,,,,,,,,,,,,,,,,,,,,,,,,,,,,,,,,,,,,,,,,,,,,,,,,,,,,,,,,,,,,,,,,,,,,,,,,,,,
Data,12,record,timestamp,"944871682",s,position_lat,"390379896",semicircles,position_long,"-1398352737",semicircles,distance,"43228.24",m,altitude,"15.799999999999955",m,speed,"2.034",m/s,unknown,"0",,unknown,"100",,heart_rate,"105",bpm,cadence,"0",rpm,fractional_cadence,"0.0",rpm,enhanced_altitude,"15.799999999999955",m,enhanced_speed,"2.034",m/s,,,,,,,,,,,,,,,,,,,,,,,,,,,,,,,,,,,,,,,,,,,,,,,,,,,,,,,,,,,,,,,,,,,,,,,,,,,,,,,,,,,,,,,,,,,,,,,,,,,,,,,,,,,,,,,,,,,,,,,,,,,,,,,,,,,,,,,,,,,,,,,,,,,,,,,,,,,,,,,,,,,
Data,12,record,timestamp,"944871689",s,position_lat,"390381268",semicircles,position_long,"-1398352864",semicircles,distance,"43241.03",m,altitude,"15.799999999999955",m,speed,"2.025",m/s,unknown,"0",,unknown,"100",,heart_rate,"105",bpm,cadence,"0",rpm,fractional_cadence,"0.0",rpm,enhanced_altitude,"15.799999999999955",m,enhanced_speed,"2.025",m/s,,,,,,,,,,,,,,,,,,,,,,,,,,,,,,,,,,,,,,,,,,,,,,,,,,,,,,,,,,,,,,,,,,,,,,,,,,,,,,,,,,,,,,,,,,,,,,,,,,,,,,,,,,,,,,,,,,,,,,,,,,,,,,,,,,,,,,,,,,,,,,,,,,,,,,,,,,,,,,,,,,,
Data,12,record,timestamp,"944871692",s,position_lat,"390381887",semicircles,position_long,"-1398352907",semicircles,distance,"43246.82",m,altitude,"15.799999999999955",m,speed,"1.866",m/s,unknown,"0",,unknown,"100",,heart_rate,"102",bpm,cadence,"0",rpm,fractional_cadence,"0.0",rpm,enhanced_altitude,"15.799999999999955",m,enhanced_speed,"1.866",m/s,,,,,,,,,,,,,,,,,,,,,,,,,,,,,,,,,,,,,,,,,,,,,,,,,,,,,,,,,,,,,,,,,,,,,,,,,,,,,,,,,,,,,,,,,,,,,,,,,,,,,,,,,,,,,,,,,,,,,,,,,,,,,,,,,,,,,,,,,,,,,,,,,,,,,,,,,,,,,,,,,,,
Data,12,record,timestamp,"944871694",s,position_lat,"390382248",semicircles,position_long,"-1398353101",semicircles,distance,"43250.51",m,altitude,"15.799999999999955",m,speed,"1.819",m/s,unknown,"0",,unknown,"100",,heart_rate,"105",bpm,cadence,"0",rpm,fractional_cadence,"0.0",rpm,enhanced_altitude,"15.799999999999955",m,enhanced_speed,"1.819",m/s,,,,,,,,,,,,,,,,,,,,,,,,,,,,,,,,,,,,,,,,,,,,,,,,,,,,,,,,,,,,,,,,,,,,,,,,,,,,,,,,,,,,,,,,,,,,,,,,,,,,,,,,,,,,,,,,,,,,,,,,,,,,,,,,,,,,,,,,,,,,,,,,,,,,,,,,,,,,,,,,,,,
Data,12,record,timestamp,"944871696",s,position_lat,"390382579",semicircles,position_long,"-1398353376",semicircles,distance,"43254.27",m,altitude,"15.799999999999955",m,speed,"1.633",m/s,unknown,"0",,unknown,"100",,heart_rate,"104",bpm,cadence,"0",rpm,fractional_cadence,"0.0",rpm,enhanced_altitude,"15.799999999999955",m,enhanced_speed,"1.633",m/s,,,,,,,,,,,,,,,,,,,,,,,,,,,,,,,,,,,,,,,,,,,,,,,,,,,,,,,,,,,,,,,,,,,,,,,,,,,,,,,,,,,,,,,,,,,,,,,,,,,,,,,,,,,,,,,,,,,,,,,,,,,,,,,,,,,,,,,,,,,,,,,,,,,,,,,,,,,,,,,,,,,
Data,12,record,timestamp,"944871703",s,position_lat,"390382831",semicircles,position_long,"-1398354499",semicircles,distance,"43263.03",m,altitude,"15.799999999999955",m,speed,"1.166",m/s,unknown,"0",,unknown,"100",,heart_rate,"106",bpm,cadence,"0",rpm,fractional_cadence,"0.0",rpm,enhanced_altitude,"15.799999999999955",m,enhanced_speed,"1.166",m/s,,,,,,,,,,,,,,,,,,,,,,,,,,,,,,,,,,,,,,,,,,,,,,,,,,,,,,,,,,,,,,,,,,,,,,,,,,,,,,,,,,,,,,,,,,,,,,,,,,,,,,,,,,,,,,,,,,,,,,,,,,,,,,,,,,,,,,,,,,,,,,,,,,,,,,,,,,,,,,,,,,,
Data,12,record,timestamp,"944871704",s,position_lat,"390382813",semicircles,position_long,"-1398354630",semicircles,distance,"43264.06",m,altitude,"15.799999999999955",m,speed,"1.092",m/s,unknown,"0",,unknown,"100",,heart_rate,"103",bpm,cadence,"0",rpm,fractional_cadence,"0.0",rpm,enhanced_altitude,"15.799999999999955",m,enhanced_speed,"1.092",m/s,,,,,,,,,,,,,,,,,,,,,,,,,,,,,,,,,,,,,,,,,,,,,,,,,,,,,,,,,,,,,,,,,,,,,,,,,,,,,,,,,,,,,,,,,,,,,,,,,,,,,,,,,,,,,,,,,,,,,,,,,,,,,,,,,,,,,,,,,,,,,,,,,,,,,,,,,,,,,,,,,,,
Data,12,record,timestamp,"944871713",s,position_lat,"390382285",semicircles,position_long,"-1398355775",semicircles,distance,"43274.44",m,altitude,"15.799999999999955",m,speed,"1.241",m/s,unknown,"0",,unknown,"100",,heart_rate,"104",bpm,cadence,"0",rpm,fractional_cadence,"0.0",rpm,enhanced_altitude,"15.799999999999955",m,enhanced_speed,"1.241",m/s,,,,,,,,,,,,,,,,,,,,,,,,,,,,,,,,,,,,,,,,,,,,,,,,,,,,,,,,,,,,,,,,,,,,,,,,,,,,,,,,,,,,,,,,,,,,,,,,,,,,,,,,,,,,,,,,,,,,,,,,,,,,,,,,,,,,,,,,,,,,,,,,,,,,,,,,,,,,,,,,,,,
Data,12,record,timestamp,"944871722",s,position_lat,"390381643",semicircles,position_long,"-1398357135",semicircles,distance,"43286.6",m,altitude,"15.799999999999955",m,speed,"1.157",m/s,unknown,"0",,unknown,"100",,heart_rate,"106",bpm,cadence,"0",rpm,fractional_cadence,"0.0",rpm,enhanced_altitude,"15.799999999999955",m,enhanced_speed,"1.157",m/s,,,,,,,,,,,,,,,,,,,,,,,,,,,,,,,,,,,,,,,,,,,,,,,,,,,,,,,,,,,,,,,,,,,,,,,,,,,,,,,,,,,,,,,,,,,,,,,,,,,,,,,,,,,,,,,,,,,,,,,,,,,,,,,,,,,,,,,,,,,,,,,,,,,,,,,,,,,,,,,,,,,
Data,12,record,timestamp,"944871726",s,position_lat,"390381365",semicircles,position_long,"-1398357620",semicircles,distance,"43291.21",m,altitude,"15.799999999999955",m,speed,"1.176",m/s,unknown,"0",,unknown,"100",,heart_rate,"103",bpm,cadence,"0",rpm,fractional_cadence,"0.0",rpm,enhanced_altitude,"15.799999999999955",m,enhanced_speed,"1.176",m/s,,,,,,,,,,,,,,,,,,,,,,,,,,,,,,,,,,,,,,,,,,,,,,,,,,,,,,,,,,,,,,,,,,,,,,,,,,,,,,,,,,,,,,,,,,,,,,,,,,,,,,,,,,,,,,,,,,,,,,,,,,,,,,,,,,,,,,,,,,,,,,,,,,,,,,,,,,,,,,,,,,,
Data,12,record,timestamp,"944871732",s,position_lat,"390381117",semicircles,position_long,"-1398358484",semicircles,distance,"43298.37",m,altitude,"15.799999999999955",m,speed,"0.989",m/s,unknown,"0",,unknown,"100",,heart_rate,"104",bpm,cadence,"0",rpm,fractional_cadence,"0.0",rpm,enhanced_altitude,"15.799999999999955",m,enhanced_speed,"0.989",m/s,,,,,,,,,,,,,,,,,,,,,,,,,,,,,,,,,,,,,,,,,,,,,,,,,,,,,,,,,,,,,,,,,,,,,,,,,,,,,,,,,,,,,,,,,,,,,,,,,,,,,,,,,,,,,,,,,,,,,,,,,,,,,,,,,,,,,,,,,,,,,,,,,,,,,,,,,,,,,,,,,,,
Data,12,record,timestamp,"944871743",s,position_lat,"390380421",semicircles,position_long,"-1398359829",semicircles,distance,"43310.9",m,altitude,"15.799999999999955",m,speed,"1.157",m/s,unknown,"0",,unknown,"100",,heart_rate,"103",bpm,cadence,"0",rpm,fractional_cadence,"0.0",rpm,enhanced_altitude,"15.799999999999955",m,enhanced_speed,"1.157",m/s,,,,,,,,,,,,,,,,,,,,,,,,,,,,,,,,,,,,,,,,,,,,,,,,,,,,,,,,,,,,,,,,,,,,,,,,,,,,,,,,,,,,,,,,,,,,,,,,,,,,,,,,,,,,,,,,,,,,,,,,,,,,,,,,,,,,,,,,,,,,,,,,,,,,,,,,,,,,,,,,,,,
Data,12,record,timestamp,"944871753",s,position_lat,"390379879",semicircles,position_long,"-1398360997",semicircles,distance,"43321.43",m,altitude,"15.799999999999955",m,speed,"0.942",m/s,unknown,"0",,unknown,"100",,heart_rate,"105",bpm,cadence,"0",rpm,fractional_cadence,"0.0",rpm,enhanced_altitude,"15.799999999999955",m,enhanced_speed,"0.942",m/s,,,,,,,,,,,,,,,,,,,,,,,,,,,,,,,,,,,,,,,,,,,,,,,,,,,,,,,,,,,,,,,,,,,,,,,,,,,,,,,,,,,,,,,,,,,,,,,,,,,,,,,,,,,,,,,,,,,,,,,,,,,,,,,,,,,,,,,,,,,,,,,,,,,,,,,,,,,,,,,,,,,
Data,12,record,timestamp,"944871754",s,position_lat,"390379857",semicircles,position_long,"-1398361125",semicircles,distance,"43322.45",m,altitude,"15.799999999999955",m,speed,"0.933",m/s,unknown,"0",,unknown,"100",,heart_rate,"102",bpm,cadence,"0",rpm,fractional_cadence,"0.0",rpm,enhanced_altitude,"15.799999999999955",m,enhanced_speed,"0.933",m/s,,,,,,,,,,,,,,,,,,,,,,,,,,,,,,,,,,,,,,,,,,,,,,,,,,,,,,,,,,,,,,,,,,,,,,,,,,,,,,,,,,,,,,,,,,,,,,,,,,,,,,,,,,,,,,,,,,,,,,,,,,,,,,,,,,,,,,,,,,,,,,,,,,,,,,,,,,,,,,,,,,,
Data,12,record,timestamp,"944871756",s,position_lat,"390379820",semicircles,position_long,"-1398361342",semicircles,distance,"43324.2",m,altitude,"15.799999999999955",m,speed,"0.924",m/s,unknown,"0",,unknown,"100",,heart_rate,"105",bpm,cadence,"0",rpm,fractional_cadence,"0.0",rpm,enhanced_altitude,"15.799999999999955",m,enhanced_speed,"0.924",m/s,,,,,,,,,,,,,,,,,,,,,,,,,,,,,,,,,,,,,,,,,,,,,,,,,,,,,,,,,,,,,,,,,,,,,,,,,,,,,,,,,,,,,,,,,,,,,,,,,,,,,,,,,,,,,,,,,,,,,,,,,,,,,,,,,,,,,,,,,,,,,,,,,,,,,,,,,,,,,,,,,,,
Data,12,record,timestamp,"944871758",s,position_lat,"390379761",semicircles,position_long,"-1398361547",semicircles,distance,"43325.88",m,altitude,"15.799999999999955",m,speed,"0.98",m/s,unknown,"0",,unknown,"100",,heart_rate,"109",bpm,cadence,"0",rpm,fractional_cadence,"0.0",rpm,enhanced_altitude,"15.799999999999955",m,enhanced_speed,"0.98",m/s,,,,,,,,,,,,,,,,,,,,,,,,,,,,,,,,,,,,,,,,,,,,,,,,,,,,,,,,,,,,,,,,,,,,,,,,,,,,,,,,,,,,,,,,,,,,,,,,,,,,,,,,,,,,,,,,,,,,,,,,,,,,,,,,,,,,,,,,,,,,,,,,,,,,,,,,,,,,,,,,,,,
Data,12,record,timestamp,"944871762",s,position_lat,"390379318",semicircles,position_long,"-1398362109",semicircles,distance,"43331.77",m,altitude,"15.799999999999955",m,speed,"1.036",m/s,unknown,"0",,unknown,"100",,heart_rate,"111",bpm,cadence,"0",rpm,fractional_cadence,"0.0",rpm,enhanced_altitude,"15.799999999999955",m,enhanced_speed,"1.036",m/s,,,,,,,,,,,,,,,,,,,,,,,,,,,,,,,,,,,,,,,,,,,,,,,,,,,,,,,,,,,,,,,,,,,,,,,,,,,,,,,,,,,,,,,,,,,,,,,,,,,,,,,,,,,,,,,,,,,,,,,,,,,,,,,,,,,,,,,,,,,,,,,,,,,,,,,,,,,,,,,,,,,
Data,12,record,timestamp,"944871769",s,position_lat,"390378853",semicircles,position_long,"-1398362993",semicircles,distance,"43339.95",m,altitude,"15.799999999999955",m,speed,"1.185",m/s,unknown,"0",,unknown,"100",,heart_rate,"114",bpm,cadence,"0",rpm,fractional_cadence,"0.0",rpm,enhanced_altitude,"15.799999999999955",m,enhanced_speed,"1.185",m/s,,,,,,,,,,,,,,,,,,,,,,,,,,,,,,,,,,,,,,,,,,,,,,,,,,,,,,,,,,,,,,,,,,,,,,,,,,,,,,,,,,,,,,,,,,,,,,,,,,,,,,,,,,,,,,,,,,,,,,,,,,,,,,,,,,,,,,,,,,,,,,,,,,,,,,,,,,,,,,,,,,,
Data,12,record,timestamp,"944871771",s,position_lat,"390378717",semicircles,position_long,"-1398363281",semicircles,distance,"43342.55",m,altitude,"15.799999999999955",m,speed,"1.269",m/s,unknown,"0",,unknown,"100",,heart_rate,"113",bpm,cadence,"0",rpm,fractional_cadence,"0.0",rpm,enhanced_altitude,"15.799999999999955",m,enhanced_speed,"1.269",m/s,,,,,,,,,,,,,,,,,,,,,,,,,,,,,,,,,,,,,,,,,,,,,,,,,,,,,,,,,,,,,,,,,,,,,,,,,,,,,,,,,,,,,,,,,,,,,,,,,,,,,,,,,,,,,,,,,,,,,,,,,,,,,,,,,,,,,,,,,,,,,,,,,,,,,,,,,,,,,,,,,,,
Data,12,record,timestamp,"944871778",s,position_lat,"390378160",semicircles,position_long,"-1398364419",semicircles,distance,"43352.84",m,altitude,"15.799999999999955",m,speed,"1.456",m/s,unknown,"0",,unknown,"100",,heart_rate,"110",bpm,cadence,"0",rpm,fractional_cadence,"0.0",rpm,enhanced_altitude,"15.799999999999955",m,enhanced_speed,"1.456",m/s,,,,,,,,,,,,,,,,,,,,,,,,,,,,,,,,,,,,,,,,,,,,,,,,,,,,,,,,,,,,,,,,,,,,,,,,,,,,,,,,,,,,,,,,,,,,,,,,,,,,,,,,,,,,,,,,,,,,,,,,,,,,,,,,,,,,,,,,,,,,,,,,,,,,,,,,,,,,,,,,,,,
Data,12,record,timestamp,"944871781",s,position_lat,"390377917",semicircles,position_long,"-1398364948",semicircles,distance,"43357.56",m,altitude,"15.799999999999955",m,speed,"1.54",m/s,unknown,"0",,unknown,"100",,heart_rate,"111",bpm,cadence,"0",rpm,fractional_cadence,"0.0",rpm,enhanced_altitude,"15.799999999999955",m,enhanced_speed,"1.54",m/s,,,,,,,,,,,,,,,,,,,,,,,,,,,,,,,,,,,,,,,,,,,,,,,,,,,,,,,,,,,,,,,,,,,,,,,,,,,,,,,,,,,,,,,,,,,,,,,,,,,,,,,,,,,,,,,,,,,,,,,,,,,,,,,,,,,,,,,,,,,,,,,,,,,,,,,,,,,,,,,,,,,
Data,12,record,timestamp,"944871791",s,position_lat,"390377237",semicircles,position_long,"-1398366859",semicircles,distance,"43373.88",m,altitude,"15.799999999999955",m,speed,"1.736",m/s,unknown,"0",,unknown,"100",,heart_rate,"108",bpm,cadence,"0",rpm,fractional_cadence,"0.0",rpm,enhanced_altitude,"15.799999999999955",m,enhanced_speed,"1.736",m/s,,,,,,,,,,,,,,,,,,,,,,,,,,,,,,,,,,,,,,,,,,,,,,,,,,,,,,,,,,,,,,,,,,,,,,,,,,,,,,,,,,,,,,,,,,,,,,,,,,,,,,,,,,,,,,,,,,,,,,,,,,,,,,,,,,,,,,,,,,,,,,,,,,,,,,,,,,,,,,,,,,,
Data,12,record,timestamp,"944871792",s,position_lat,"390377154",semicircles,position_long,"-1398367070",semicircles,distance,"43375.7",m,altitude,"15.799999999999955",m,speed,"1.624",m/s,unknown,"0",,unknown,"100",,heart_rate,"111",bpm,cadence,"0",rpm,fractional_cadence,"0.0",rpm,enhanced_altitude,"15.799999999999955",m,enhanced_speed,"1.624",m/s,,,,,,,,,,,,,,,,,,,,,,,,,,,,,,,,,,,,,,,,,,,,,,,,,,,,,,,,,,,,,,,,,,,,,,,,,,,,,,,,,,,,,,,,,,,,,,,,,,,,,,,,,,,,,,,,,,,,,,,,,,,,,,,,,,,,,,,,,,,,,,,,,,,,,,,,,,,,,,,,,,,
Data,12,record,timestamp,"944871799",s,position_lat,"390376732",semicircles,position_long,"-1398368521",semicircles,distance,"43387.77",m,altitude,"15.799999999999955",m,speed,"1.726",m/s,unknown,"0",,unknown,"100",,heart_rate,"108",bpm,cadence,"0",rpm,fractional_cadence,"0.0",rpm,enhanced_altitude,"15.799999999999955",m,enhanced_speed,"1.726",m/s,,,,,,,,,,,,,,,,,,,,,,,,,,,,,,,,,,,,,,,,,,,,,,,,,,,,,,,,,,,,,,,,,,,,,,,,,,,,,,,,,,,,,,,,,,,,,,,,,,,,,,,,,,,,,,,,,,,,,,,,,,,,,,,,,,,,,,,,,,,,,,,,,,,,,,,,,,,,,,,,,,,
Data,12,record,timestamp,"944871802",s,position_lat,"390376617",semicircles,position_long,"-1398369183",semicircles,distance,"43393.07",m,altitude,"15.799999999999955",m,speed,"1.577",m/s,unknown,"0",,unknown,"100",,heart_rate,"109",bpm,cadence,"0",rpm,fractional_cadence,"0.0",rpm,enhanced_altitude,"15.799999999999955",m,enhanced_speed,"1.577",m/s,,,,,,,,,,,,,,,,,,,,,,,,,,,,,,,,,,,,,,,,,,,,,,,,,,,,,,,,,,,,,,,,,,,,,,,,,,,,,,,,,,,,,,,,,,,,,,,,,,,,,,,,,,,,,,,,,,,,,,,,,,,,,,,,,,,,,,,,,,,,,,,,,,,,,,,,,,,,,,,,,,,
Data,12,record,timestamp,"944871803",s,position_lat,"390376577",semicircles,position_long,"-1398369414",semicircles,distance,"43394.92",m,altitude,"15.799999999999955",m,speed,"1.633",m/s,unknown,"0",,unknown,"100",,heart_rate,"106",bpm,cadence,"0",rpm,fractional_cadence,"0.0",rpm,enhanced_altitude,"15.799999999999955",m,enhanced_speed,"1.633",m/s,,,,,,,,,,,,,,,,,,,,,,,,,,,,,,,,,,,,,,,,,,,,,,,,,,,,,,,,,,,,,,,,,,,,,,,,,,,,,,,,,,,,,,,,,,,,,,,,,,,,,,,,,,,,,,,,,,,,,,,,,,,,,,,,,,,,,,,,,,,,,,,,,,,,,,,,,,,,,,,,,,,
Data,12,record,timestamp,"944871811",s,position_lat,"390376126",semicircles,position_long,"-1398371174",semicircles,distance,"43409.34",m,altitude,"15.799999999999955",m,speed,"1.801",m/s,unknown,"0",,unknown,"100",,heart_rate,"106",bpm,cadence,"0",rpm,fractional_cadence,"0.0",rpm,enhanced_altitude,"15.799999999999955",m,enhanced_speed,"1.801",m/s,,,,,,,,,,,,,,,,,,,,,,,,,,,,,,,,,,,,,,,,,,,,,,,,,,,,,,,,,,,,,,,,,,,,,,,,,,,,,,,,,,,,,,,,,,,,,,,,,,,,,,,,,,,,,,,,,,,,,,,,,,,,,,,,,,,,,,,,,,,,,,,,,,,,,,,,,,,,,,,,,,,
Data,12,record,timestamp,"944871815",s,position_lat,"390375949",semicircles,position_long,"-1398371959",semicircles,distance,"43415.72",m,altitude,"15.799999999999955",m,speed,"1.446",m/s,unknown,"0",,unknown,"100",,heart_rate,"109",bpm,cadence,"0",rpm,fractional_cadence,"0.0",rpm,enhanced_altitude,"15.799999999999955",m,enhanced_speed,"1.446",m/s,,,,,,,,,,,,,,,,,,,,,,,,,,,,,,,,,,,,,,,,,,,,,,,,,,,,,,,,,,,,,,,,,,,,,,,,,,,,,,,,,,,,,,,,,,,,,,,,,,,,,,,,,,,,,,,,,,,,,,,,,,,,,,,,,,,,,,,,,,,,,,,,,,,,,,,,,,,,,,,,,,,
Data,12,record,timestamp,"944871821",s,position_lat,"390375848",semicircles,position_long,"-1398373070",semicircles,distance,"43424.49",m,altitude,"15.799999999999955",m,speed,"1.428",m/s,unknown,"0",,unknown,"100",,heart_rate,"111",bpm,cadence,"0",rpm,fractional_cadence,"0.0",rpm,enhanced_altitude,"15.799999999999955",m,enhanced_speed,"1.428",m/s,,,,,,,,,,,,,,,,,,,,,,,,,,,,,,,,,,,,,,,,,,,,,,,,,,,,,,,,,,,,,,,,,,,,,,,,,,,,,,,,,,,,,,,,,,,,,,,,,,,,,,,,,,,,,,,,,,,,,,,,,,,,,,,,,,,,,,,,,,,,,,,,,,,,,,,,,,,,,,,,,,,
Data,12,record,timestamp,"944871829",s,position_lat,"390375788",semicircles,position_long,"-1398374719",semicircles,distance,"43437.43",m,altitude,"15.799999999999955",m,speed,"1.614",m/s,unknown,"0",,unknown,"100",,heart_rate,"111",bpm,cadence,"0",rpm,fractional_cadence,"0.0",rpm,enhanced_altitude,"15.799999999999955",m,enhanced_speed,"1.614",m/s,,,,,,,,,,,,,,,,,,,,,,,,,,,,,,,,,,,,,,,,,,,,,,,,,,,,,,,,,,,,,,,,,,,,,,,,,,,,,,,,,,,,,,,,,,,,,,,,,,,,,,,,,,,,,,,,,,,,,,,,,,,,,,,,,,,,,,,,,,,,,,,,,,,,,,,,,,,,,,,,,,,
Data,12,record,timestamp,"944871837",s,position_lat,"390375811",semicircles,position_long,"-1398376370",semicircles,distance,"43450.39",m,altitude,"15.799999999999955",m,speed,"1.484",m/s,unknown,"0",,unknown,"100",,heart_rate,"110",bpm,cadence,"0",rpm,fractional_cadence,"0.0",rpm,enhanced_altitude,"15.799999999999955",m,enhanced_speed,"1.484",m/s,,,,,,,,,,,,,,,,,,,,,,,,,,,,,,,,,,,,,,,,,,,,,,,,,,,,,,,,,,,,,,,,,,,,,,,,,,,,,,,,,,,,,,,,,,,,,,,,,,,,,,,,,,,,,,,,,,,,,,,,,,,,,,,,,,,,,,,,,,,,,,,,,,,,,,,,,,,,,,,,,,,
Data,12,record,timestamp,"944871846",s,position_lat,"390375709",semicircles,position_long,"-1398378124",semicircles,distance,"43464.17",m,altitude,"15.799999999999955",m,speed,"1.521",m/s,unknown,"0",,unknown,"100",,heart_rate,"110",bpm,cadence,"0",rpm,fractional_cadence,"0.0",rpm,enhanced_altitude,"15.799999999999955",m,enhanced_speed,"1.521",m/s,,,,,,,,,,,,,,,,,,,,,,,,,,,,,,,,,,,,,,,,,,,,,,,,,,,,,,,,,,,,,,,,,,,,,,,,,,,,,,,,,,,,,,,,,,,,,,,,,,,,,,,,,,,,,,,,,,,,,,,,,,,,,,,,,,,,,,,,,,,,,,,,,,,,,,,,,,,,,,,,,,,
Data,12,record,timestamp,"944871851",s,position_lat,"390375701",semicircles,position_long,"-1398379041",semicircles,distance,"43471.42",m,altitude,"15.799999999999955",m,speed,"1.428",m/s,unknown,"0",,unknown,"100",,heart_rate,"107",bpm,cadence,"0",rpm,fractional_cadence,"0.0",rpm,enhanced_altitude,"15.799999999999955",m,enhanced_speed,"1.428",m/s,,,,,,,,,,,,,,,,,,,,,,,,,,,,,,,,,,,,,,,,,,,,,,,,,,,,,,,,,,,,,,,,,,,,,,,,,,,,,,,,,,,,,,,,,,,,,,,,,,,,,,,,,,,,,,,,,,,,,,,,,,,,,,,,,,,,,,,,,,,,,,,,,,,,,,,,,,,,,,,,,,,
Data,12,record,timestamp,"944871855",s,position_lat,"390375704",semicircles,position_long,"-1398379734",semicircles,distance,"43477.14",m,altitude,"15.799999999999955",m,speed,"1.288",m/s,unknown,"0",,unknown,"100",,heart_rate,"105",bpm,cadence,"0",rpm,fractional_cadence,"0.0",rpm,enhanced_altitude,"15.799999999999955",m,enhanced_speed,"1.288",m/s,,,,,,,,,,,,,,,,,,,,,,,,,,,,,,,,,,,,,,,,,,,,,,,,,,,,,,,,,,,,,,,,,,,,,,,,,,,,,,,,,,,,,,,,,,,,,,,,,,,,,,,,,,,,,,,,,,,,,,,,,,,,,,,,,,,,,,,,,,,,,,,,,,,,,,,,,,,,,,,,,,,
Data,12,record,timestamp,"944871863",s,position_lat,"390375994",semicircles,position_long,"-1398381190",semicircles,distance,"43488.85",m,altitude,"15.799999999999955",m,speed,"1.353",m/s,unknown,"0",,unknown,"100",,heart_rate,"106",bpm,cadence,"0",rpm,fractional_cadence,"0.0",rpm,enhanced_altitude,"15.799999999999955",m,enhanced_speed,"1.353",m/s,,,,,,,,,,,,,,,,,,,,,,,,,,,,,,,,,,,,,,,,,,,,,,,,,,,,,,,,,,,,,,,,,,,,,,,,,,,,,,,,,,,,,,,,,,,,,,,,,,,,,,,,,,,,,,,,,,,,,,,,,,,,,,,,,,,,,,,,,,,,,,,,,,,,,,,,,,,,,,,,,,,
Data,12,record,timestamp,"944871871",s,position_lat,"390376187",semicircles,position_long,"-1398382805",semicircles,distance,"43501.71",m,altitude,"15.799999999999955",m,speed,"1.493",m/s,unknown,"0",,unknown,"100",,heart_rate,"105",bpm,cadence,"0",rpm,fractional_cadence,"0.0",rpm,enhanced_altitude,"15.799999999999955",m,enhanced_speed,"1.493",m/s,,,,,,,,,,,,,,,,,,,,,,,,,,,,,,,,,,,,,,,,,,,,,,,,,,,,,,,,,,,,,,,,,,,,,,,,,,,,,,,,,,,,,,,,,,,,,,,,,,,,,,,,,,,,,,,,,,,,,,,,,,,,,,,,,,,,,,,,,,,,,,,,,,,,,,,,,,,,,,,,,,,
Data,12,record,timestamp,"944871878",s,position_lat,"390376343",semicircles,position_long,"-1398384229",semicircles,distance,"43513.04",m,altitude,"15.799999999999955",m,speed,"1.624",m/s,unknown,"0",,unknown,"100",,heart_rate,"105",bpm,cadence,"0",rpm,fractional_cadence,"0.0",rpm,enhanced_altitude,"15.799999999999955",m,enhanced_speed,"1.624",m/s,,,,,,,,,,,,,,,,,,,,,,,,,,,,,,,,,,,,,,,,,,,,,,,,,,,,,,,,,,,,,,,,,,,,,,,,,,,,,,,,,,,,,,,,,,,,,,,,,,,,,,,,,,,,,,,,,,,,,,,,,,,,,,,,,,,,,,,,,,,,,,,,,,,,,,,,,,,,,,,,,,,
Data,12,record,timestamp,"944871887",s,position_lat,"390376591",semicircles,position_long,"-1398386117",semicircles,distance,"43528.06",m,altitude,"15.799999999999955",m,speed,"1.708",m/s,unknown,"0",,unknown,"100",,heart_rate,"104",bpm,cadence,"0",rpm,fractional_cadence,"0.0",rpm,enhanced_altitude,"15.799999999999955",m,enhanced_speed,"1.708",m/s,,,,,,,,,,,,,,,,,,,,,,,,,,,,,,,,,,,,,,,,,,,,,,,,,,,,,,,,,,,,,,,,,,,,,,,,,,,,,,,,,,,,,,,,,,,,,,,,,,,,,,,,,,,,,,,,,,,,,,,,,,,,,,,,,,,,,,,,,,,,,,,,,,,,,,,,,,,,,,,,,,,
Data,12,record,timestamp,"944871897",s,position_lat,"390376812",semicircles,position_long,"-1398388220",semicircles,distance,"43544.73",m,altitude,"15.799999999999955",m,speed,"1.642",m/s,unknown,"0",,unknown,"100",,heart_rate,"104",bpm,cadence,"0",rpm,fractional_cadence,"0.0",rpm,enhanced_altitude,"15.799999999999955",m,enhanced_speed,"1.642",m/s,,,,,,,,,,,,,,,,,,,,,,,,,,,,,,,,,,,,,,,,,,,,,,,,,,,,,,,,,,,,,,,,,,,,,,,,,,,,,,,,,,,,,,,,,,,,,,,,,,,,,,,,,,,,,,,,,,,,,,,,,,,,,,,,,,,,,,,,,,,,,,,,,,,,,,,,,,,,,,,,,,,
Data,12,record,timestamp,"944871905",s,position_lat,"390377180",semicircles,position_long,"-1398389658",semicircles,distance,"43556.6",m,altitude,"15.799999999999955",m,speed,"1.362",m/s,unknown,"0",,unknown,"100",,heart_rate,"103",bpm,cadence,"0",rpm,fractional_cadence,"0.0",rpm,enhanced_altitude,"15.799999999999955",m,enhanced_speed,"1.362",m/s,,,,,,,,,,,,,,,,,,,,,,,,,,,,,,,,,,,,,,,,,,,,,,,,,,,,,,,,,,,,,,,,,,,,,,,,,,,,,,,,,,,,,,,,,,,,,,,,,,,,,,,,,,,,,,,,,,,,,,,,,,,,,,,,,,,,,,,,,,,,,,,,,,,,,,,,,,,,,,,,,,,
Data,12,record,timestamp,"944871913",s,position_lat,"390377710",semicircles,position_long,"-1398390765",semicircles,distance,"43566.59",m,altitude,"15.799999999999955",m,speed,"0.961",m/s,unknown,"0",,unknown,"100",,heart_rate,"103",bpm,cadence,"0",rpm,fractional_cadence,"0.0",rpm,enhanced_altitude,"15.799999999999955",m,enhanced_speed,"0.961",m/s,,,,,,,,,,,,,,,,,,,,,,,,,,,,,,,,,,,,,,,,,,,,,,,,,,,,,,,,,,,,,,,,,,,,,,,,,,,,,,,,,,,,,,,,,,,,,,,,,,,,,,,,,,,,,,,,,,,,,,,,,,,,,,,,,,,,,,,,,,,,,,,,,,,,,,,,,,,,,,,,,,,
Data,12,record,timestamp,"944871922",s,position_lat,"390378306",semicircles,position_long,"-1398391715",semicircles,distance,"43575.89",m,altitude,"15.799999999999955",m,speed,"0.784",m/s,unknown,"0",,unknown,"100",,heart_rate,"104",bpm,cadence,"0",rpm,fractional_cadence,"0.0",rpm,enhanced_altitude,"15.799999999999955",m,enhanced_speed,"0.784",m/s,,,,,,,,,,,,,,,,,,,,,,,,,,,,,,,,,,,,,,,,,,,,,,,,,,,,,,,,,,,,,,,,,,,,,,,,,,,,,,,,,,,,,,,,,,,,,,,,,,,,,,,,,,,,,,,,,,,,,,,,,,,,,,,,,,,,,,,,,,,,,,,,,,,,,,,,,,,,,,,,,,,
Data,12,record,timestamp,"944871930",s,position_lat,"390378713",semicircles,position_long,"-1398392225",semicircles,distance,"43581.46",m,altitude,"15.799999999999955",m,speed,"0.0",m/s,unknown,"0",,unknown,"100",,heart_rate,"100",bpm,cadence,"0",rpm,fractional_cadence,"0.0",rpm,enhanced_altitude,"15.799999999999955",m,enhanced_speed,"0.0",m/s,,,,,,,,,,,,,,,,,,,,,,,,,,,,,,,,,,,,,,,,,,,,,,,,,,,,,,,,,,,,,,,,,,,,,,,,,,,,,,,,,,,,,,,,,,,,,,,,,,,,,,,,,,,,,,,,,,,,,,,,,,,,,,,,,,,,,,,,,,,,,,,,,,,,,,,,,,,,,,,,,,,
Data,12,record,timestamp,"944871931",s,position_lat,"390378761",semicircles,position_long,"-1398392255",semicircles,distance,"43581.96",m,altitude,"15.799999999999955",m,speed,"0.0",m/s,unknown,"0",,unknown,"100",,heart_rate,"103",bpm,cadence,"0",rpm,fractional_cadence,"0.0",rpm,enhanced_altitude,"15.799999999999955",m,enhanced_speed,"0.0",m/s,,,,,,,,,,,,,,,,,,,,,,,,,,,,,,,,,,,,,,,,,,,,,,,,,,,,,,,,,,,,,,,,,,,,,,,,,,,,,,,,,,,,,,,,,,,,,,,,,,,,,,,,,,,,,,,,,,,,,,,,,,,,,,,,,,,,,,,,,,,,,,,,,,,,,,,,,,,,,,,,,,,
Data,12,record,timestamp,"944871934",s,position_lat,"390378824",semicircles,position_long,"-1398392314",semicircles,distance,"43582.69",m,altitude,"15.799999999999955",m,speed,"0.0",m/s,unknown,"0",,unknown,"100",,heart_rate,"102",bpm,cadence,"0",rpm,fractional_cadence,"0.0",rpm,enhanced_altitude,"15.799999999999955",m,enhanced_speed,"0.0",m/s,,,,,,,,,,,,,,,,,,,,,,,,,,,,,,,,,,,,,,,,,,,,,,,,,,,,,,,,,,,,,,,,,,,,,,,,,,,,,,,,,,,,,,,,,,,,,,,,,,,,,,,,,,,,,,,,,,,,,,,,,,,,,,,,,,,,,,,,,,,,,,,,,,,,,,,,,,,,,,,,,,,
Data,12,record,timestamp,"944871937",s,position_lat,"390378851",semicircles,position_long,"-1398392341",semicircles,distance,"43583.02",m,altitude,"15.799999999999955",m,speed,"0.0",m/s,unknown,"0",,unknown,"100",,heart_rate,"105",bpm,cadence,"0",rpm,fractional_cadence,"0.0",rpm,enhanced_altitude,"15.799999999999955",m,enhanced_speed,"0.0",m/s,,,,,,,,,,,,,,,,,,,,,,,,,,,,,,,,,,,,,,,,,,,,,,,,,,,,,,,,,,,,,,,,,,,,,,,,,,,,,,,,,,,,,,,,,,,,,,,,,,,,,,,,,,,,,,,,,,,,,,,,,,,,,,,,,,,,,,,,,,,,,,,,,,,,,,,,,,,,,,,,,,,
Data,12,record,timestamp,"944871942",s,position_lat,"390378846",semicircles,position_long,"-1398392226",semicircles,distance,"43583.81",m,altitude,"15.799999999999955",m,speed,"0.0",m/s,unknown,"0",,unknown,"100",,heart_rate,"101",bpm,cadence,"0",rpm,fractional_cadence,"0.0",rpm,enhanced_altitude,"15.799999999999955",m,enhanced_speed,"0.0",m/s,,,,,,,,,,,,,,,,,,,,,,,,,,,,,,,,,,,,,,,,,,,,,,,,,,,,,,,,,,,,,,,,,,,,,,,,,,,,,,,,,,,,,,,,,,,,,,,,,,,,,,,,,,,,,,,,,,,,,,,,,,,,,,,,,,,,,,,,,,,,,,,,,,,,,,,,,,,,,,,,,,,
Data,12,record,timestamp,"944871943",s,position_lat,"390378853",semicircles,position_long,"-1398392201",semicircles,distance,"43584.01",m,altitude,"15.799999999999955",m,speed,"0.0",m/s,unknown,"0",,unknown,"100",,heart_rate,"104",bpm,cadence,"0",rpm,fractional_cadence,"0.0",rpm,enhanced_altitude,"15.799999999999955",m,enhanced_speed,"0.0",m/s,,,,,,,,,,,,,,,,,,,,,,,,,,,,,,,,,,,,,,,,,,,,,,,,,,,,,,,,,,,,,,,,,,,,,,,,,,,,,,,,,,,,,,,,,,,,,,,,,,,,,,,,,,,,,,,,,,,,,,,,,,,,,,,,,,,,,,,,,,,,,,,,,,,,,,,,,,,,,,,,,,,
Data,12,record,timestamp,"944871948",s,position_lat,"390378854",semicircles,position_long,"-1398391974",semicircles,distance,"43585.93",m,altitude,"15.799999999999955",m,speed,"0.448",m/s,unknown,"0",,unknown,"100",,heart_rate,"101",bpm,cadence,"0",rpm,fractional_cadence,"0.0",rpm,enhanced_altitude,"15.799999999999955",m,enhanced_speed,"0.448",m/s,,,,,,,,,,,,,,,,,,,,,,,,,,,,,,,,,,,,,,,,,,,,,,,,,,,,,,,,,,,,,,,,,,,,,,,,,,,,,,,,,,,,,,,,,,,,,,,,,,,,,,,,,,,,,,,,,,,,,,,,,,,,,,,,,,,,,,,,,,,,,,,,,,,,,,,,,,,,,,,,,,,
Data,12,record,timestamp,"944871961",s,position_lat,"390378571",semicircles,position_long,"-1398391291",semicircles,distance,"43591.98",m,altitude,"15.799999999999955",m,speed,"0.662",m/s,unknown,"0",,unknown,"100",,heart_rate,"102",bpm,cadence,"0",rpm,fractional_cadence,"0.0",rpm,enhanced_altitude,"15.799999999999955",m,enhanced_speed,"0.662",m/s,,,,,,,,,,,,,,,,,,,,,,,,,,,,,,,,,,,,,,,,,,,,,,,,,,,,,,,,,,,,,,,,,,,,,,,,,,,,,,,,,,,,,,,,,,,,,,,,,,,,,,,,,,,,,,,,,,,,,,,,,,,,,,,,,,,,,,,,,,,,,,,,,,,,,,,,,,,,,,,,,,,
Data,12,record,timestamp,"944871975",s,position_lat,"390378407",semicircles,position_long,"-1398390626",semicircles,distance,"43598.4",m,altitude,"15.799999999999955",m,speed,"0.0",m/s,unknown,"0",,unknown,"100",,heart_rate,"102",bpm,cadence,"0",rpm,fractional_cadence,"0.0",rpm,enhanced_altitude,"15.799999999999955",m,enhanced_speed,"0.0",m/s,,,,,,,,,,,,,,,,,,,,,,,,,,,,,,,,,,,,,,,,,,,,,,,,,,,,,,,,,,,,,,,,,,,,,,,,,,,,,,,,,,,,,,,,,,,,,,,,,,,,,,,,,,,,,,,,,,,,,,,,,,,,,,,,,,,,,,,,,,,,,,,,,,,,,,,,,,,,,,,,,,,
Data,12,record,timestamp,"944871985",s,position_lat,"390379287",semicircles,position_long,"-1398391040",semicircles,distance,"43606.98",m,altitude,"15.799999999999955",m,speed,"1.148",m/s,unknown,"0",,unknown,"100",,heart_rate,"101",bpm,cadence,"0",rpm,fractional_cadence,"0.0",rpm,enhanced_altitude,"15.799999999999955",m,enhanced_speed,"1.148",m/s,,,,,,,,,,,,,,,,,,,,,,,,,,,,,,,,,,,,,,,,,,,,,,,,,,,,,,,,,,,,,,,,,,,,,,,,,,,,,,,,,,,,,,,,,,,,,,,,,,,,,,,,,,,,,,,,,,,,,,,,,,,,,,,,,,,,,,,,,,,,,,,,,,,,,,,,,,,,,,,,,,,
Data,12,record,timestamp,"944871997",s,position_lat,"390380649",semicircles,position_long,"-1398392242",semicircles,distance,"43622.85",m,altitude,"15.799999999999955",m,speed,"1.064",m/s,unknown,"0",,unknown,"100",,heart_rate,"101",bpm,cadence,"0",rpm,fractional_cadence,"0.0",rpm,enhanced_altitude,"15.799999999999955",m,enhanced_speed,"1.064",m/s,,,,,,,,,,,,,,,,,,,,,,,,,,,,,,,,,,,,,,,,,,,,,,,,,,,,,,,,,,,,,,,,,,,,,,,,,,,,,,,,,,,,,,,,,,,,,,,,,,,,,,,,,,,,,,,,,,,,,,,,,,,,,,,,,,,,,,,,,,,,,,,,,,,,,,,,,,,,,,,,,,,
Data,12,record,timestamp,"944872010",s,position_lat,"390381612",semicircles,position_long,"-1398393282",semicircles,distance,"43634.95",m,altitude,"15.799999999999955",m,speed,"0.625",m/s,unknown,"0",,unknown,"100",,heart_rate,"101",bpm,cadence,"0",rpm,fractional_cadence,"0.0",rpm,enhanced_altitude,"15.799999999999955",m,enhanced_speed,"0.625",m/s,,,,,,,,,,,,,,,,,,,,,,,,,,,,,,,,,,,,,,,,,,,,,,,,,,,,,,,,,,,,,,,,,,,,,,,,,,,,,,,,,,,,,,,,,,,,,,,,,,,,,,,,,,,,,,,,,,,,,,,,,,,,,,,,,,,,,,,,,,,,,,,,,,,,,,,,,,,,,,,,,,,
Data,12,record,timestamp,"944872017",s,position_lat,"390381838",semicircles,position_long,"-1398393286",semicircles,distance,"43637.05",m,altitude,"15.799999999999955",m,speed,"0.0",m/s,unknown,"0",,unknown,"100",,heart_rate,"104",bpm,cadence,"0",rpm,fractional_cadence,"0.0",rpm,enhanced_altitude,"15.799999999999955",m,enhanced_speed,"0.0",m/s,,,,,,,,,,,,,,,,,,,,,,,,,,,,,,,,,,,,,,,,,,,,,,,,,,,,,,,,,,,,,,,,,,,,,,,,,,,,,,,,,,,,,,,,,,,,,,,,,,,,,,,,,,,,,,,,,,,,,,,,,,,,,,,,,,,,,,,,,,,,,,,,,,,,,,,,,,,,,,,,,,,
Data,12,record,timestamp,"944872018",s,position_lat,"390381849",semicircles,position_long,"-1398393279",semicircles,distance,"43637.15",m,altitude,"15.799999999999955",m,speed,"0.0",m/s,unknown,"0",,unknown,"100",,heart_rate,"107",bpm,cadence,"0",rpm,fractional_cadence,"0.0",rpm,enhanced_altitude,"15.799999999999955",m,enhanced_speed,"0.0",m/s,,,,,,,,,,,,,,,,,,,,,,,,,,,,,,,,,,,,,,,,,,,,,,,,,,,,,,,,,,,,,,,,,,,,,,,,,,,,,,,,,,,,,,,,,,,,,,,,,,,,,,,,,,,,,,,,,,,,,,,,,,,,,,,,,,,,,,,,,,,,,,,,,,,,,,,,,,,,,,,,,,,
Data,12,record,timestamp,"944872022",s,position_lat,"390382033",semicircles,position_long,"-1398393269",semicircles,distance,"43638.94",m,altitude,"15.799999999999955",m,speed,"0.448",m/s,unknown,"0",,unknown,"100",,heart_rate,"109",bpm,cadence,"70",rpm,fractional_cadence,"0.0",rpm,enhanced_altitude,"15.799999999999955",m,enhanced_speed,"0.448",m/s,,,,,,,,,,,,,,,,,,,,,,,,,,,,,,,,,,,,,,,,,,,,,,,,,,,,,,,,,,,,,,,,,,,,,,,,,,,,,,,,,,,,,,,,,,,,,,,,,,,,,,,,,,,,,,,,,,,,,,,,,,,,,,,,,,,,,,,,,,,,,,,,,,,,,,,,,,,,,,,,,,,
Data,12,record,timestamp,"944872024",s,position_lat,"390382229",semicircles,position_long,"-1398393320",semicircles,distance,"43640.8",m,altitude,"15.799999999999955",m,speed,"0.69",m/s,unknown,"0",,unknown,"100",,heart_rate,"112",bpm,cadence,"70",rpm,fractional_cadence,"0.0",rpm,enhanced_altitude,"15.799999999999955",m,enhanced_speed,"0.69",m/s,,,,,,,,,,,,,,,,,,,,,,,,,,,,,,,,,,,,,,,,,,,,,,,,,,,,,,,,,,,,,,,,,,,,,,,,,,,,,,,,,,,,,,,,,,,,,,,,,,,,,,,,,,,,,,,,,,,,,,,,,,,,,,,,,,,,,,,,,,,,,,,,,,,,,,,,,,,,,,,,,,,
Data,12,record,timestamp,"944872026",s,position_lat,"390382432",semicircles,position_long,"-1398393378",semicircles,distance,"43642.74",m,altitude,"15.799999999999955",m,speed,"0.784",m/s,unknown,"0",,unknown,"100",,heart_rate,"116",bpm,cadence,"70",rpm,fractional_cadence,"0.0",rpm,enhanced_altitude,"15.799999999999955",m,enhanced_speed,"0.784",m/s,,,,,,,,,,,,,,,,,,,,,,,,,,,,,,,,,,,,,,,,,,,,,,,,,,,,,,,,,,,,,,,,,,,,,,,,,,,,,,,,,,,,,,,,,,,,,,,,,,,,,,,,,,,,,,,,,,,,,,,,,,,,,,,,,,,,,,,,,,,,,,,,,,,,,,,,,,,,,,,,,,,
Data,12,record,timestamp,"944872030",s,position_lat,"390382944",semicircles,position_long,"-1398393567",semicircles,distance,"43647.72",m,altitude,"16.200000000000045",m,speed,"1.148",m/s,unknown,"0",,unknown,"100",,heart_rate,"119",bpm,cadence,"61",rpm,fractional_cadence,"0.0",rpm,enhanced_altitude,"16.200000000000045",m,enhanced_speed,"1.148",m/s,,,,,,,,,,,,,,,,,,,,,,,,,,,,,,,,,,,,,,,,,,,,,,,,,,,,,,,,,,,,,,,,,,,,,,,,,,,,,,,,,,,,,,,,,,,,,,,,,,,,,,,,,,,,,,,,,,,,,,,,,,,,,,,,,,,,,,,,,,,,,,,,,,,,,,,,,,,,,,,,,,,
Data,12,record,timestamp,"944872033",s,position_lat,"390383591",semicircles,position_long,"-1398393775",semicircles,distance,"43653.92",m,altitude,"16.399999999999977",m,speed,"1.54",m/s,unknown,"0",,unknown,"100",,heart_rate,"121",bpm,cadence,"61",rpm,fractional_cadence,"0.0",rpm,enhanced_altitude,"16.399999999999977",m,enhanced_speed,"1.54",m/s,,,,,,,,,,,,,,,,,,,,,,,,,,,,,,,,,,,,,,,,,,,,,,,,,,,,,,,,,,,,,,,,,,,,,,,,,,,,,,,,,,,,,,,,,,,,,,,,,,,,,,,,,,,,,,,,,,,,,,,,,,,,,,,,,,,,,,,,,,,,,,,,,,,,,,,,,,,,,,,,,,,
Data,12,record,timestamp,"944872041",s,position_lat,"390384632",semicircles,position_long,"-1398394927",semicircles,distance,"43667.41",m,altitude,"16.600000000000023",m,speed,"1.791",m/s,unknown,"0",,unknown,"100",,heart_rate,"122",bpm,cadence,"0",rpm,fractional_cadence,"0.0",rpm,enhanced_altitude,"16.600000000000023",m,enhanced_speed,"1.791",m/s,,,,,,,,,,,,,,,,,,,,,,,,,,,,,,,,,,,,,,,,,,,,,,,,,,,,,,,,,,,,,,,,,,,,,,,,,,,,,,,,,,,,,,,,,,,,,,,,,,,,,,,,,,,,,,,,,,,,,,,,,,,,,,,,,,,,,,,,,,,,,,,,,,,,,,,,,,,,,,,,,,,
Data,12,record,timestamp,"944872043",s,position_lat,"390384772",semicircles,position_long,"-1398395365",semicircles,distance,"43671.1",m,altitude,"16.600000000000023",m,speed,"1.642",m/s,unknown,"0",,unknown,"100",,heart_rate,"119",bpm,cadence,"0",rpm,fractional_cadence,"0.0",rpm,enhanced_altitude,"16.600000000000023",m,enhanced_speed,"1.642",m/s,,,,,,,,,,,,,,,,,,,,,,,,,,,,,,,,,,,,,,,,,,,,,,,,,,,,,,,,,,,,,,,,,,,,,,,,,,,,,,,,,,,,,,,,,,,,,,,,,,,,,,,,,,,,,,,,,,,,,,,,,,,,,,,,,,,,,,,,,,,,,,,,,,,,,,,,,,,,,,,,,,,
Data,12,record,timestamp,"944872047",s,position_lat,"390384840",semicircles,position_long,"-1398396403",semicircles,distance,"43679.27",m,altitude,"16.600000000000023",m,speed,"1.847",m/s,unknown,"0",,unknown,"100",,heart_rate,"122",bpm,cadence,"79",rpm,fractional_cadence,"0.5",rpm,enhanced_altitude,"16.600000000000023",m,enhanced_speed,"1.847",m/s,,,,,,,,,,,,,,,,,,,,,,,,,,,,,,,,,,,,,,,,,,,,,,,,,,,,,,,,,,,,,,,,,,,,,,,,,,,,,,,,,,,,,,,,,,,,,,,,,,,,,,,,,,,,,,,,,,,,,,,,,,,,,,,,,,,,,,,,,,,,,,,,,,,,,,,,,,,,,,,,,,,
Data,12,record,timestamp,"944872048",s,position_lat,"390384841",semicircles,position_long,"-1398396647",semicircles,distance,"43681.19",m,altitude,"16.600000000000023",m,speed,"1.726",m/s,unknown,"0",,unknown,"100",,heart_rate,"120",bpm,cadence,"79",rpm,fractional_cadence,"0.5",rpm,enhanced_altitude,"16.600000000000023",m,enhanced_speed,"1.726",m/s,,,,,,,,,,,,,,,,,,,,,,,,,,,,,,,,,,,,,,,,,,,,,,,,,,,,,,,,,,,,,,,,,,,,,,,,,,,,,,,,,,,,,,,,,,,,,,,,,,,,,,,,,,,,,,,,,,,,,,,,,,,,,,,,,,,,,,,,,,,,,,,,,,,,,,,,,,,,,,,,,,,
Data,12,record,timestamp,"944872051",s,position_lat,"390384822",semicircles,position_long,"-1398397332",semicircles,distance,"43686.52",m,altitude,"16.600000000000023",m,speed,"1.782",m/s,unknown,"0",,unknown,"100",,heart_rate,"116",bpm,cadence,"0",rpm,fractional_cadence,"0.0",rpm,enhanced_altitude,"16.600000000000023",m,enhanced_speed,"1.782",m/s,,,,,,,,,,,,,,,,,,,,,,,,,,,,,,,,,,,,,,,,,,,,,,,,,,,,,,,,,,,,,,,,,,,,,,,,,,,,,,,,,,,,,,,,,,,,,,,,,,,,,,,,,,,,,,,,,,,,,,,,,,,,,,,,,,,,,,,,,,,,,,,,,,,,,,,,,,,,,,,,,,,
Data,12,record,timestamp,"944872053",s,position_lat,"390384729",semicircles,position_long,"-1398397824",semicircles,distance,"43690.49",m,altitude,"16.600000000000023",m,speed,"1.866",m/s,unknown,"0",,unknown,"100",,heart_rate,"112",bpm,cadence,"0",rpm,fractional_cadence,"0.0",rpm,enhanced_altitude,"16.600000000000023",m,enhanced_speed,"1.866",m/s,,,,,,,,,,,,,,,,,,,,,,,,,,,,,,,,,,,,,,,,,,,,,,,,,,,,,,,,,,,,,,,,,,,,,,,,,,,,,,,,,,,,,,,,,,,,,,,,,,,,,,,,,,,,,,,,,,,,,,,,,,,,,,,,,,,,,,,,,,,,,,,,,,,,,,,,,,,,,,,,,,,
Data,12,record,timestamp,"944872054",s,position_lat,"390384668",semicircles,position_long,"-1398398101",semicircles,distance,"43692.73",m,altitude,"16.600000000000023",m,speed,"1.95",m/s,unknown,"0",,unknown,"100",,heart_rate,"113",bpm,cadence,"0",rpm,fractional_cadence,"0.0",rpm,enhanced_altitude,"16.600000000000023",m,enhanced_speed,"1.95",m/s,,,,,,,,,,,,,,,,,,,,,,,,,,,,,,,,,,,,,,,,,,,,,,,,,,,,,,,,,,,,,,,,,,,,,,,,,,,,,,,,,,,,,,,,,,,,,,,,,,,,,,,,,,,,,,,,,,,,,,,,,,,,,,,,,,,,,,,,,,,,,,,,,,,,,,,,,,,,,,,,,,,
Data,12,record,timestamp,"944872061",s,position_lat,"390384326",semicircles,position_long,"-1398400139",semicircles,distance,"43709.06",m,altitude,"16.399999999999977",m,speed,"2.155",m/s,unknown,"0",,unknown,"100",,heart_rate,"112",bpm,cadence,"0",rpm,fractional_cadence,"0.0",rpm,enhanced_altitude,"16.399999999999977",m,enhanced_speed,"2.155",m/s,,,,,,,,,,,,,,,,,,,,,,,,,,,,,,,,,,,,,,,,,,,,,,,,,,,,,,,,,,,,,,,,,,,,,,,,,,,,,,,,,,,,,,,,,,,,,,,,,,,,,,,,,,,,,,,,,,,,,,,,,,,,,,,,,,,,,,,,,,,,,,,,,,,,,,,,,,,,,,,,,,,
Data,12,record,timestamp,"944872063",s,position_lat,"390384189",semicircles,position_long,"-1398400668",semicircles,distance,"43713.41",m,altitude,"16.399999999999977",m,speed,"2.165",m/s,unknown,"0",,unknown,"100",,heart_rate,"115",bpm,cadence,"0",rpm,fractional_cadence,"0.0",rpm,enhanced_altitude,"16.399999999999977",m,enhanced_speed,"2.165",m/s,,,,,,,,,,,,,,,,,,,,,,,,,,,,,,,,,,,,,,,,,,,,,,,,,,,,,,,,,,,,,,,,,,,,,,,,,,,,,,,,,,,,,,,,,,,,,,,,,,,,,,,,,,,,,,,,,,,,,,,,,,,,,,,,,,,,,,,,,,,,,,,,,,,,,,,,,,,,,,,,,,,
Data,12,record,timestamp,"944872067",s,position_lat,"390383714",semicircles,position_long,"-1398401794",semicircles,distance,"43723.32",m,altitude,"16.399999999999977",m,speed,"2.146",m/s,unknown,"0",,unknown,"100",,heart_rate,"112",bpm,cadence,"0",rpm,fractional_cadence,"0.0",rpm,enhanced_altitude,"16.399999999999977",m,enhanced_speed,"2.146",m/s,,,,,,,,,,,,,,,,,,,,,,,,,,,,,,,,,,,,,,,,,,,,,,,,,,,,,,,,,,,,,,,,,,,,,,,,,,,,,,,,,,,,,,,,,,,,,,,,,,,,,,,,,,,,,,,,,,,,,,,,,,,,,,,,,,,,,,,,,,,,,,,,,,,,,,,,,,,,,,,,,,,
Data,12,record,timestamp,"944872069",s,position_lat,"390383521",semicircles,position_long,"-1398402324",semicircles,distance,"43727.85",m,altitude,"16.399999999999977",m,speed,"2.323",m/s,unknown,"0",,unknown,"300",,heart_rate,"112",bpm,cadence,"0",rpm,fractional_cadence,"0.0",rpm,enhanced_altitude,"16.399999999999977",m,enhanced_speed,"2.323",m/s,,,,,,,,,,,,,,,,,,,,,,,,,,,,,,,,,,,,,,,,,,,,,,,,,,,,,,,,,,,,,,,,,,,,,,,,,,,,,,,,,,,,,,,,,,,,,,,,,,,,,,,,,,,,,,,,,,,,,,,,,,,,,,,,,,,,,,,,,,,,,,,,,,,,,,,,,,,,,,,,,,,
Data,12,record,timestamp,"944872075",s,position_lat,"390382923",semicircles,position_long,"-1398403974",semicircles,distance,"43741.97",m,altitude,"16.600000000000023",m,speed,"2.454",m/s,unknown,"0",,unknown,"300",,heart_rate,"109",bpm,cadence,"0",rpm,fractional_cadence,"0.0",rpm,enhanced_altitude,"16.600000000000023",m,enhanced_speed,"2.454",m/s,,,,,,,,,,,,,,,,,,,,,,,,,,,,,,,,,,,,,,,,,,,,,,,,,,,,,,,,,,,,,,,,,,,,,,,,,,,,,,,,,,,,,,,,,,,,,,,,,,,,,,,,,,,,,,,,,,,,,,,,,,,,,,,,,,,,,,,,,,,,,,,,,,,,,,,,,,,,,,,,,,,
Data,12,record,timestamp,"944872076",s,position_lat,"390382864",semicircles,position_long,"-1398404248",semicircles,distance,"43744.16",m,altitude,"16.600000000000023",m,speed,"2.407",m/s,unknown,"0",,unknown,"300",,heart_rate,"106",bpm,cadence,"0",rpm,fractional_cadence,"0.0",rpm,enhanced_altitude,"16.600000000000023",m,enhanced_speed,"2.407",m/s,,,,,,,,,,,,,,,,,,,,,,,,,,,,,,,,,,,,,,,,,,,,,,,,,,,,,,,,,,,,,,,,,,,,,,,,,,,,,,,,,,,,,,,,,,,,,,,,,,,,,,,,,,,,,,,,,,,,,,,,,,,,,,,,,,,,,,,,,,,,,,,,,,,,,,,,,,,,,,,,,,,
Data,12,record,timestamp,"944872080",s,position_lat,"390382597",semicircles,position_long,"-1398405277",semicircles,distance,"43752.58",m,altitude,"16.600000000000023",m,speed,"2.211",m/s,unknown,"0",,unknown,"100",,heart_rate,"106",bpm,cadence,"0",rpm,fractional_cadence,"0.0",rpm,enhanced_altitude,"16.600000000000023",m,enhanced_speed,"2.211",m/s,,,,,,,,,,,,,,,,,,,,,,,,,,,,,,,,,,,,,,,,,,,,,,,,,,,,,,,,,,,,,,,,,,,,,,,,,,,,,,,,,,,,,,,,,,,,,,,,,,,,,,,,,,,,,,,,,,,,,,,,,,,,,,,,,,,,,,,,,,,,,,,,,,,,,,,,,,,,,,,,,,,
Data,12,record,timestamp,"944872088",s,position_lat,"390382114",semicircles,position_long,"-1398407818",semicircles,distance,"43773.08",m,altitude,"16.600000000000023",m,speed,"2.622",m/s,unknown,"0",,unknown,"100",,heart_rate,"103",bpm,cadence,"0",rpm,fractional_cadence,"0.0",rpm,enhanced_altitude,"16.600000000000023",m,enhanced_speed,"2.622",m/s,,,,,,,,,,,,,,,,,,,,,,,,,,,,,,,,,,,,,,,,,,,,,,,,,,,,,,,,,,,,,,,,,,,,,,,,,,,,,,,,,,,,,,,,,,,,,,,,,,,,,,,,,,,,,,,,,,,,,,,,,,,,,,,,,,,,,,,,,,,,,,,,,,,,,,,,,,,,,,,,,,,
Data,12,record,timestamp,"944872090",s,position_lat,"390381963",semicircles,position_long,"-1398408534",semicircles,distance,"43778.87",m,altitude,"16.600000000000023",m,speed,"2.51",m/s,unknown,"0",,unknown,"100",,heart_rate,"103",bpm,cadence,"0",rpm,fractional_cadence,"0.0",rpm,enhanced_altitude,"16.600000000000023",m,enhanced_speed,"2.51",m/s,,,,,,,,,,,,,,,,,,,,,,,,,,,,,,,,,,,,,,,,,,,,,,,,,,,,,,,,,,,,,,,,,,,,,,,,,,,,,,,,,,,,,,,,,,,,,,,,,,,,,,,,,,,,,,,,,,,,,,,,,,,,,,,,,,,,,,,,,,,,,,,,,,,,,,,,,,,,,,,,,,,
Data,12,record,timestamp,"944872097",s,position_lat,"390381202",semicircles,position_long,"-1398410621",semicircles,distance,"43796.65",m,altitude,"16.600000000000023",m,speed,"2.165",m/s,unknown,"0",,unknown,"100",,heart_rate,"104",bpm,cadence,"0",rpm,fractional_cadence,"0.0",rpm,enhanced_altitude,"16.600000000000023",m,enhanced_speed,"2.165",m/s,,,,,,,,,,,,,,,,,,,,,,,,,,,,,,,,,,,,,,,,,,,,,,,,,,,,,,,,,,,,,,,,,,,,,,,,,,,,,,,,,,,,,,,,,,,,,,,,,,,,,,,,,,,,,,,,,,,,,,,,,,,,,,,,,,,,,,,,,,,,,,,,,,,,,,,,,,,,,,,,,,,
Data,12,record,timestamp,"944872102",s,position_lat,"390380631",semicircles,position_long,"-1398411812",semicircles,distance,"43807.45",m,altitude,"16.799999999999955",m,speed,"2.519",m/s,unknown,"0",,unknown,"100",,heart_rate,"101",bpm,cadence,"0",rpm,fractional_cadence,"0.0",rpm,enhanced_altitude,"16.799999999999955",m,enhanced_speed,"2.519",m/s,,,,,,,,,,,,,,,,,,,,,,,,,,,,,,,,,,,,,,,,,,,,,,,,,,,,,,,,,,,,,,,,,,,,,,,,,,,,,,,,,,,,,,,,,,,,,,,,,,,,,,,,,,,,,,,,,,,,,,,,,,,,,,,,,,,,,,,,,,,,,,,,,,,,,,,,,,,,,,,,,,,
Data,12,record,timestamp,"944872110",s,position_lat,"390379840",semicircles,position_long,"-1398414328",semicircles,distance,"43828.49",m,altitude,"16.600000000000023",m,speed,"2.463",m/s,unknown,"0",,unknown,"100",,heart_rate,"102",bpm,cadence,"0",rpm,fractional_cadence,"0.0",rpm,enhanced_altitude,"16.600000000000023",m,enhanced_speed,"2.463",m/s,,,,,,,,,,,,,,,,,,,,,,,,,,,,,,,,,,,,,,,,,,,,,,,,,,,,,,,,,,,,,,,,,,,,,,,,,,,,,,,,,,,,,,,,,,,,,,,,,,,,,,,,,,,,,,,,,,,,,,,,,,,,,,,,,,,,,,,,,,,,,,,,,,,,,,,,,,,,,,,,,,,
Definition,5,event,timestamp,1,,data,1,,event,1,,event_type,1,,event_group,1,,unknown,1,,unknown,1,,,,,,,,,,,,,,,,,,,,,,,,,,,,,,,,,,,,,,,,,,,,,,,,,,,,,,,,,,,,,,,,,,,,,,,,,,,,,,,,,,,,,,,,,,,,,,,,,,,,,,,,,,,,,,,,,,,,,,,,,,,,,,,,,,,,,,,,,,,,,,,,,,,,,,,,,,,,,,,,,,,,,,,,,,,,,,,,,,,,,,
Data,5,event,timestamp,"944872114",s,timer_trigger,"0",,event,"0",,event_type,"4",,event_group,"0",,unknown,"255",,unknown,"255",,,,,,,,,,,,,,,,,,,,,,,,,,,,,,,,,,,,,,,,,,,,,,,,,,,,,,,,,,,,,,,,,,,,,,,,,,,,,,,,,,,,,,,,,,,,,,,,,,,,,,,,,,,,,,,,,,,,,,,,,,,,,,,,,,,,,,,,,,,,,,,,,,,,,,,,,,,,,,,,,,,,,,,,,,,,,,,,,,,,,,
Definition,6,device_info,timestamp,1,,serial_number,1,,cum_operating_time,1,,unknown,1,,unknown,1,,unknown,1,,unknown,32,,unknown,1,,unknown,1,,manufacturer,1,,product,1,,software_version,1,,battery_voltage,1,,unknown,1,,ant_device_number,1,,device_index,1,,device_type,1,,hardware_version,1,,unknown,1,,battery_status,1,,ant_transmission_type,1,,ant_network,1,,unknown,1,,source_type,1,,unknown,6,,unknown,1,,,,,,,,,,,,,,,,,,,,,,,,,,,,,,,,,,,,,,,,,,,,,,,,,,,,,,,,,,,,,,,,,,,,,,,,,,,,,,,,,,,,,,,,,,,,,,,,,,,,,,,,,,,,,,,,,,,,,,,,,,,,,
Data,6,device_info,timestamp,"944872114",s,serial_number,"3990288872",,cum_operating_time,"4294967295",s,unknown,"4294967295",,unknown,"4294967295",,unknown,"4294967295",,unknown,"0",,unknown,"4294967295",,manufacturer,"1",,garmin_product,"2988",,software_version,"5.4",,battery_voltage,"65535",V,unknown,"65535",,ant_device_number,"0",,device_index,"0",,device_type,"255",,hardware_version,"255",,unknown,"255",,battery_status,"255",,ant_transmission_type,"0",,ant_network,"255",,unknown,"255",,source_type,"5",,unknown,"255|255|255|255|255|255",,unknown,"255",,,,,,,,,,,,,,,,,,,,,,,,,,,,,,,,,,,,,,,,,,,,,,,,,,,,,,,,,,,,,,,,,,,,,,,,,,,,,,,,,,,,,,,,,,,,,,,,,,,,,,,,,,,,,,,,,,,,,,,,,,,,,,,,
Data,6,device_info,timestamp,"944872114",s,serial_number,"0",,cum_operating_time,"4294967295",s,unknown,"4294967295",,unknown,"4294967295",,unknown,"4294967295",,unknown,"0",,unknown,"4294967295",,manufacturer,"1",,garmin_product,"2988",,software_version,"5.4",,battery_voltage,"65535",V,unknown,"65535",,ant_device_number,"0",,device_index,"1",,device_type,"4",,hardware_version,"255",,unknown,"255",,battery_status,"255",,ant_transmission_type,"0",,ant_network,"255",,unknown,"255",,source_type,"5",,unknown,"255|255|255|255|255|255",,unknown,"255",,,,,,,,,,,,,,,,,,,,,,,,,,,,,,,,,,,,,,,,,,,,,,,,,,,,,,,,,,,,,,,,,,,,,,,,,,,,,,,,,,,,,,,,,,,,,,,,,,,,,,,,,,,,,,,,,,,,,,,,,,,,,,,,
Data,6,device_info,timestamp,"944872114",s,serial_number,"0",,cum_operating_time,"4294967295",s,unknown,"4294967295",,unknown,"4294967295",,unknown,"4294967295",,unknown,"0",,unknown,"4294967295",,manufacturer,"65517",,product,"65535",,software_version,"0.0",,battery_voltage,"65535",V,unknown,"65535",,ant_device_number,"0",,device_index,"3",,device_type,"3",,hardware_version,"255",,unknown,"255",,battery_status,"255",,ant_transmission_type,"0",,ant_network,"255",,unknown,"255",,source_type,"5",,unknown,"255|255|255|255|255|255",,unknown,"255",,,,,,,,,,,,,,,,,,,,,,,,,,,,,,,,,,,,,,,,,,,,,,,,,,,,,,,,,,,,,,,,,,,,,,,,,,,,,,,,,,,,,,,,,,,,,,,,,,,,,,,,,,,,,,,,,,,,,,,,,,,,,,,,
Data,6,device_info,timestamp,"944872114",s,serial_number,"0",,cum_operating_time,"4294967295",s,unknown,"4294967295",,unknown,"4294967295",,unknown,"4294967295",,unknown,"0",,unknown,"4294967295",,manufacturer,"65535",,product,"65535",,software_version,"3.31",,battery_voltage,"65535",V,unknown,"65535",,ant_device_number,"0",,device_index,"4",,device_type,"10",,hardware_version,"255",,unknown,"255",,battery_status,"255",,ant_transmission_type,"0",,ant_network,"255",,unknown,"255",,source_type,"5",,unknown,"255|255|255|255|255|255",,unknown,"255",,,,,,,,,,,,,,,,,,,,,,,,,,,,,,,,,,,,,,,,,,,,,,,,,,,,,,,,,,,,,,,,,,,,,,,,,,,,,,,,,,,,,,,,,,,,,,,,,,,,,,,,,,,,,,,,,,,,,,,,,,,,,,,,
Data,6,device_info,timestamp,"944872114",s,serial_number,"0",,cum_operating_time,"4294967295",s,unknown,"4294967295",,unknown,"4294967295",,unknown,"4294967295",,unknown,"0",,unknown,"4294967295",,manufacturer,"1",,garmin_product,"2989",,software_version,"3.1",,battery_voltage,"65535",V,unknown,"65535",,ant_device_number,"0",,device_index,"5",,device_type,"12",,hardware_version,"255",,unknown,"255",,battery_status,"255",,ant_transmission_type,"0",,ant_network,"255",,unknown,"255",,source_type,"5",,unknown,"255|255|255|255|255|255",,unknown,"255",,,,,,,,,,,,,,,,,,,,,,,,,,,,,,,,,,,,,,,,,,,,,,,,,,,,,,,,,,,,,,,,,,,,,,,,,,,,,,,,,,,,,,,,,,,,,,,,,,,,,,,,,,,,,,,,,,,,,,,,,,,,,,,,
Definition,7,lap,timestamp,1,,start_time,1,,start_position_lat,1,,start_position_long,1,,end_position_lat,1,,end_position_long,1,,total_elapsed_time,1,,total_timer_time,1,,total_distance,1,,total_cycles,1,,unknown,1,,unknown,1,,unknown,1,,unknown,1,,total_work,1,,unknown,1,,message_index,1,,total_calories,1,,avg_speed,1,,max_speed,1,,avg_power,1,,max_power,1,,total_ascent,1,,total_descent,1,,num_lengths,1,,normalized_power,1,,left_right_balance,1,,first_length_index,1,,avg_stroke_distance,1,,num_active_lengths,1,,wkt_step_index,1,,unknown,1,,avg_stance_time_percent,1,,avg_stance_time,1,,unknown,1,,unknown,1,,unknown,1,,unknown,1,,unknown,1,,event,1,,event_type,1,,avg_heart_rate,1,,max_heart_rate,1,,avg_cadence,1,,max_cadence,1,,intensity,1,,lap_trigger,1,,sport,1,,event_group,1,,swim_stroke,1,,sub_sport,1,,avg_temperature,1,,max_temperature,1,,unknown,1,,avg_fractional_cadence,1,,max_fractional_cadence,1,,total_fractional_cycles,1,,unknown,1,,,,,,,,,,,,,,,,,,,,,,,,,,,,,
Data,7,lap,timestamp,"944872114",s,start_time,"944861957",,start_position_lat,"390053103",semicircles,start_position_long,"-1397757454",semicircles,end_position_lat,"390379620",semicircles,end_position_long,"-1398415244",semicircles,total_elapsed_time,"10157.817",s,total_timer_time,"10157.817",s,total_distance,"26196.14",m,total_cycles,"599",cycles,unknown,"390397866",,unknown,"-1397757454",,unknown,"390053103",,unknown,"-1398415244",,total_work,"4294967295",J,unknown,"4294967295",,message_index,"4",,total_calories,"1106",kcal,avg_speed,"2.579",m/s,max_speed,"4.675",m/s,avg_power,"65535",watts,max_power,"65535",watts,total_ascent,"9",m,total_descent,"8",m,num_lengths,"65535",lengths,normalized_power,"65535",watts,left_right_balance,"65535",,first_length_index,"65535",,avg_stroke_distance,"65535",m,num_active_lengths,"65535",lengths,wkt_step_index,"65535",,unknown,"65535",,avg_stance_time_percent,"65535",percent,avg_stance_time,"65535",ms,unknown,"65535",,unknown,"65535",,unknown,"65535",,unknown,"65535",,unknown,"1015",,event,"9",,event_type,"1",,avg_heart_rate,"126",bpm,max_heart_rate,"187",bpm,avg_cadence,"57",rpm,max_cadence,"109",rpm,intensity,"255",,lap_trigger,"7",,sport,"0",,event_group,"255",,swim_stroke,"255",,sub_sport,"0",,avg_temperature,"127",C,max_temperature,"127",C,unknown,"255",,avg_fractional_cadence,"0.40625",rpm,max_fractional_cadence,"0.0",rpm,total_fractional_cycles,"255",cycles,unknown,"127",,enhanced_avg_speed,"2.579",m/s,enhanced_max_speed,"4.675",m/s,,,,,,,,,,,,,,,,,,,,,,
Data,0,unknown,unknown,"944872114",,unknown,"4000|307002|2553832|4119003|2616004|312997|209998",,unknown,"19",,unknown,"4",,unknown,"84|100|117|134|150|167",,unknown,"1",,unknown,"167",,unknown,"81",,unknown,"255",,,,,,,,,,,,,,,,,,,,,,,,,,,,,,,,,,,,,,,,,,,,,,,,,,,,,,,,,,,,,,,,,,,,,,,,,,,,,,,,,,,,,,,,,,,,,,,,,,,,,,,,,,,,,,,,,,,,,,,,,,,,,,,,,,,,,,,,,,,,,,,,,,,,,,,,,,,,,,,,,,,,,,,,,,,,,,,,
Definition,8,unknown,unknown,1,,unknown,1,,unknown,1,,unknown,1,,unknown,1,,unknown,1,,unknown,1,,unknown,1,,unknown,1,,unknown,1,,unknown,1,,unknown,1,,unknown,1,,unknown,1,,unknown,1,,unknown,1,,unknown,1,,unknown,1,,unknown,1,,unknown,1,,unknown,1,,unknown,1,,unknown,1,,unknown,1,,,,,,,,,,,,,,,,,,,,,,,,,,,,,,,,,,,,,,,,,,,,,,,,,,,,,,,,,,,,,,,,,,,,,,,,,,,,,,,,,,,,,,,,,,,,,,,,,,,,,,,,,,,,,,,,,,,,,,,,,,,,,,,,,,,
Data,8,unknown,unknown,"944872114",,unknown,"369600",,unknown,"13971188",,unknown,"140183",,unknown,"110284995",,unknown,"666530",,unknown,"1492115",,unknown,"13959168",,unknown,"0",,unknown,"17551537",,unknown,"4294967295",,unknown,"5760",,unknown,"53311",,unknown,"102",,unknown,"180",,unknown,"255",,unknown,"0",,unknown,"0",,unknown,"0",,unknown,"0",,unknown,"255",,unknown,"255",,unknown,"0",,unknown,"0",,,,,,,,,,,,,,,,,,,,,,,,,,,,,,,,,,,,,,,,,,,,,,,,,,,,,,,,,,,,,,,,,,,,,,,,,,,,,,,,,,,,,,,,,,,,,,,,,,,,,,,,,,,,,,,,,,,,,,,,,,,,,,,,,,,
Definition,9,session,timestamp,1,,start_time,1,,start_position_lat,1,,start_position_long,1,,total_elapsed_time,1,,total_timer_time,1,,total_distance,1,,total_cycles,1,,nec_lat,1,,nec_long,1,,swc_lat,1,,swc_long,1,,unknown,1,,unknown,1,,avg_stroke_count,1,,total_work,1,,unknown,1,,unknown,16,,unknown,1,,message_index,1,,total_calories,1,,avg_speed,1,,max_speed,1,,avg_power,1,,max_power,1,,total_ascent,1,,total_descent,1,,first_lap_index,1,,num_laps,1,,unknown,1,,normalized_power,1,,training_stress_score,1,,intensity_factor,1,,left_right_balance,1,,avg_stroke_distance,1,,pool_length,1,,threshold_power,1,,num_active_lengths,1,,unknown,1,,unknown,1,,avg_stance_time_percent,1,,avg_stance_time,1,,unknown,1,,unknown,1,,unknown,1,,unknown,1,,unknown,1,,unknown,1,,unknown,1,,unknown,1,,event,1,,event_type,1,,sport,1,,sub_sport,1,,avg_heart_rate,1,,max_heart_rate,1,,avg_cadence,1,,max_cadence,1,,total_training_effect,1,,event_group,1,,trigger,1,,swim_stroke,1,,pool_length_unit,1,,avg_temperature,1,,max_temperature,1,,unknown,1,,avg_fractional_cadence,1,,max_fractional_cadence,1,,total_fractional_cycles,1,,unknown,1,,sport_index,1,,unknown,1,,unknown,1,,
Data,9,session,timestamp,"944872114",s,start_time,"944854563",,start_position_lat,"390369713",semicircles,start_position_long,"-1398518623",semicircles,total_elapsed_time,"17551.533",s,total_timer_time,"17551.533",s,total_distance,"43835.96",m,total_cycles,"1027",cycles,nec_lat,"390410650",semicircles,nec_long,"-1397584080",semicircles,swc_lat,"389926830",semicircles,swc_long,"-1398518623",semicircles,unknown,"390348452",,unknown,"-1398431593",,avg_stroke_count,"4294967295",strokes/lap,total_work,"4294967295",J,unknown,"4294967295",,unknown,"Qs|Undefined",,unknown,"0",,message_index,"0",,total_calories,"1688",kcal,avg_speed,"2.498",m/s,max_speed,"4.675",m/s,avg_power,"65535",watts,max_power,"65535",watts,total_ascent,"17",m,total_descent,"8",m,first_lap_index,"0",,num_laps,"5",,unknown,"65535",,normalized_power,"65535",watts,training_stress_score,"65535",tss,intensity_factor,"65535",if,left_right_balance,"65535",,avg_stroke_distance,"65535",m,pool_length,"65535",m,threshold_power,"65535",watts,num_active_lengths,"65535",lengths,unknown,"65535",,unknown,"65535",,avg_stance_time_percent,"65535",percent,avg_stance_time,"65535",ms,unknown,"0",,unknown,"65535",,unknown,"65535",,unknown,"65535",,unknown,"1754",,unknown,"65535",,unknown,"65535",,unknown,"65535",,event,"9",,event_type,"1",,sport,"0",,sub_sport,"0",,avg_heart_rate,"114",bpm,max_heart_rate,"187",bpm,avg_cadence,"58",rpm,max_cadence,"109",rpm,total_training_effect,"255",,event_group,"255",,trigger,"0",,swim_stroke,"255",swim_stroke,pool_length_unit,"255",,avg_temperature,"127",C,max_temperature,"127",C,unknown,"0",,avg_fractional_cadence,"0.0625",rpm,max_fractional_cadence,"0.0",rpm,total_fractional_cycles,"255",cycles,unknown,"255",,sport_index,"255",,unknown,"127",,unknown,"0",,enhanced_avg_speed,"2.498",m/s,enhanced_max_speed,"4.675",m/s,
Data,0,unknown,unknown,"944872114",,unknown,"1318993|2877213|5138523|4885009|2727006|358994|209998",,unknown,"18",,unknown,"0",,unknown,"84|100|117|134|150|167",,unknown,"1",,unknown,"167",,unknown,"81",,unknown,"255",,,,,,,,,,,,,,,,,,,,,,,,,,,,,,,,,,,,,,,,,,,,,,,,,,,,,,,,,,,,,,,,,,,,,,,,,,,,,,,,,,,,,,,,,,,,,,,,,,,,,,,,,,,,,,,,,,,,,,,,,,,,,,,,,,,,,,,,,,,,,,,,,,,,,,,,,,,,,,,,,,,,,,,,,,,,,,,,,,,,,,,,,,,,,,,,,,,,,,,,
Definition,10,activity,timestamp,1,,total_timer_time,1,,local_timestamp,1,,num_sessions,1,,type,1,,event,1,,event_type,1,,event_group,1,,unknown,1,,,,,,,,,,,,,,,,,,,,,,,,,,,,,,,,,,,,,,,,,,,,,,,,,,,,,,,,,,,,,,,,,,,,,,,,,,,,,,,,,,,,,,,,,,,,,,,,,,,,,,,,,,,,,,,,,,,,,,,,,,,,,,,,,,,,,,,,,,,,,,,,,,,,,,,,,,,,,,,,,,,,,,,,,,,,,,,,,,,,,,,,,,,,,,,,,,,,,,,,
Data,10,activity,timestamp,"944872114",,total_timer_time,"17551.533",s,local_timestamp,"944843314",,num_sessions,"1",,type,"0",,event,"26",,event_type,"1",,event_group,"255",,unknown,"255",,,,,,,,,,,,,,,,,,,,,,,,,,,,,,,,,,,,,,,,,,,,,,,,,,,,,,,,,,,,,,,,,,,,,,,,,,,,,,,,,,,,,,,,,,,,,,,,,,,,,,,,,,,,,,,,,,,,,,,,,,,,,,,,,,,,,,,,,,,,,,,,,,,,,,,,,,,,,,,,,,,,,,,,,,,,,,,,,,,,,,,,,,,,,,,,,,,,,,,,
